1,1,519,278,174,123,-1,0,0,-1
1,2,1514,381,200,158,-1,0,0,-1
1,3,1115,420,783,187,-1,0,0,-1
2,1,519,278,174,123,-1,0,0,-1
2,2,1514,381,200,158,-1,0,0,-1
2,3,1115,420,783,187,-1,0,0,-1
3,1,519,278,174,123,-1,0,0,-1
3,2,1514,381,200,158,-1,0,0,-1
3,3,1115,420,783,187,-1,0,0,-1
4,1,519,278,174,123,-1,0,0,-1
4,2,1514,381,200,158,-1,0,0,-1
4,3,1115,420,783,187,-1,0,0,-1
5,1,519,278,174,123,-1,0,0,-1
5,2,1514,381,200,158,-1,0,0,-1
5,3,1115,420,782,187,-1,0,0,-1
6,1,519,278,174,123,-1,0,0,-1
6,2,1514,381,200,158,-1,0,0,-1
6,3,1115,420,783,187,-1,0,0,-1
7,1,519,278,174,123,-1,0,0,-1
7,2,1514,381,200,158,-1,0,0,-1
7,3,1115,420,783,187,-1,0,0,-1
8,1,519,278,174,123,-1,0,0,-1
8,2,1514,381,200,158,-1,0,0,-1
8,3,1115,420,783,187,-1,0,0,-1
9,1,519,278,174,123,-1,0,0,-1
9,2,1514,381,200,158,-1,0,0,-1
9,3,1115,420,783,187,-1,0,0,-1
10,1,519,278,174,123,-1,0,0,-1
10,2,1514,381,200,158,-1,0,0,-1
10,3,1115,420,783,187,-1,0,0,-1
11,1,519,278,174,123,-1,0,0,-1
11,2,1514,381,200,158,-1,0,0,-1
11,3,1115,420,783,187,-1,0,0,-1
12,1,519,278,174,123,-1,0,0,-1
12,2,1514,381,200,158,-1,0,0,-1
12,3,1115,420,783,187,-1,0,0,-1
13,1,519,278,174,123,-1,0,0,-1
13,2,1514,381,200,158,-1,0,0,-1
13,3,1115,420,783,187,-1,0,0,-1
14,1,519,278,174,123,-1,0,0,-1
14,2,1514,381,200,158,-1,0,0,-1
14,3,1115,420,783,187,-1,0,0,-1
15,1,519,278,174,123,-1,0,0,-1
15,2,1514,381,200,158,-1,0,0,-1
15,3,1115,420,783,187,-1,0,0,-1
16,1,519,278,174,123,-1,0,0,-1
16,2,1514,381,200,158,-1,0,0,-1
16,3,1115,420,783,187,-1,0,0,-1
17,1,519,278,174,123,-1,0,0,-1
17,2,1514,381,200,158,-1,0,0,-1
17,3,1115,420,782,187,-1,0,0,-1
18,1,519,278,174,123,-1,0,0,-1
18,2,1514,381,200,158,-1,0,0,-1
18,3,1115,420,782,187,-1,0,0,-1
19,1,519,278,174,123,-1,0,0,-1
19,2,1514,381,200,158,-1,0,0,-1
19,3,1115,420,782,187,-1,0,0,-1
20,1,519,278,174,123,-1,0,0,-1
20,2,1514,381,200,158,-1,0,0,-1
20,3,1115,420,783,187,-1,0,0,-1
21,1,519,278,174,123,-1,0,0,-1
21,2,1514,381,200,158,-1,0,0,-1
21,3,1115,420,783,187,-1,0,0,-1
22,1,519,278,174,123,-1,0,0,-1
22,2,1514,381,200,158,-1,0,0,-1
22,3,1115,420,783,187,-1,0,0,-1
23,1,519,278,174,123,-1,0,0,-1
23,2,1514,381,200,158,-1,0,0,-1
23,3,1115,420,783,187,-1,0,0,-1
24,1,519,278,174,123,-1,0,0,-1
24,2,1514,381,200,158,-1,0,0,-1
24,3,1115,420,783,187,-1,0,0,-1
25,1,519,278,174,123,-1,0,0,-1
25,2,1514,381,200,158,-1,0,0,-1
25,3,1115,420,783,187,-1,0,0,-1
26,1,519,278,174,123,-1,0,0,-1
26,2,1514,381,200,158,-1,0,0,-1
26,3,1115,420,783,187,-1,0,0,-1
27,1,519,278,174,123,-1,0,0,-1
27,2,1514,381,200,158,-1,0,0,-1
27,3,1115,420,783,187,-1,0,0,-1
28,1,519,278,174,123,-1,0,0,-1
28,2,1514,381,200,158,-1,0,0,-1
28,3,1115,420,783,187,-1,0,0,-1
29,1,519,278,174,123,-1,0,0,-1
29,2,1514,381,200,158,-1,0,0,-1
29,3,1115,420,783,187,-1,0,0,-1
30,1,519,278,174,123,-1,0,0,-1
30,2,1514,381,200,158,-1,0,0,-1
30,3,1115,420,783,187,-1,0,0,-1
31,1,519,278,174,123,-1,0,0,-1
31,2,1514,381,200,158,-1,0,0,-1
31,3,1115,420,782,187,-1,0,0,-1
32,1,519,278,174,123,-1,0,0,-1
32,2,1514,381,200,158,-1,0,0,-1
32,3,1115,420,782,187,-1,0,0,-1
33,1,519,278,174,123,-1,0,0,-1
33,2,1514,381,200,158,-1,0,0,-1
33,3,1115,420,783,187,-1,0,0,-1
34,1,519,278,174,123,-1,0,0,-1
34,2,1514,381,200,158,-1,0,0,-1
34,3,1115,420,783,187,-1,0,0,-1
35,1,519,278,174,123,-1,0,0,-1
35,2,1514,381,200,158,-1,0,0,-1
35,3,1115,420,783,187,-1,0,0,-1
36,1,519,278,174,123,-1,0,0,-1
36,2,1514,381,200,158,-1,0,0,-1
36,3,1115,420,782,187,-1,0,0,-1
37,1,519,278,174,123,-1,0,0,-1
37,2,1514,381,200,158,-1,0,0,-1
37,3,1115,420,783,187,-1,0,0,-1
38,1,519,278,174,123,-1,0,0,-1
38,2,1514,381,200,158,-1,0,0,-1
38,3,1115,420,783,187,-1,0,0,-1
39,1,519,278,174,123,-1,0,0,-1
39,2,1514,381,200,158,-1,0,0,-1
39,3,1115,420,783,187,-1,0,0,-1
40,1,519,278,174,123,-1,0,0,-1
40,2,1514,381,200,158,-1,0,0,-1
40,3,1115,420,783,187,-1,0,0,-1
41,1,519,278,174,123,-1,0,0,-1
41,2,1514,381,200,158,-1,0,0,-1
41,3,1115,420,783,187,-1,0,0,-1
42,1,519,278,174,123,-1,0,0,-1
42,2,1514,381,200,158,-1,0,0,-1
42,3,1115,420,783,187,-1,0,0,-1
43,1,519,278,174,123,-1,0,0,-1
43,2,1514,381,200,158,-1,0,0,-1
43,3,1115,420,783,187,-1,0,0,-1
44,1,519,278,174,123,-1,0,0,-1
44,2,1514,381,200,158,-1,0,0,-1
44,3,1115,420,783,187,-1,0,0,-1
45,1,519,278,174,123,-1,0,0,-1
45,2,1514,381,200,158,-1,0,0,-1
45,3,1115,420,783,187,-1,0,0,-1
46,1,519,278,174,123,-1,0,0,-1
46,2,1514,381,200,158,-1,0,0,-1
46,3,1115,420,783,187,-1,0,0,-1
47,1,519,278,174,123,-1,0,0,-1
47,2,1514,381,200,158,-1,0,0,-1
47,3,1115,420,783,187,-1,0,0,-1
48,1,519,278,174,123,-1,0,0,-1
48,2,1514,381,200,158,-1,0,0,-1
48,3,1115,420,782,187,-1,0,0,-1
49,1,519,278,174,123,-1,0,0,-1
49,2,1514,381,200,158,-1,0,0,-1
49,3,1115,420,783,187,-1,0,0,-1
50,1,519,278,174,123,-1,0,0,-1
50,2,1514,381,200,158,-1,0,0,-1
50,3,1115,420,783,187,-1,0,0,-1
51,1,517,280,173,122,-1,0,0,-1
51,2,1514,381,200,158,-1,0,0,-1
51,3,1115,420,783,187,-1,0,0,-1
52,1,517,281,173,122,-1,0,0,-1
52,2,1514,381,200,158,-1,0,0,-1
52,3,1115,420,783,187,-1,0,0,-1
53,1,516,282,173,122,-1,0,0,-1
53,2,1514,381,200,158,-1,0,0,-1
53,3,1115,420,783,187,-1,0,0,-1
54,1,514,283,174,123,-1,0,0,-1
54,2,1514,381,200,158,-1,0,0,-1
54,3,1115,420,783,187,-1,0,0,-1
55,1,513,283,175,124,-1,0,0,-1
55,2,1514,381,200,158,-1,0,0,-1
55,3,1115,420,783,187,-1,0,0,-1
56,1,512,284,175,124,-1,0,0,-1
56,2,1514,381,200,158,-1,0,0,-1
56,3,1115,420,783,187,-1,0,0,-1
57,1,510,286,175,124,-1,0,0,-1
57,2,1514,381,200,158,-1,0,0,-1
57,3,1115,420,783,187,-1,0,0,-1
58,1,510,286,174,123,-1,0,0,-1
58,2,1514,381,200,158,-1,0,0,-1
58,3,1115,420,783,187,-1,0,0,-1
59,1,508,288,174,123,-1,0,0,-1
59,2,1514,381,200,158,-1,0,0,-1
59,3,1115,420,783,187,-1,0,0,-1
60,1,508,289,173,122,-1,0,0,-1
60,2,1514,381,200,158,-1,0,0,-1
60,3,1115,420,783,187,-1,0,0,-1
61,1,507,290,173,122,-1,0,0,-1
61,2,1514,381,200,158,-1,0,0,-1
61,3,1115,420,783,187,-1,0,0,-1
62,1,506,293,171,121,-1,0,0,-1
62,2,1514,381,200,158,-1,0,0,-1
62,3,1115,420,783,187,-1,0,0,-1
63,1,506,294,169,120,-1,0,0,-1
63,2,1514,381,200,158,-1,0,0,-1
63,3,1115,420,783,187,-1,0,0,-1
64,1,505,295,170,120,-1,0,0,-1
64,2,1514,381,200,158,-1,0,0,-1
64,3,1115,420,783,187,-1,0,0,-1
65,1,504,294,175,124,-1,0,0,-1
65,2,1514,381,200,158,-1,0,0,-1
65,3,1115,420,783,187,-1,0,0,-1
66,1,505,299,166,117,-1,0,0,-1
66,2,1514,381,200,158,-1,0,0,-1
66,3,1115,420,783,187,-1,0,0,-1
67,1,505,301,164,116,-1,0,0,-1
67,2,1514,381,200,158,-1,0,0,-1
67,3,1115,420,783,187,-1,0,0,-1
68,1,505,302,161,114,-1,0,0,-1
68,2,1514,381,200,158,-1,0,0,-1
68,3,1115,420,783,187,-1,0,0,-1
69,1,505,303,154,119,-1,0,0,-1
69,2,1514,381,200,158,-1,0,0,-1
69,3,1115,420,783,187,-1,0,0,-1
70,1,504,299,148,129,-1,0,0,-1
70,2,1514,381,200,158,-1,0,0,-1
70,3,1115,420,783,187,-1,0,0,-1
71,1,504,300,147,128,-1,0,0,-1
71,2,1514,381,200,158,-1,0,0,-1
71,3,1115,420,783,187,-1,0,0,-1
72,1,504,301,147,128,-1,0,0,-1
72,2,1514,381,200,158,-1,0,0,-1
72,3,1115,420,783,187,-1,0,0,-1
73,1,505,303,147,128,-1,0,0,-1
73,2,1514,381,200,158,-1,0,0,-1
73,3,1115,420,783,187,-1,0,0,-1
74,1,506,304,138,128,-1,0,0,-1
74,2,1514,381,200,158,-1,0,0,-1
74,3,1115,420,783,187,-1,0,0,-1
75,1,507,306,137,127,-1,0,0,-1
75,2,1514,381,200,158,-1,0,0,-1
75,3,1115,420,783,187,-1,0,0,-1
76,1,508,308,136,126,-1,0,0,-1
76,2,1514,381,200,158,-1,0,0,-1
76,3,1115,420,783,187,-1,0,0,-1
77,1,508,307,137,128,-1,0,0,-1
77,2,1514,381,200,158,-1,0,0,-1
77,3,1115,420,783,187,-1,0,0,-1
78,1,511,310,137,127,-1,0,0,-1
78,2,1514,381,200,158,-1,0,0,-1
78,3,1115,420,783,187,-1,0,0,-1
79,1,514,312,118,125,-1,0,0,-1
79,2,1514,381,200,158,-1,0,0,-1
79,3,1115,420,783,187,-1,0,0,-1
80,1,515,313,118,125,-1,0,0,-1
80,2,1514,381,200,158,-1,0,0,-1
80,3,1115,420,783,187,-1,0,0,-1
81,1,517,316,116,123,-1,0,0,-1
81,2,1514,381,200,158,-1,0,0,-1
81,3,1115,420,783,187,-1,0,0,-1
82,1,517,315,118,125,-1,0,0,-1
82,2,1514,381,200,158,-1,0,0,-1
82,3,1115,420,783,187,-1,0,0,-1
83,1,517,315,118,125,-1,0,0,-1
83,2,1514,381,200,158,-1,0,0,-1
83,3,1115,420,783,187,-1,0,0,-1
84,1,522,317,116,123,-1,0,0,-1
84,2,1514,381,200,158,-1,0,0,-1
84,3,1115,420,783,187,-1,0,0,-1
85,1,523,319,116,123,-1,0,0,-1
85,2,1514,381,200,158,-1,0,0,-1
85,3,1115,420,783,187,-1,0,0,-1
86,1,524,320,115,122,-1,0,0,-1
86,2,1514,381,200,158,-1,0,0,-1
86,3,1115,420,783,187,-1,0,0,-1
87,1,525,321,115,122,-1,0,0,-1
87,2,1514,381,200,158,-1,0,0,-1
87,3,1115,420,783,187,-1,0,0,-1
88,1,526,322,115,122,-1,0,0,-1
88,2,1514,381,200,158,-1,0,0,-1
88,3,1115,420,783,187,-1,0,0,-1
89,1,527,323,115,122,-1,0,0,-1
89,2,1514,381,200,158,-1,0,0,-1
89,3,1115,420,783,187,-1,0,0,-1
90,1,529,325,115,122,-1,0,0,-1
90,2,1514,381,200,158,-1,0,0,-1
90,3,1115,420,783,187,-1,0,0,-1
91,1,530,325,117,123,-1,0,0,-1
91,2,1514,381,200,158,-1,0,0,-1
91,3,1115,420,783,187,-1,0,0,-1
92,1,531,325,117,124,-1,0,0,-1
92,2,1514,381,200,158,-1,0,0,-1
92,3,1115,420,783,187,-1,0,0,-1
93,1,532,326,119,126,-1,0,0,-1
93,2,1514,381,200,158,-1,0,0,-1
93,3,1115,420,783,187,-1,0,0,-1
94,1,533,327,119,126,-1,0,0,-1
94,2,1514,381,200,158,-1,0,0,-1
94,3,1115,420,783,187,-1,0,0,-1
95,1,535,327,120,127,-1,0,0,-1
95,2,1514,381,200,158,-1,0,0,-1
95,3,1115,420,783,187,-1,0,0,-1
96,1,537,327,121,129,-1,0,0,-1
96,2,1514,381,200,158,-1,0,0,-1
96,3,1115,420,783,187,-1,0,0,-1
97,1,537,328,122,130,-1,0,0,-1
97,2,1514,381,200,158,-1,0,0,-1
97,3,1115,420,783,187,-1,0,0,-1
98,1,540,328,124,131,-1,0,0,-1
98,2,1514,381,200,158,-1,0,0,-1
98,3,1115,420,782,187,-1,0,0,-1
99,1,541,328,113,133,-1,0,0,-1
99,2,1514,381,200,158,-1,0,0,-1
99,3,1115,420,783,187,-1,0,0,-1
100,1,542,328,114,134,-1,0,0,-1
100,2,1514,381,200,158,-1,0,0,-1
100,3,1115,420,783,187,-1,0,0,-1
101,1,544,328,116,136,-1,0,0,-1
101,2,1514,381,200,158,-1,0,0,-1
101,3,1115,420,783,187,-1,0,0,-1
102,1,548,330,115,135,-1,0,0,-1
102,2,1514,381,200,158,-1,0,0,-1
102,3,1115,420,783,187,-1,0,0,-1
103,1,531,331,135,134,-1,0,0,-1
103,2,1514,381,200,158,-1,0,0,-1
103,3,1115,420,783,187,-1,0,0,-1
104,1,528,333,142,134,-1,0,0,-1
104,2,1514,381,200,158,-1,0,0,-1
104,3,1115,420,783,187,-1,0,0,-1
105,1,529,333,144,136,-1,0,0,-1
105,2,1514,381,200,158,-1,0,0,-1
105,3,1115,420,783,187,-1,0,0,-1
106,1,527,332,150,138,-1,0,0,-1
106,2,1514,381,200,158,-1,0,0,-1
106,3,1115,420,783,187,-1,0,0,-1
107,1,528,331,153,141,-1,0,0,-1
107,2,1514,381,200,158,-1,0,0,-1
107,3,1115,420,783,187,-1,0,0,-1
108,1,530,331,155,142,-1,0,0,-1
108,2,1514,381,200,158,-1,0,0,-1
108,3,1115,420,783,187,-1,0,0,-1
109,1,536,333,153,141,-1,0,0,-1
109,2,1514,381,200,158,-1,0,0,-1
109,3,1115,420,783,187,-1,0,0,-1
110,1,538,333,154,142,-1,0,0,-1
110,2,1514,381,200,158,-1,0,0,-1
110,3,1115,420,783,187,-1,0,0,-1
111,1,516,335,180,136,-1,0,0,-1
111,2,1514,381,200,158,-1,0,0,-1
111,3,1115,420,783,187,-1,0,0,-1
112,1,517,335,183,138,-1,0,0,-1
112,2,1514,381,200,158,-1,0,0,-1
112,3,1115,420,783,187,-1,0,0,-1
113,1,517,334,187,141,-1,0,0,-1
113,2,1514,381,200,158,-1,0,0,-1
113,3,1115,420,783,187,-1,0,0,-1
114,1,520,334,188,142,-1,0,0,-1
114,2,1514,381,200,158,-1,0,0,-1
114,3,1115,420,783,187,-1,0,0,-1
115,1,519,332,195,147,-1,0,0,-1
115,2,1514,381,200,158,-1,0,0,-1
115,3,1115,420,783,187,-1,0,0,-1
116,1,508,341,211,128,-1,0,0,-1
116,2,1514,381,200,158,-1,0,0,-1
116,3,1115,420,783,187,-1,0,0,-1
117,1,509,341,216,131,-1,0,0,-1
117,2,1514,381,200,158,-1,0,0,-1
117,3,1115,420,783,187,-1,0,0,-1
118,1,511,341,218,132,-1,0,0,-1
118,2,1514,381,200,158,-1,0,0,-1
118,3,1115,420,783,187,-1,0,0,-1
119,1,511,340,223,135,-1,0,0,-1
119,2,1514,381,200,158,-1,0,0,-1
119,3,1115,420,783,187,-1,0,0,-1
120,1,515,340,223,135,-1,0,0,-1
120,2,1514,381,200,158,-1,0,0,-1
120,3,1115,420,783,187,-1,0,0,-1
121,1,512,339,228,139,-1,0,0,-1
121,2,1514,381,200,158,-1,0,0,-1
121,3,1115,420,783,187,-1,0,0,-1
122,1,515,342,231,133,-1,0,0,-1
122,2,1514,381,200,158,-1,0,0,-1
122,3,1115,420,783,187,-1,0,0,-1
123,1,517,342,236,136,-1,0,0,-1
123,2,1514,381,200,158,-1,0,0,-1
123,3,1115,420,783,187,-1,0,0,-1
124,1,517,341,239,138,-1,0,0,-1
124,2,1514,381,200,158,-1,0,0,-1
124,3,1115,420,783,187,-1,0,0,-1
125,1,519,341,242,140,-1,0,0,-1
125,2,1514,381,200,158,-1,0,0,-1
125,3,1115,420,783,187,-1,0,0,-1
126,1,515,344,256,138,-1,0,0,-1
126,2,1514,381,200,158,-1,0,0,-1
126,3,1115,420,783,187,-1,0,0,-1
127,1,516,343,260,140,-1,0,0,-1
127,2,1514,381,200,158,-1,0,0,-1
127,3,1115,420,783,187,-1,0,0,-1
128,1,519,343,263,142,-1,0,0,-1
128,2,1514,381,200,158,-1,0,0,-1
128,3,1115,420,783,187,-1,0,0,-1
129,1,515,343,275,144,-1,0,0,-1
129,2,1514,381,200,158,-1,0,0,-1
129,3,1115,420,783,187,-1,0,0,-1
130,1,516,343,278,146,-1,0,0,-1
130,2,1514,381,200,158,-1,0,0,-1
130,3,1115,420,783,187,-1,0,0,-1
131,1,518,342,283,148,-1,0,0,-1
131,2,1514,381,200,158,-1,0,0,-1
131,3,1115,420,783,187,-1,0,0,-1
132,1,519,342,287,151,-1,0,0,-1
132,2,1514,381,200,158,-1,0,0,-1
132,3,1115,420,783,187,-1,0,0,-1
133,1,521,341,292,153,-1,0,0,-1
133,2,1514,381,200,158,-1,0,0,-1
133,3,1115,420,783,187,-1,0,0,-1
134,1,521,354,298,130,-1,0,0,-1
134,2,1514,381,200,158,-1,0,0,-1
134,3,1115,420,783,187,-1,0,0,-1
135,1,523,354,302,132,-1,0,0,-1
135,2,1514,381,200,158,-1,0,0,-1
135,3,1115,420,783,187,-1,0,0,-1
136,1,525,354,305,133,-1,0,0,-1
136,2,1514,381,200,158,-1,0,0,-1
136,3,1115,420,783,187,-1,0,0,-1
137,1,528,354,309,135,-1,0,0,-1
137,2,1514,381,200,158,-1,0,0,-1
137,3,1116,420,782,187,-1,0,0,-1
138,1,530,354,311,136,-1,0,0,-1
138,2,1514,381,200,158,-1,0,0,-1
138,3,1115,420,783,187,-1,0,0,-1
139,1,532,354,315,137,-1,0,0,-1
139,2,1514,381,200,158,-1,0,0,-1
139,3,1115,420,783,187,-1,0,0,-1
140,1,533,352,321,140,-1,0,0,-1
140,2,1514,381,200,158,-1,0,0,-1
140,3,1115,420,783,187,-1,0,0,-1
141,1,537,353,320,139,-1,0,0,-1
141,2,1514,381,200,158,-1,0,0,-1
141,3,1115,420,783,187,-1,0,0,-1
142,1,539,352,327,143,-1,0,0,-1
142,2,1514,381,200,158,-1,0,0,-1
142,3,1115,420,783,187,-1,0,0,-1
143,1,547,354,319,139,-1,0,0,-1
143,2,1514,381,200,158,-1,0,0,-1
143,3,1115,420,782,187,-1,0,0,-1
144,1,550,355,321,140,-1,0,0,-1
144,2,1514,381,200,158,-1,0,0,-1
144,3,1115,420,783,187,-1,0,0,-1
145,1,554,355,324,141,-1,0,0,-1
145,2,1514,381,200,158,-1,0,0,-1
145,3,1115,420,783,187,-1,0,0,-1
146,1,556,355,325,142,-1,0,0,-1
146,2,1514,381,200,158,-1,0,0,-1
146,3,1115,420,782,187,-1,0,0,-1
147,1,560,355,328,143,-1,0,0,-1
147,2,1514,381,200,158,-1,0,0,-1
147,3,1115,420,783,187,-1,0,0,-1
148,1,563,355,330,144,-1,0,0,-1
148,2,1514,381,200,158,-1,0,0,-1
148,3,1115,420,783,187,-1,0,0,-1
149,1,566,355,331,144,-1,0,0,-1
149,2,1514,381,200,158,-1,0,0,-1
149,3,1115,420,782,187,-1,0,0,-1
150,1,572,355,333,145,-1,0,0,-1
150,2,1514,381,200,158,-1,0,0,-1
150,3,1115,420,783,187,-1,0,0,-1
151,1,566,359,341,142,-1,0,0,-1
151,2,1514,381,200,158,-1,0,0,-1
151,3,1115,420,783,187,-1,0,0,-1
152,1,572,359,344,143,-1,0,0,-1
152,2,1514,381,200,158,-1,0,0,-1
152,3,1115,420,783,187,-1,0,0,-1
153,1,574,359,345,144,-1,0,0,-1
153,2,1514,381,200,158,-1,0,0,-1
153,3,1115,420,782,187,-1,0,0,-1
154,1,577,359,346,144,-1,0,0,-1
154,2,1514,381,200,158,-1,0,0,-1
154,3,1115,420,783,187,-1,0,0,-1
155,1,583,360,349,145,-1,0,0,-1
155,2,1514,381,200,158,-1,0,0,-1
155,3,1115,420,783,187,-1,0,0,-1
156,1,585,360,348,145,-1,0,0,-1
156,2,1514,381,200,158,-1,0,0,-1
156,3,1115,420,783,187,-1,0,0,-1
157,1,591,360,348,145,-1,0,0,-1
157,2,1514,381,200,158,-1,0,0,-1
157,3,1115,420,783,187,-1,0,0,-1
158,1,596,361,349,145,-1,0,0,-1
158,2,1514,381,200,158,-1,0,0,-1
158,3,1115,420,782,187,-1,0,0,-1
159,1,598,361,349,145,-1,0,0,-1
159,2,1514,381,200,158,-1,0,0,-1
159,3,1115,420,783,187,-1,0,0,-1
160,1,605,361,350,146,-1,0,0,-1
160,2,1514,381,200,158,-1,0,0,-1
160,3,1115,420,783,187,-1,0,0,-1
161,1,609,362,350,146,-1,0,0,-1
161,2,1514,381,200,158,-1,0,0,-1
161,3,1115,420,782,187,-1,0,0,-1
162,1,612,362,351,146,-1,0,0,-1
162,2,1514,381,200,158,-1,0,0,-1
162,3,1115,420,783,187,-1,0,0,-1
163,1,618,363,351,146,-1,0,0,-1
163,2,1514,381,200,158,-1,0,0,-1
163,3,1115,420,783,187,-1,0,0,-1
164,1,621,363,351,146,-1,0,0,-1
164,2,1514,381,200,158,-1,0,0,-1
164,3,1115,420,783,187,-1,0,0,-1
165,1,621,363,351,146,-1,0,0,-1
165,2,1514,381,200,158,-1,0,0,-1
165,3,1115,420,783,187,-1,0,0,-1
166,1,626,364,352,146,-1,0,0,-1
166,2,1514,381,200,158,-1,0,0,-1
166,3,1115,420,783,187,-1,0,0,-1
167,1,631,364,351,146,-1,0,0,-1
167,2,1514,381,200,158,-1,0,0,-1
167,3,1115,420,783,187,-1,0,0,-1
168,1,634,364,352,146,-1,0,0,-1
168,2,1514,381,200,158,-1,0,0,-1
168,3,1115,420,783,187,-1,0,0,-1
169,1,640,365,352,147,-1,0,0,-1
169,2,1514,381,200,158,-1,0,0,-1
169,3,1115,420,783,187,-1,0,0,-1
170,1,644,365,353,147,-1,0,0,-1
170,2,1514,381,200,158,-1,0,0,-1
170,3,1115,420,783,187,-1,0,0,-1
171,1,644,366,356,147,-1,0,0,-1
171,2,1514,381,200,158,-1,0,0,-1
171,3,1115,420,783,187,-1,0,0,-1
172,1,651,366,357,147,-1,0,0,-1
172,2,1514,381,200,158,-1,0,0,-1
172,3,1115,420,783,187,-1,0,0,-1
173,1,654,367,356,147,-1,0,0,-1
173,2,1514,381,200,158,-1,0,0,-1
173,3,1115,420,783,187,-1,0,0,-1
174,1,658,367,356,147,-1,0,0,-1
174,2,1514,381,200,158,-1,0,0,-1
174,3,1115,420,783,187,-1,0,0,-1
175,1,665,368,356,147,-1,0,0,-1
175,2,1514,381,200,158,-1,0,0,-1
175,3,1115,420,783,187,-1,0,0,-1
176,1,668,368,356,147,-1,0,0,-1
176,2,1514,381,200,158,-1,0,0,-1
176,3,1115,420,783,187,-1,0,0,-1
177,1,673,369,355,147,-1,0,0,-1
177,2,1514,381,200,158,-1,0,0,-1
177,3,1115,420,783,187,-1,0,0,-1
178,1,679,370,356,147,-1,0,0,-1
178,2,1514,381,200,158,-1,0,0,-1
178,3,1115,420,783,187,-1,0,0,-1
179,1,682,370,355,147,-1,0,0,-1
179,2,1514,381,200,158,-1,0,0,-1
179,3,1115,420,783,187,-1,0,0,-1
180,1,688,371,355,147,-1,0,0,-1
180,2,1514,381,200,158,-1,0,0,-1
180,3,1115,420,783,187,-1,0,0,-1
181,1,693,371,355,146,-1,0,0,-1
181,2,1514,381,200,158,-1,0,0,-1
181,3,1115,420,783,187,-1,0,0,-1
182,1,695,372,355,147,-1,0,0,-1
182,2,1514,381,200,158,-1,0,0,-1
182,3,1115,420,783,187,-1,0,0,-1
183,1,703,372,356,147,-1,0,0,-1
183,2,1514,381,200,158,-1,0,0,-1
183,3,1115,420,783,187,-1,0,0,-1
184,1,705,373,356,147,-1,0,0,-1
184,2,1514,381,200,158,-1,0,0,-1
184,3,1115,420,783,187,-1,0,0,-1
185,1,709,373,356,147,-1,0,0,-1
185,2,1514,381,200,158,-1,0,0,-1
185,3,1115,420,783,187,-1,0,0,-1
186,1,716,374,356,147,-1,0,0,-1
186,2,1514,381,200,158,-1,0,0,-1
186,3,1115,420,783,187,-1,0,0,-1
187,1,718,374,360,147,-1,0,0,-1
187,2,1514,381,200,158,-1,0,0,-1
187,3,1115,420,783,187,-1,0,0,-1
188,1,723,375,360,147,-1,0,0,-1
188,2,1514,381,200,158,-1,0,0,-1
188,3,1115,420,783,187,-1,0,0,-1
189,1,730,376,359,147,-1,0,0,-1
189,2,1514,381,200,158,-1,0,0,-1
189,3,1115,420,783,187,-1,0,0,-1
190,1,732,376,359,147,-1,0,0,-1
190,2,1514,381,200,158,-1,0,0,-1
190,3,1115,420,783,187,-1,0,0,-1
191,1,738,377,358,146,-1,0,0,-1
191,2,1514,381,200,158,-1,0,0,-1
191,3,1115,420,783,187,-1,0,0,-1
192,1,744,378,358,146,-1,0,0,-1
192,2,1514,381,200,158,-1,0,0,-1
192,3,1115,420,783,187,-1,0,0,-1
193,1,746,378,357,146,-1,0,0,-1
193,2,1514,381,200,158,-1,0,0,-1
193,3,1115,420,783,187,-1,0,0,-1
194,1,752,379,357,146,-1,0,0,-1
194,2,1514,381,200,158,-1,0,0,-1
194,3,1115,420,783,187,-1,0,0,-1
195,1,758,380,356,146,-1,0,0,-1
195,2,1514,381,200,158,-1,0,0,-1
195,3,1115,420,783,187,-1,0,0,-1
196,1,760,380,356,145,-1,0,0,-1
196,2,1514,381,200,158,-1,0,0,-1
196,3,1115,420,783,187,-1,0,0,-1
197,1,767,381,356,145,-1,0,0,-1
197,2,1514,381,200,158,-1,0,0,-1
197,3,1115,420,783,187,-1,0,0,-1
198,1,771,382,355,145,-1,0,0,-1
198,2,1514,381,200,158,-1,0,0,-1
198,3,1115,420,783,187,-1,0,0,-1
199,1,774,382,355,145,-1,0,0,-1
199,2,1514,381,200,158,-1,0,0,-1
199,3,1115,420,783,187,-1,0,0,-1
200,1,781,384,355,145,-1,0,0,-1
200,2,1514,381,200,158,-1,0,0,-1
200,3,1115,420,783,187,-1,0,0,-1
201,1,783,384,354,145,-1,0,0,-1
201,2,1514,381,200,158,-1,0,0,-1
201,3,1115,420,783,187,-1,0,0,-1
202,1,790,385,353,144,-1,0,0,-1
202,2,1514,381,200,158,-1,0,0,-1
202,3,1115,420,783,187,-1,0,0,-1
203,1,795,386,353,144,-1,0,0,-1
203,2,1514,381,200,158,-1,0,0,-1
203,3,1115,420,783,187,-1,0,0,-1
204,1,797,386,353,144,-1,0,0,-1
204,2,1514,381,200,158,-1,0,0,-1
204,3,1115,420,783,187,-1,0,0,-1
205,1,804,387,353,144,-1,0,0,-1
205,2,1514,381,200,158,-1,0,0,-1
205,3,1115,420,783,187,-1,0,0,-1
206,1,808,388,353,144,-1,0,0,-1
206,2,1514,381,200,158,-1,0,0,-1
206,3,1115,420,783,187,-1,0,0,-1
207,1,811,388,355,135,-1,0,0,-1
207,2,1514,381,200,158,-1,0,0,-1
207,3,1115,420,783,187,-1,0,0,-1
208,1,817,389,355,135,-1,0,0,-1
208,2,1514,381,200,158,-1,0,0,-1
208,3,1115,420,783,187,-1,0,0,-1
209,1,820,389,355,135,-1,0,0,-1
209,2,1514,381,200,158,-1,0,0,-1
209,3,1115,420,783,187,-1,0,0,-1
210,1,826,390,355,135,-1,0,0,-1
210,2,1514,381,200,158,-1,0,0,-1
210,3,1115,420,783,187,-1,0,0,-1
211,1,830,391,355,135,-1,0,0,-1
211,2,1514,381,200,158,-1,0,0,-1
211,3,1115,420,783,187,-1,0,0,-1
212,1,833,391,356,135,-1,0,0,-1
212,2,1514,381,200,158,-1,0,0,-1
212,3,1115,420,783,187,-1,0,0,-1
213,1,839,392,356,135,-1,0,0,-1
213,2,1514,381,200,158,-1,0,0,-1
213,3,1115,420,783,187,-1,0,0,-1
214,1,842,392,357,136,-1,0,0,-1
214,2,1514,381,200,158,-1,0,0,-1
214,3,1115,420,783,187,-1,0,0,-1
215,1,846,393,357,136,-1,0,0,-1
215,2,1514,381,200,158,-1,0,0,-1
215,3,1115,420,783,187,-1,0,0,-1
216,1,851,393,359,136,-1,0,0,-1
216,2,1514,381,200,158,-1,0,0,-1
216,3,1115,420,783,187,-1,0,0,-1
217,1,855,394,359,137,-1,0,0,-1
217,2,1514,381,200,158,-1,0,0,-1
217,3,1115,420,783,187,-1,0,0,-1
218,1,859,394,360,137,-1,0,0,-1
218,2,1514,381,200,158,-1,0,0,-1
218,3,1115,420,783,187,-1,0,0,-1
219,1,864,395,361,137,-1,0,0,-1
219,2,1514,381,200,158,-1,0,0,-1
219,3,1115,420,783,187,-1,0,0,-1
220,1,867,395,362,138,-1,0,0,-1
220,2,1514,381,200,158,-1,0,0,-1
220,3,1115,420,783,187,-1,0,0,-1
221,1,872,396,363,138,-1,0,0,-1
221,2,1514,381,200,158,-1,0,0,-1
221,3,1115,420,783,187,-1,0,0,-1
222,1,877,396,364,139,-1,0,0,-1
222,2,1514,381,200,158,-1,0,0,-1
222,3,1115,420,783,187,-1,0,0,-1
223,1,880,397,364,139,-1,0,0,-1
223,2,1514,381,200,158,-1,0,0,-1
223,3,1115,420,783,187,-1,0,0,-1
224,1,884,397,366,139,-1,0,0,-1
224,2,1514,381,200,158,-1,0,0,-1
224,3,1115,420,783,187,-1,0,0,-1
225,1,889,397,368,140,-1,0,0,-1
225,2,1514,381,200,158,-1,0,0,-1
225,3,1115,420,783,187,-1,0,0,-1
226,1,892,398,369,140,-1,0,0,-1
226,2,1514,381,200,158,-1,0,0,-1
226,3,1115,420,783,187,-1,0,0,-1
227,1,896,398,370,141,-1,0,0,-1
227,2,1514,381,200,158,-1,0,0,-1
227,3,1115,420,783,187,-1,0,0,-1
228,1,901,398,373,142,-1,0,0,-1
228,2,1514,381,200,158,-1,0,0,-1
228,3,1115,420,783,187,-1,0,0,-1
229,1,904,398,376,143,-1,0,0,-1
229,2,1514,381,200,158,-1,0,0,-1
229,3,1115,420,783,187,-1,0,0,-1
230,1,908,398,377,143,-1,0,0,-1
230,2,1514,381,200,158,-1,0,0,-1
230,3,1115,420,783,187,-1,0,0,-1
231,1,913,399,379,144,-1,0,0,-1
231,2,1514,381,200,158,-1,0,0,-1
231,3,1115,420,783,187,-1,0,0,-1
232,1,917,399,380,145,-1,0,0,-1
232,2,1514,381,200,158,-1,0,0,-1
232,3,1115,420,783,187,-1,0,0,-1
233,1,921,399,381,145,-1,0,0,-1
233,2,1514,381,200,158,-1,0,0,-1
233,3,1115,420,783,187,-1,0,0,-1
234,1,926,400,382,145,-1,0,0,-1
234,2,1514,381,200,158,-1,0,0,-1
234,3,1115,420,783,187,-1,0,0,-1
235,1,930,400,383,146,-1,0,0,-1
235,2,1514,381,200,158,-1,0,0,-1
235,3,1115,420,783,187,-1,0,0,-1
236,1,934,400,385,146,-1,0,0,-1
236,2,1514,381,200,158,-1,0,0,-1
236,3,1115,420,783,187,-1,0,0,-1
237,1,939,401,384,142,-1,0,0,-1
237,2,1514,381,200,158,-1,0,0,-1
237,3,1115,420,783,187,-1,0,0,-1
238,1,942,401,385,142,-1,0,0,-1
238,2,1514,381,200,158,-1,0,0,-1
238,3,1115,420,783,187,-1,0,0,-1
239,1,947,401,387,143,-1,0,0,-1
239,2,1514,381,200,158,-1,0,0,-1
239,3,1115,420,783,187,-1,0,0,-1
240,1,953,402,388,144,-1,0,0,-1
240,2,1514,381,200,158,-1,0,0,-1
240,3,1115,420,783,187,-1,0,0,-1
241,1,956,402,391,144,-1,0,0,-1
241,2,1514,381,200,158,-1,0,0,-1
241,3,1115,420,783,187,-1,0,0,-1
242,1,960,402,393,145,-1,0,0,-1
242,2,1514,381,200,158,-1,0,0,-1
242,3,1115,420,783,187,-1,0,0,-1
243,1,966,402,394,146,-1,0,0,-1
243,2,1514,381,200,158,-1,0,0,-1
243,3,1115,420,783,187,-1,0,0,-1
244,1,968,402,396,146,-1,0,0,-1
244,2,1514,381,200,158,-1,0,0,-1
244,3,1115,420,783,187,-1,0,0,-1
245,1,970,401,400,148,-1,0,0,-1
245,2,1514,381,200,158,-1,0,0,-1
245,3,1115,420,783,187,-1,0,0,-1
246,1,973,399,407,150,-1,0,0,-1
246,2,1514,381,200,158,-1,0,0,-1
246,3,1115,420,783,187,-1,0,0,-1
247,1,973,399,407,150,-1,0,0,-1
247,2,1514,381,200,158,-1,0,0,-1
247,3,1115,420,783,187,-1,0,0,-1
248,1,975,399,408,151,-1,0,0,-1
248,2,1514,381,200,158,-1,0,0,-1
248,3,1115,420,783,187,-1,0,0,-1
249,1,977,398,410,152,-1,0,0,-1
249,2,1514,381,200,158,-1,0,0,-1
249,3,1115,420,782,187,-1,0,0,-1
250,1,981,395,414,153,-1,0,0,-1
250,2,1514,381,200,158,-1,0,0,-1
250,3,1115,420,783,187,-1,0,0,-1
251,1,982,394,417,154,-1,0,0,-1
251,2,1514,381,200,158,-1,0,0,-1
251,3,1115,420,783,187,-1,0,0,-1
252,1,985,393,421,156,-1,0,0,-1
252,2,1514,381,200,158,-1,0,0,-1
252,3,1115,420,783,187,-1,0,0,-1
253,1,984,392,431,159,-1,0,0,-1
253,2,1514,381,200,158,-1,0,0,-1
253,3,1115,420,782,187,-1,0,0,-1
254,1,1005,402,413,142,-1,0,0,-1
254,2,1514,381,200,158,-1,0,0,-1
254,3,1115,420,783,187,-1,0,0,-1
255,1,1014,400,414,142,-1,0,0,-1
255,2,1514,381,200,158,-1,0,0,-1
255,3,1115,420,783,187,-1,0,0,-1
256,1,1019,398,410,156,-1,0,0,-1
256,2,1516,383,199,158,-1,0,0,-1
256,3,1117,422,784,182,-1,0,0,-1
257,1,1020,398,410,156,-1,0,0,-1
257,2,1516,383,199,158,-1,0,0,-1
257,3,1117,422,783,182,-1,0,0,-1
258,1,1025,401,415,146,-1,0,0,-1
258,2,1516,383,199,158,-1,0,0,-1
258,3,1117,422,783,182,-1,0,0,-1
259,1,1035,401,413,146,-1,0,0,-1
259,2,1516,383,199,158,-1,0,0,-1
259,3,1117,422,783,182,-1,0,0,-1
260,1,1033,401,413,146,-1,0,0,-1
260,2,1516,383,199,158,-1,0,0,-1
260,3,1117,422,783,182,-1,0,0,-1
261,1,1034,401,413,146,-1,0,0,-1
261,2,1516,383,199,158,-1,0,0,-1
261,3,1117,422,783,182,-1,0,0,-1
262,1,1034,401,413,146,-1,0,0,-1
262,2,1516,383,199,158,-1,0,0,-1
262,3,1117,422,784,182,-1,0,0,-1
263,1,1034,401,413,146,-1,0,0,-1
263,2,1516,383,199,158,-1,0,0,-1
263,3,1117,422,784,182,-1,0,0,-1
264,1,1034,401,413,146,-1,0,0,-1
264,2,1516,383,199,158,-1,0,0,-1
264,3,1116,422,784,182,-1,0,0,-1
265,1,1034,401,413,146,-1,0,0,-1
265,2,1516,383,199,158,-1,0,0,-1
265,3,1116,422,784,182,-1,0,0,-1
266,1,1034,401,413,146,-1,0,0,-1
266,2,1516,383,199,158,-1,0,0,-1
266,3,1117,422,783,182,-1,0,0,-1
267,1,1034,401,413,146,-1,0,0,-1
267,2,1516,383,199,158,-1,0,0,-1
267,3,1117,422,783,182,-1,0,0,-1
268,1,1034,401,413,146,-1,0,0,-1
268,2,1516,383,199,158,-1,0,0,-1
268,3,1117,422,783,182,-1,0,0,-1
269,1,1034,401,413,146,-1,0,0,-1
269,2,1516,383,199,158,-1,0,0,-1
269,3,1117,422,783,182,-1,0,0,-1
270,1,1034,401,413,146,-1,0,0,-1
270,2,1516,383,199,158,-1,0,0,-1
270,3,1117,422,783,182,-1,0,0,-1
271,1,1034,401,413,146,-1,0,0,-1
271,2,1516,383,199,158,-1,0,0,-1
271,3,1116,422,784,182,-1,0,0,-1
272,1,1034,401,413,146,-1,0,0,-1
272,2,1516,383,199,158,-1,0,0,-1
272,3,1117,422,783,182,-1,0,0,-1
273,1,1033,401,414,146,-1,0,0,-1
273,2,1516,383,199,158,-1,0,0,-1
273,3,1117,422,783,182,-1,0,0,-1
274,1,1034,401,413,146,-1,0,0,-1
274,2,1516,383,199,158,-1,0,0,-1
274,3,1117,422,783,182,-1,0,0,-1
275,1,1034,401,413,146,-1,0,0,-1
275,2,1516,383,199,158,-1,0,0,-1
275,3,1117,422,783,182,-1,0,0,-1
276,1,1034,401,413,146,-1,0,0,-1
276,2,1516,383,199,158,-1,0,0,-1
276,3,1117,422,783,182,-1,0,0,-1
277,1,1034,401,413,146,-1,0,0,-1
277,2,1516,383,199,158,-1,0,0,-1
277,3,1117,422,783,182,-1,0,0,-1
278,1,1034,401,413,146,-1,0,0,-1
278,2,1516,383,199,158,-1,0,0,-1
278,3,1117,422,783,182,-1,0,0,-1
279,1,1035,401,412,145,-1,0,0,-1
279,2,1516,383,199,158,-1,0,0,-1
279,3,1117,422,783,182,-1,0,0,-1
280,1,1034,401,413,146,-1,0,0,-1
280,2,1516,383,199,158,-1,0,0,-1
280,3,1116,422,785,182,-1,0,0,-1
281,1,1034,401,413,146,-1,0,0,-1
281,2,1516,383,199,158,-1,0,0,-1
281,3,1117,422,783,182,-1,0,0,-1
282,1,1034,401,413,146,-1,0,0,-1
282,2,1516,383,199,158,-1,0,0,-1
282,3,1117,422,783,182,-1,0,0,-1
283,1,1034,401,413,146,-1,0,0,-1
283,2,1516,383,199,158,-1,0,0,-1
283,3,1117,422,784,182,-1,0,0,-1
284,1,1034,401,413,146,-1,0,0,-1
284,2,1516,383,199,158,-1,0,0,-1
284,3,1117,422,784,182,-1,0,0,-1
285,1,1034,401,412,146,-1,0,0,-1
285,2,1516,383,199,158,-1,0,0,-1
285,3,1117,422,784,182,-1,0,0,-1
286,1,1034,401,413,146,-1,0,0,-1
286,2,1516,383,199,158,-1,0,0,-1
286,3,1117,422,784,182,-1,0,0,-1
287,1,1034,401,413,146,-1,0,0,-1
287,2,1516,383,199,158,-1,0,0,-1
287,3,1116,422,784,182,-1,0,0,-1
288,1,1034,401,413,146,-1,0,0,-1
288,2,1516,383,199,158,-1,0,0,-1
288,3,1117,422,784,182,-1,0,0,-1
289,1,1034,401,413,146,-1,0,0,-1
289,2,1516,383,199,158,-1,0,0,-1
289,3,1116,422,784,182,-1,0,0,-1
290,1,1034,401,413,146,-1,0,0,-1
290,2,1516,383,199,158,-1,0,0,-1
290,3,1117,422,784,182,-1,0,0,-1
291,1,1034,401,413,146,-1,0,0,-1
291,2,1516,383,199,158,-1,0,0,-1
291,3,1116,422,785,182,-1,0,0,-1
292,1,1034,401,413,146,-1,0,0,-1
292,2,1516,383,199,158,-1,0,0,-1
292,3,1117,422,783,182,-1,0,0,-1
293,1,1034,401,413,146,-1,0,0,-1
293,2,1516,383,199,158,-1,0,0,-1
293,3,1117,422,783,182,-1,0,0,-1
294,1,1034,401,412,146,-1,0,0,-1
294,2,1516,383,199,158,-1,0,0,-1
294,3,1117,422,784,182,-1,0,0,-1
295,1,1034,401,413,146,-1,0,0,-1
295,2,1516,383,199,158,-1,0,0,-1
295,3,1117,422,783,182,-1,0,0,-1
296,1,1034,401,413,146,-1,0,0,-1
296,2,1516,383,199,158,-1,0,0,-1
296,3,1117,422,783,182,-1,0,0,-1
297,1,1034,401,413,146,-1,0,0,-1
297,2,1516,383,199,158,-1,0,0,-1
297,3,1117,422,783,182,-1,0,0,-1
298,1,1034,401,413,146,-1,0,0,-1
298,2,1516,383,199,158,-1,0,0,-1
298,3,1117,422,784,182,-1,0,0,-1
299,1,1034,401,413,146,-1,0,0,-1
299,2,1516,383,199,158,-1,0,0,-1
299,3,1117,422,783,182,-1,0,0,-1
300,1,1034,401,413,146,-1,0,0,-1
300,2,1516,383,199,158,-1,0,0,-1
300,3,1117,422,783,182,-1,0,0,-1
301,1,1034,401,413,146,-1,0,0,-1
301,2,1516,383,199,158,-1,0,0,-1
301,3,1117,422,783,182,-1,0,0,-1
302,1,1034,401,413,146,-1,0,0,-1
302,2,1516,383,199,158,-1,0,0,-1
302,3,1117,422,783,182,-1,0,0,-1
303,1,1034,401,413,146,-1,0,0,-1
303,2,1516,383,199,158,-1,0,0,-1
303,3,1117,422,783,182,-1,0,0,-1
304,1,1034,401,413,146,-1,0,0,-1
304,2,1516,383,199,158,-1,0,0,-1
304,3,1117,422,783,182,-1,0,0,-1
305,1,1034,401,413,146,-1,0,0,-1
305,2,1516,383,199,158,-1,0,0,-1
305,3,1117,422,784,182,-1,0,0,-1
306,1,1034,401,413,146,-1,0,0,-1
306,2,1516,383,199,158,-1,0,0,-1
306,3,1117,422,783,182,-1,0,0,-1
307,1,1034,401,413,146,-1,0,0,-1
307,2,1516,383,199,158,-1,0,0,-1
307,3,1117,422,784,182,-1,0,0,-1
308,1,1034,401,413,146,-1,0,0,-1
308,2,1516,383,199,158,-1,0,0,-1
308,3,1117,422,784,182,-1,0,0,-1
309,1,1034,401,413,146,-1,0,0,-1
309,2,1516,383,199,158,-1,0,0,-1
309,3,1117,422,783,182,-1,0,0,-1
310,1,1034,401,413,146,-1,0,0,-1
310,2,1516,383,199,158,-1,0,0,-1
310,3,1117,422,784,182,-1,0,0,-1
311,1,1034,401,413,146,-1,0,0,-1
311,2,1516,383,199,158,-1,0,0,-1
311,3,1117,422,783,182,-1,0,0,-1
312,1,1034,401,413,146,-1,0,0,-1
312,2,1516,383,199,158,-1,0,0,-1
312,3,1117,422,783,182,-1,0,0,-1
313,1,1034,401,413,146,-1,0,0,-1
313,2,1516,383,199,158,-1,0,0,-1
313,3,1117,422,784,182,-1,0,0,-1
314,1,1034,401,414,146,-1,0,0,-1
314,2,1516,383,199,158,-1,0,0,-1
314,3,1116,422,784,182,-1,0,0,-1
315,1,1034,401,413,146,-1,0,0,-1
315,2,1516,383,199,158,-1,0,0,-1
315,3,1117,422,784,182,-1,0,0,-1
316,1,1034,401,413,146,-1,0,0,-1
316,2,1516,383,199,158,-1,0,0,-1
316,3,1117,422,783,182,-1,0,0,-1
317,1,1034,401,413,146,-1,0,0,-1
317,2,1516,383,199,158,-1,0,0,-1
317,3,1117,422,784,182,-1,0,0,-1
318,1,1034,401,413,146,-1,0,0,-1
318,2,1516,383,199,158,-1,0,0,-1
318,3,1117,422,783,182,-1,0,0,-1
319,1,1034,401,413,146,-1,0,0,-1
319,2,1516,383,199,158,-1,0,0,-1
319,3,1116,422,785,182,-1,0,0,-1
320,1,1034,401,413,146,-1,0,0,-1
320,2,1516,383,199,158,-1,0,0,-1
320,3,1116,422,784,182,-1,0,0,-1
321,1,1034,401,413,146,-1,0,0,-1
321,2,1516,383,199,158,-1,0,0,-1
321,3,1117,422,784,182,-1,0,0,-1
322,1,1034,401,413,146,-1,0,0,-1
322,2,1516,383,199,158,-1,0,0,-1
322,3,1117,422,783,182,-1,0,0,-1
323,1,1034,401,413,146,-1,0,0,-1
323,2,1516,383,199,158,-1,0,0,-1
323,3,1117,422,783,182,-1,0,0,-1
324,1,1034,401,413,146,-1,0,0,-1
324,2,1516,383,199,158,-1,0,0,-1
324,3,1116,422,784,182,-1,0,0,-1
325,1,1034,401,413,146,-1,0,0,-1
325,2,1516,383,199,158,-1,0,0,-1
325,3,1116,422,784,182,-1,0,0,-1
326,1,1034,401,413,146,-1,0,0,-1
326,2,1516,383,199,158,-1,0,0,-1
326,3,1117,422,784,182,-1,0,0,-1
327,1,1034,401,413,146,-1,0,0,-1
327,2,1516,383,199,158,-1,0,0,-1
327,3,1117,422,783,182,-1,0,0,-1
328,1,1034,401,413,146,-1,0,0,-1
328,2,1516,383,199,158,-1,0,0,-1
328,3,1117,422,783,182,-1,0,0,-1
329,1,1034,401,413,146,-1,0,0,-1
329,2,1516,383,199,158,-1,0,0,-1
329,3,1117,422,783,182,-1,0,0,-1
330,1,1034,401,413,146,-1,0,0,-1
330,2,1516,383,199,158,-1,0,0,-1
330,3,1117,422,784,182,-1,0,0,-1
331,1,1034,401,413,146,-1,0,0,-1
331,2,1516,383,199,158,-1,0,0,-1
331,3,1117,422,783,182,-1,0,0,-1
332,1,1034,401,413,146,-1,0,0,-1
332,2,1516,383,199,158,-1,0,0,-1
332,3,1117,422,784,182,-1,0,0,-1
333,1,1033,401,414,146,-1,0,0,-1
333,2,1516,383,199,158,-1,0,0,-1
333,3,1117,422,783,182,-1,0,0,-1
334,1,1034,401,413,146,-1,0,0,-1
334,2,1516,383,199,158,-1,0,0,-1
334,3,1117,422,783,182,-1,0,0,-1
335,1,1034,401,413,146,-1,0,0,-1
335,2,1516,383,199,158,-1,0,0,-1
335,3,1117,422,783,182,-1,0,0,-1
336,1,1034,401,413,146,-1,0,0,-1
336,2,1516,383,199,158,-1,0,0,-1
336,3,1117,422,783,182,-1,0,0,-1
337,1,1034,401,413,146,-1,0,0,-1
337,2,1516,383,199,158,-1,0,0,-1
337,3,1117,422,784,182,-1,0,0,-1
338,1,1034,401,413,146,-1,0,0,-1
338,2,1516,383,199,158,-1,0,0,-1
338,3,1117,422,783,182,-1,0,0,-1
339,1,1034,401,413,146,-1,0,0,-1
339,2,1516,383,199,158,-1,0,0,-1
339,3,1117,422,784,182,-1,0,0,-1
340,1,1034,401,413,146,-1,0,0,-1
340,2,1516,383,199,158,-1,0,0,-1
340,3,1117,422,783,182,-1,0,0,-1
341,1,1034,401,413,146,-1,0,0,-1
341,2,1516,383,199,158,-1,0,0,-1
341,3,1117,422,783,182,-1,0,0,-1
342,1,1034,401,413,146,-1,0,0,-1
342,2,1516,383,199,158,-1,0,0,-1
342,3,1117,422,783,182,-1,0,0,-1
343,1,1034,401,413,146,-1,0,0,-1
343,2,1516,383,199,158,-1,0,0,-1
343,3,1117,422,783,182,-1,0,0,-1
344,1,1034,401,413,146,-1,0,0,-1
344,2,1516,383,199,158,-1,0,0,-1
344,3,1117,422,783,182,-1,0,0,-1
345,1,1034,401,413,146,-1,0,0,-1
345,2,1516,383,199,158,-1,0,0,-1
345,3,1117,422,783,182,-1,0,0,-1
346,1,1034,401,413,146,-1,0,0,-1
346,2,1516,383,199,158,-1,0,0,-1
346,3,1117,422,783,182,-1,0,0,-1
347,1,1034,401,413,146,-1,0,0,-1
347,2,1516,383,199,158,-1,0,0,-1
347,3,1117,422,783,182,-1,0,0,-1
348,1,1034,401,413,146,-1,0,0,-1
348,2,1516,383,199,158,-1,0,0,-1
348,3,1117,422,783,182,-1,0,0,-1
349,1,1034,401,413,146,-1,0,0,-1
349,2,1516,383,199,158,-1,0,0,-1
349,3,1117,422,783,182,-1,0,0,-1
350,1,1034,401,413,146,-1,0,0,-1
350,2,1516,383,199,158,-1,0,0,-1
350,3,1117,422,783,182,-1,0,0,-1
351,1,1034,401,413,146,-1,0,0,-1
351,2,1516,383,199,158,-1,0,0,-1
351,3,1117,422,783,182,-1,0,0,-1
352,1,1034,401,413,146,-1,0,0,-1
352,2,1516,383,199,158,-1,0,0,-1
352,3,1117,422,783,182,-1,0,0,-1
353,1,1034,401,413,146,-1,0,0,-1
353,2,1516,383,199,158,-1,0,0,-1
353,3,1117,422,783,182,-1,0,0,-1
354,1,1034,401,413,146,-1,0,0,-1
354,2,1516,383,199,158,-1,0,0,-1
354,3,1117,422,783,182,-1,0,0,-1
355,1,1034,401,413,146,-1,0,0,-1
355,2,1516,383,199,158,-1,0,0,-1
355,3,1117,422,783,182,-1,0,0,-1
356,1,1034,401,413,146,-1,0,0,-1
356,2,1516,383,199,158,-1,0,0,-1
356,3,1117,422,783,182,-1,0,0,-1
357,1,1034,401,413,146,-1,0,0,-1
357,2,1516,383,199,158,-1,0,0,-1
357,3,1117,422,783,182,-1,0,0,-1
358,1,1034,401,413,146,-1,0,0,-1
358,2,1516,383,199,158,-1,0,0,-1
358,3,1117,422,783,182,-1,0,0,-1
359,1,1034,401,413,146,-1,0,0,-1
359,2,1516,383,199,158,-1,0,0,-1
359,3,1117,422,783,182,-1,0,0,-1
360,1,1034,401,413,146,-1,0,0,-1
360,2,1516,383,199,158,-1,0,0,-1
360,3,1117,422,783,182,-1,0,0,-1
361,1,1034,401,413,146,-1,0,0,-1
361,2,1516,383,199,158,-1,0,0,-1
361,3,1117,422,783,182,-1,0,0,-1
362,1,1034,401,413,146,-1,0,0,-1
362,2,1516,383,199,158,-1,0,0,-1
362,3,1117,422,783,182,-1,0,0,-1
363,1,1034,401,413,146,-1,0,0,-1
363,2,1516,383,199,158,-1,0,0,-1
363,3,1117,422,783,182,-1,0,0,-1
364,1,1034,401,413,146,-1,0,0,-1
364,2,1516,383,199,158,-1,0,0,-1
364,3,1117,422,783,182,-1,0,0,-1
365,1,1034,401,413,146,-1,0,0,-1
365,2,1516,383,199,158,-1,0,0,-1
365,3,1117,422,783,182,-1,0,0,-1
366,1,1034,401,413,146,-1,0,0,-1
366,2,1516,383,199,158,-1,0,0,-1
366,3,1117,422,783,182,-1,0,0,-1
367,1,1034,401,413,146,-1,0,0,-1
367,2,1516,383,199,158,-1,0,0,-1
367,3,1117,422,783,182,-1,0,0,-1
368,1,1034,401,414,146,-1,0,0,-1
368,2,1516,383,199,158,-1,0,0,-1
368,3,1117,422,783,182,-1,0,0,-1
369,1,1034,401,413,146,-1,0,0,-1
369,2,1516,383,199,158,-1,0,0,-1
369,3,1117,422,783,182,-1,0,0,-1
370,1,1034,401,413,146,-1,0,0,-1
370,2,1516,383,199,158,-1,0,0,-1
370,3,1117,422,783,182,-1,0,0,-1
371,1,1034,401,413,146,-1,0,0,-1
371,2,1516,383,199,158,-1,0,0,-1
371,3,1117,422,783,182,-1,0,0,-1
372,1,1034,401,413,146,-1,0,0,-1
372,2,1516,383,199,158,-1,0,0,-1
372,3,1117,422,783,182,-1,0,0,-1
373,1,1034,401,413,146,-1,0,0,-1
373,2,1516,383,199,158,-1,0,0,-1
373,3,1117,422,783,182,-1,0,0,-1
374,1,1034,401,413,146,-1,0,0,-1
374,2,1516,383,199,158,-1,0,0,-1
374,3,1117,422,783,182,-1,0,0,-1
375,1,1034,401,413,146,-1,0,0,-1
375,2,1516,383,199,158,-1,0,0,-1
375,3,1117,422,783,182,-1,0,0,-1
376,1,1034,401,413,146,-1,0,0,-1
376,2,1516,383,199,158,-1,0,0,-1
376,3,1117,422,783,182,-1,0,0,-1
377,1,1034,401,413,146,-1,0,0,-1
377,2,1516,383,199,158,-1,0,0,-1
377,3,1117,422,783,182,-1,0,0,-1
378,1,1034,401,413,146,-1,0,0,-1
378,2,1516,383,199,158,-1,0,0,-1
378,3,1117,422,783,182,-1,0,0,-1
379,1,1034,401,413,146,-1,0,0,-1
379,2,1516,383,199,158,-1,0,0,-1
379,3,1117,422,783,182,-1,0,0,-1
380,1,1034,401,413,146,-1,0,0,-1
380,2,1516,383,199,158,-1,0,0,-1
380,3,1117,422,783,182,-1,0,0,-1
381,1,1034,401,413,146,-1,0,0,-1
381,2,1516,383,199,158,-1,0,0,-1
381,3,1117,422,783,182,-1,0,0,-1
382,1,1034,401,413,146,-1,0,0,-1
382,2,1516,383,199,158,-1,0,0,-1
382,3,1117,422,783,182,-1,0,0,-1
383,1,1034,401,413,146,-1,0,0,-1
383,2,1516,383,199,158,-1,0,0,-1
383,3,1117,422,783,182,-1,0,0,-1
384,1,1034,401,413,146,-1,0,0,-1
384,2,1516,383,199,158,-1,0,0,-1
384,3,1117,422,783,182,-1,0,0,-1
385,1,1034,401,413,146,-1,0,0,-1
385,2,1516,383,199,158,-1,0,0,-1
385,3,1117,422,783,182,-1,0,0,-1
386,1,1034,401,413,146,-1,0,0,-1
386,2,1516,383,199,158,-1,0,0,-1
386,3,1117,422,782,182,-1,0,0,-1
387,1,1034,401,413,146,-1,0,0,-1
387,2,1516,383,199,158,-1,0,0,-1
387,3,1117,422,783,182,-1,0,0,-1
388,1,1034,401,413,146,-1,0,0,-1
388,2,1516,383,199,158,-1,0,0,-1
388,3,1117,422,783,182,-1,0,0,-1
389,1,1034,401,413,146,-1,0,0,-1
389,2,1516,383,199,158,-1,0,0,-1
389,3,1117,422,783,182,-1,0,0,-1
390,1,1034,401,413,146,-1,0,0,-1
390,2,1516,383,199,158,-1,0,0,-1
390,3,1117,422,783,182,-1,0,0,-1
391,1,1034,401,413,146,-1,0,0,-1
391,2,1516,383,199,158,-1,0,0,-1
391,3,1117,422,783,182,-1,0,0,-1
392,1,1034,401,413,146,-1,0,0,-1
392,2,1516,383,199,158,-1,0,0,-1
392,3,1117,422,783,182,-1,0,0,-1
393,1,1034,401,413,146,-1,0,0,-1
393,2,1516,383,199,158,-1,0,0,-1
393,3,1117,422,783,182,-1,0,0,-1
394,1,1034,401,413,146,-1,0,0,-1
394,2,1516,383,199,158,-1,0,0,-1
394,3,1117,422,783,182,-1,0,0,-1
395,1,1034,401,413,146,-1,0,0,-1
395,2,1516,383,199,158,-1,0,0,-1
395,3,1117,422,783,182,-1,0,0,-1
396,1,1034,401,413,146,-1,0,0,-1
396,2,1516,383,199,158,-1,0,0,-1
396,3,1117,422,783,182,-1,0,0,-1
397,1,1034,401,413,146,-1,0,0,-1
397,2,1516,383,199,158,-1,0,0,-1
397,3,1117,422,783,182,-1,0,0,-1
398,1,1034,401,413,146,-1,0,0,-1
398,2,1516,383,199,158,-1,0,0,-1
398,3,1117,422,783,182,-1,0,0,-1
399,1,1034,401,413,146,-1,0,0,-1
399,2,1516,383,199,158,-1,0,0,-1
399,3,1117,422,783,182,-1,0,0,-1
400,1,1034,401,413,146,-1,0,0,-1
400,2,1516,383,199,158,-1,0,0,-1
400,3,1117,422,783,182,-1,0,0,-1
401,1,1034,401,413,146,-1,0,0,-1
401,2,1516,383,199,158,-1,0,0,-1
401,3,1117,422,783,182,-1,0,0,-1
402,1,1034,401,413,146,-1,0,0,-1
402,2,1516,383,199,158,-1,0,0,-1
402,3,1117,422,783,182,-1,0,0,-1
403,1,1034,401,413,146,-1,0,0,-1
403,2,1516,383,199,158,-1,0,0,-1
403,3,1117,422,783,182,-1,0,0,-1
404,1,1034,401,413,146,-1,0,0,-1
404,2,1516,383,199,158,-1,0,0,-1
404,3,1117,422,783,182,-1,0,0,-1
405,1,1034,401,413,146,-1,0,0,-1
405,2,1516,383,199,158,-1,0,0,-1
405,3,1117,422,783,182,-1,0,0,-1
406,1,1033,401,414,146,-1,0,0,-1
406,2,1516,383,199,158,-1,0,0,-1
406,3,1117,422,783,182,-1,0,0,-1
407,1,1034,401,413,146,-1,0,0,-1
407,2,1516,383,199,158,-1,0,0,-1
407,3,1117,422,783,182,-1,0,0,-1
408,1,1034,401,413,146,-1,0,0,-1
408,2,1516,383,199,158,-1,0,0,-1
408,3,1117,422,783,182,-1,0,0,-1
409,1,1034,401,413,146,-1,0,0,-1
409,2,1516,383,199,158,-1,0,0,-1
409,3,1117,422,783,182,-1,0,0,-1
410,1,1034,401,413,146,-1,0,0,-1
410,2,1516,383,199,158,-1,0,0,-1
410,3,1117,422,783,182,-1,0,0,-1
411,1,1034,401,413,146,-1,0,0,-1
411,2,1516,383,199,158,-1,0,0,-1
411,3,1117,422,783,182,-1,0,0,-1
412,1,1034,401,413,146,-1,0,0,-1
412,2,1516,383,199,158,-1,0,0,-1
412,3,1117,422,783,182,-1,0,0,-1
413,1,1034,401,413,146,-1,0,0,-1
413,2,1516,383,199,158,-1,0,0,-1
413,3,1117,422,783,182,-1,0,0,-1
414,1,1034,401,413,146,-1,0,0,-1
414,2,1516,383,199,158,-1,0,0,-1
414,3,1117,422,783,182,-1,0,0,-1
415,1,1034,401,413,146,-1,0,0,-1
415,2,1516,383,199,158,-1,0,0,-1
415,3,1117,422,783,182,-1,0,0,-1
416,1,1034,401,413,146,-1,0,0,-1
416,2,1516,383,199,158,-1,0,0,-1
416,3,1117,422,783,182,-1,0,0,-1
417,1,1034,401,413,146,-1,0,0,-1
417,2,1516,383,199,158,-1,0,0,-1
417,3,1117,422,783,182,-1,0,0,-1
418,1,1034,401,413,146,-1,0,0,-1
418,2,1516,383,199,158,-1,0,0,-1
418,3,1117,422,783,182,-1,0,0,-1
419,1,1034,401,413,146,-1,0,0,-1
419,2,1516,383,199,158,-1,0,0,-1
419,3,1117,422,783,182,-1,0,0,-1
420,1,1034,401,413,146,-1,0,0,-1
420,2,1516,383,199,158,-1,0,0,-1
420,3,1117,422,783,182,-1,0,0,-1
421,1,1034,401,413,146,-1,0,0,-1
421,2,1516,383,199,158,-1,0,0,-1
421,3,1117,422,783,182,-1,0,0,-1
422,1,1034,401,413,146,-1,0,0,-1
422,2,1516,383,199,158,-1,0,0,-1
422,3,1117,422,783,182,-1,0,0,-1
423,1,1034,401,413,146,-1,0,0,-1
423,2,1516,383,199,158,-1,0,0,-1
423,3,1117,422,783,182,-1,0,0,-1
424,1,1032,401,411,145,-1,0,0,-1
424,2,1516,383,199,158,-1,0,0,-1
424,3,1114,421,788,183,-1,0,0,-1
425,1,1023,401,411,145,-1,0,0,-1
425,2,1516,383,199,158,-1,0,0,-1
425,3,1109,420,795,185,-1,0,0,-1
426,1,1021,401,411,145,-1,0,0,-1
426,2,1516,383,199,158,-1,0,0,-1
426,3,1117,422,783,182,-1,0,0,-1
427,1,1014,401,409,145,-1,0,0,-1
427,2,1516,383,199,158,-1,0,0,-1
427,3,1117,422,783,182,-1,0,0,-1
428,1,1009,401,407,144,-1,0,0,-1
428,2,1516,383,199,158,-1,0,0,-1
428,3,1117,422,783,182,-1,0,0,-1
429,1,1007,401,408,144,-1,0,0,-1
429,2,1516,383,199,158,-1,0,0,-1
429,3,1116,422,784,182,-1,0,0,-1
430,1,999,401,405,143,-1,0,0,-1
430,2,1516,383,199,158,-1,0,0,-1
430,3,1117,422,782,182,-1,0,0,-1
431,1,997,401,405,143,-1,0,0,-1
431,2,1516,383,199,158,-1,0,0,-1
431,3,1117,422,783,182,-1,0,0,-1
432,1,993,401,404,143,-1,0,0,-1
432,2,1516,383,199,158,-1,0,0,-1
432,3,1117,422,783,182,-1,0,0,-1
433,1,986,401,401,142,-1,0,0,-1
433,2,1516,383,199,158,-1,0,0,-1
433,3,1117,422,783,182,-1,0,0,-1
434,1,985,401,401,142,-1,0,0,-1
434,2,1516,383,199,158,-1,0,0,-1
434,3,1117,422,783,182,-1,0,0,-1
435,1,978,401,399,141,-1,0,0,-1
435,2,1516,383,199,158,-1,0,0,-1
435,3,1117,422,783,182,-1,0,0,-1
436,1,975,401,398,141,-1,0,0,-1
436,2,1516,383,199,158,-1,0,0,-1
436,3,1117,422,782,182,-1,0,0,-1
437,1,972,401,397,140,-1,0,0,-1
437,2,1516,383,199,158,-1,0,0,-1
437,3,1117,422,783,182,-1,0,0,-1
438,1,965,401,394,139,-1,0,0,-1
438,2,1516,383,199,158,-1,0,0,-1
438,3,1118,422,781,182,-1,0,0,-1
439,1,963,400,394,139,-1,0,0,-1
439,2,1516,383,199,158,-1,0,0,-1
439,3,1117,422,783,182,-1,0,0,-1
440,1,958,400,391,138,-1,0,0,-1
440,2,1516,383,199,158,-1,0,0,-1
440,3,1117,422,783,182,-1,0,0,-1
441,1,954,400,389,138,-1,0,0,-1
441,2,1516,383,199,158,-1,0,0,-1
441,3,1117,422,783,182,-1,0,0,-1
442,1,952,400,389,137,-1,0,0,-1
442,2,1516,383,199,158,-1,0,0,-1
442,3,1117,422,783,182,-1,0,0,-1
443,1,945,400,385,136,-1,0,0,-1
443,2,1516,383,199,158,-1,0,0,-1
443,3,1117,422,782,182,-1,0,0,-1
444,1,943,400,384,136,-1,0,0,-1
444,2,1516,383,199,158,-1,0,0,-1
444,3,1117,422,782,182,-1,0,0,-1
445,1,939,404,386,134,-1,0,0,-1
445,2,1516,383,199,158,-1,0,0,-1
445,3,1118,422,782,182,-1,0,0,-1
446,1,933,404,383,133,-1,0,0,-1
446,2,1516,383,199,158,-1,0,0,-1
446,3,1117,422,782,182,-1,0,0,-1
447,1,932,404,383,133,-1,0,0,-1
447,2,1516,383,199,158,-1,0,0,-1
447,3,1117,422,782,182,-1,0,0,-1
448,1,926,404,380,132,-1,0,0,-1
448,2,1516,383,199,158,-1,0,0,-1
448,3,1117,422,783,182,-1,0,0,-1
449,1,923,403,377,131,-1,0,0,-1
449,2,1516,383,199,158,-1,0,0,-1
449,3,1118,422,782,182,-1,0,0,-1
450,1,920,403,376,131,-1,0,0,-1
450,2,1516,383,199,158,-1,0,0,-1
450,3,1117,422,783,182,-1,0,0,-1
451,1,913,403,377,133,-1,0,0,-1
451,2,1516,383,199,158,-1,0,0,-1
451,3,1117,422,782,182,-1,0,0,-1
452,1,912,403,375,132,-1,0,0,-1
452,2,1516,383,199,158,-1,0,0,-1
452,3,1117,422,783,182,-1,0,0,-1
453,1,908,403,372,131,-1,0,0,-1
453,2,1516,383,199,158,-1,0,0,-1
453,3,1117,422,783,182,-1,0,0,-1
454,1,901,403,371,131,-1,0,0,-1
454,2,1516,383,199,158,-1,0,0,-1
454,3,1117,422,783,182,-1,0,0,-1
455,1,900,402,370,131,-1,0,0,-1
455,2,1516,383,199,158,-1,0,0,-1
455,3,1117,422,783,182,-1,0,0,-1
456,1,894,402,367,132,-1,0,0,-1
456,2,1516,383,199,158,-1,0,0,-1
456,3,1117,422,783,182,-1,0,0,-1
457,1,892,402,364,131,-1,0,0,-1
457,2,1516,383,199,158,-1,0,0,-1
457,3,1117,422,783,182,-1,0,0,-1
458,1,888,402,364,131,-1,0,0,-1
458,2,1516,383,199,158,-1,0,0,-1
458,3,1117,422,783,182,-1,0,0,-1
459,1,882,401,361,130,-1,0,0,-1
459,2,1516,383,199,158,-1,0,0,-1
459,3,1117,422,782,182,-1,0,0,-1
460,1,881,401,362,132,-1,0,0,-1
460,2,1516,383,199,158,-1,0,0,-1
460,3,1117,422,783,182,-1,0,0,-1
461,1,876,401,360,131,-1,0,0,-1
461,2,1516,383,199,158,-1,0,0,-1
461,3,1117,422,783,182,-1,0,0,-1
462,1,873,401,358,130,-1,0,0,-1
462,2,1516,383,199,158,-1,0,0,-1
462,3,1117,422,783,182,-1,0,0,-1
463,1,870,400,356,130,-1,0,0,-1
463,2,1516,383,199,158,-1,0,0,-1
463,3,1117,422,783,182,-1,0,0,-1
464,1,865,400,354,129,-1,0,0,-1
464,2,1516,383,199,158,-1,0,0,-1
464,3,1117,422,783,182,-1,0,0,-1
465,1,862,400,356,129,-1,0,0,-1
465,2,1516,383,199,158,-1,0,0,-1
465,3,1117,422,783,182,-1,0,0,-1
466,1,858,400,354,128,-1,0,0,-1
466,2,1516,383,199,158,-1,0,0,-1
466,3,1117,422,783,182,-1,0,0,-1
467,1,854,399,352,127,-1,0,0,-1
467,2,1516,383,199,158,-1,0,0,-1
467,3,1117,422,783,182,-1,0,0,-1
468,1,851,399,350,127,-1,0,0,-1
468,2,1516,383,199,158,-1,0,0,-1
468,3,1117,422,783,182,-1,0,0,-1
469,1,846,398,350,127,-1,0,0,-1
469,2,1516,383,199,158,-1,0,0,-1
469,3,1117,422,782,182,-1,0,0,-1
470,1,843,398,346,126,-1,0,0,-1
470,2,1516,383,199,158,-1,0,0,-1
470,3,1117,422,783,182,-1,0,0,-1
471,1,840,398,345,130,-1,0,0,-1
471,2,1516,383,199,158,-1,0,0,-1
471,3,1117,422,783,182,-1,0,0,-1
472,1,836,398,341,128,-1,0,0,-1
472,2,1516,383,199,158,-1,0,0,-1
472,3,1117,422,782,182,-1,0,0,-1
473,1,837,398,337,127,-1,0,0,-1
473,2,1516,383,199,158,-1,0,0,-1
473,3,1117,422,783,182,-1,0,0,-1
474,1,828,397,340,128,-1,0,0,-1
474,2,1516,383,199,158,-1,0,0,-1
474,3,1117,422,783,182,-1,0,0,-1
475,1,824,396,339,128,-1,0,0,-1
475,2,1516,383,199,158,-1,0,0,-1
475,3,1117,422,783,182,-1,0,0,-1
476,1,821,396,338,127,-1,0,0,-1
476,2,1516,383,199,158,-1,0,0,-1
476,3,1117,422,783,182,-1,0,0,-1
477,1,821,392,332,131,-1,0,0,-1
477,2,1516,383,199,158,-1,0,0,-1
477,3,1117,422,783,182,-1,0,0,-1
478,1,819,392,332,131,-1,0,0,-1
478,2,1516,383,199,158,-1,0,0,-1
478,3,1117,422,783,182,-1,0,0,-1
479,1,813,391,331,131,-1,0,0,-1
479,2,1516,383,199,158,-1,0,0,-1
479,3,1117,422,783,182,-1,0,0,-1
480,1,809,391,330,130,-1,0,0,-1
480,2,1516,383,199,158,-1,0,0,-1
480,3,1117,422,783,182,-1,0,0,-1
481,1,806,390,328,130,-1,0,0,-1
481,2,1516,383,199,158,-1,0,0,-1
481,3,1117,422,783,182,-1,0,0,-1
482,1,801,390,327,129,-1,0,0,-1
482,2,1516,383,199,158,-1,0,0,-1
482,3,1117,422,783,182,-1,0,0,-1
483,1,798,390,326,129,-1,0,0,-1
483,2,1516,383,199,158,-1,0,0,-1
483,3,1117,422,783,182,-1,0,0,-1
484,1,793,389,326,128,-1,0,0,-1
484,2,1516,383,199,158,-1,0,0,-1
484,3,1117,422,783,182,-1,0,0,-1
485,1,789,389,325,128,-1,0,0,-1
485,2,1516,383,199,158,-1,0,0,-1
485,3,1117,422,783,182,-1,0,0,-1
486,1,786,388,324,128,-1,0,0,-1
486,2,1516,383,199,158,-1,0,0,-1
486,3,1117,422,783,182,-1,0,0,-1
487,1,780,388,324,128,-1,0,0,-1
487,2,1516,383,199,158,-1,0,0,-1
487,3,1117,422,783,182,-1,0,0,-1
488,1,777,387,324,128,-1,0,0,-1
488,2,1516,383,199,158,-1,0,0,-1
488,3,1117,422,783,182,-1,0,0,-1
489,1,772,386,324,128,-1,0,0,-1
489,2,1516,383,199,158,-1,0,0,-1
489,3,1117,422,783,182,-1,0,0,-1
490,1,767,386,324,128,-1,0,0,-1
490,2,1516,383,199,158,-1,0,0,-1
490,3,1117,422,783,182,-1,0,0,-1
491,1,764,385,325,128,-1,0,0,-1
491,2,1516,383,199,158,-1,0,0,-1
491,3,1117,422,783,182,-1,0,0,-1
492,1,757,385,325,128,-1,0,0,-1
492,2,1516,383,199,158,-1,0,0,-1
492,3,1117,422,783,182,-1,0,0,-1
493,1,757,385,325,128,-1,0,0,-1
493,2,1516,383,199,158,-1,0,0,-1
493,3,1117,422,783,182,-1,0,0,-1
494,1,754,384,324,128,-1,0,0,-1
494,2,1516,383,199,158,-1,0,0,-1
494,3,1117,422,783,182,-1,0,0,-1
495,1,750,384,325,128,-1,0,0,-1
495,2,1516,383,199,158,-1,0,0,-1
495,3,1117,422,783,182,-1,0,0,-1
496,1,744,382,326,129,-1,0,0,-1
496,2,1516,383,199,158,-1,0,0,-1
496,3,1117,422,783,182,-1,0,0,-1
497,1,741,382,326,129,-1,0,0,-1
497,2,1516,383,199,158,-1,0,0,-1
497,3,1117,422,783,182,-1,0,0,-1
498,1,736,381,326,129,-1,0,0,-1
498,2,1516,383,199,158,-1,0,0,-1
498,3,1117,422,783,182,-1,0,0,-1
499,1,732,381,325,128,-1,0,0,-1
499,2,1516,383,199,158,-1,0,0,-1
499,3,1117,422,783,182,-1,0,0,-1
500,1,728,381,326,129,-1,0,0,-1
500,2,1516,383,199,158,-1,0,0,-1
500,3,1117,422,783,182,-1,0,0,-1
501,1,721,379,328,129,-1,0,0,-1
501,2,1516,383,199,158,-1,0,0,-1
501,3,1117,422,783,182,-1,0,0,-1
502,1,717,379,327,129,-1,0,0,-1
502,2,1516,383,199,158,-1,0,0,-1
502,3,1117,422,783,182,-1,0,0,-1
503,1,713,379,328,130,-1,0,0,-1
503,2,1516,383,199,158,-1,0,0,-1
503,3,1117,422,783,182,-1,0,0,-1
504,1,706,378,330,130,-1,0,0,-1
504,2,1516,383,199,158,-1,0,0,-1
504,3,1117,422,783,182,-1,0,0,-1
505,1,703,378,329,130,-1,0,0,-1
505,2,1516,383,199,158,-1,0,0,-1
505,3,1117,422,783,182,-1,0,0,-1
506,1,699,377,329,130,-1,0,0,-1
506,2,1516,383,199,158,-1,0,0,-1
506,3,1117,422,783,182,-1,0,0,-1
507,1,693,376,329,130,-1,0,0,-1
507,2,1516,383,199,158,-1,0,0,-1
507,3,1117,422,783,182,-1,0,0,-1
508,1,690,376,329,130,-1,0,0,-1
508,2,1516,383,199,158,-1,0,0,-1
508,3,1117,422,783,182,-1,0,0,-1
509,1,684,375,330,130,-1,0,0,-1
509,2,1516,383,199,158,-1,0,0,-1
509,3,1117,422,783,182,-1,0,0,-1
510,1,680,375,330,130,-1,0,0,-1
510,2,1516,383,199,158,-1,0,0,-1
510,3,1117,422,783,182,-1,0,0,-1
511,1,676,374,330,130,-1,0,0,-1
511,2,1516,383,199,158,-1,0,0,-1
511,3,1117,422,783,182,-1,0,0,-1
512,1,670,374,330,130,-1,0,0,-1
512,2,1516,383,199,158,-1,0,0,-1
512,3,1117,422,783,182,-1,0,0,-1
513,1,667,374,329,130,-1,0,0,-1
513,2,1516,383,199,158,-1,0,0,-1
513,3,1117,422,783,182,-1,0,0,-1
514,1,663,373,329,130,-1,0,0,-1
514,2,1516,383,199,158,-1,0,0,-1
514,3,1117,422,783,182,-1,0,0,-1
515,1,657,373,330,130,-1,0,0,-1
515,2,1516,383,199,158,-1,0,0,-1
515,3,1117,422,783,182,-1,0,0,-1
516,1,653,372,331,131,-1,0,0,-1
516,2,1516,383,199,158,-1,0,0,-1
516,3,1117,422,783,182,-1,0,0,-1
517,1,646,371,333,131,-1,0,0,-1
517,2,1516,383,199,158,-1,0,0,-1
517,3,1117,422,782,182,-1,0,0,-1
518,1,643,371,332,131,-1,0,0,-1
518,2,1516,383,199,158,-1,0,0,-1
518,3,1117,422,783,182,-1,0,0,-1
519,1,639,371,332,131,-1,0,0,-1
519,2,1516,383,199,158,-1,0,0,-1
519,3,1117,422,783,182,-1,0,0,-1
520,1,633,370,333,131,-1,0,0,-1
520,2,1516,383,199,158,-1,0,0,-1
520,3,1117,422,783,182,-1,0,0,-1
521,1,630,370,333,131,-1,0,0,-1
521,2,1516,383,199,158,-1,0,0,-1
521,3,1117,422,783,182,-1,0,0,-1
522,1,625,369,333,131,-1,0,0,-1
522,2,1516,383,199,158,-1,0,0,-1
522,3,1117,422,783,182,-1,0,0,-1
523,1,619,369,333,132,-1,0,0,-1
523,2,1516,383,199,158,-1,0,0,-1
523,3,1117,422,783,182,-1,0,0,-1
524,1,615,368,336,132,-1,0,0,-1
524,2,1516,383,199,158,-1,0,0,-1
524,3,1117,422,783,182,-1,0,0,-1
525,1,609,367,335,132,-1,0,0,-1
525,2,1516,383,199,158,-1,0,0,-1
525,3,1117,422,783,182,-1,0,0,-1
526,1,605,367,334,132,-1,0,0,-1
526,2,1516,383,199,158,-1,0,0,-1
526,3,1117,422,783,182,-1,0,0,-1
527,1,602,367,334,132,-1,0,0,-1
527,2,1516,383,199,158,-1,0,0,-1
527,3,1117,422,783,182,-1,0,0,-1
528,1,596,366,334,132,-1,0,0,-1
528,2,1516,383,199,158,-1,0,0,-1
528,3,1117,422,783,182,-1,0,0,-1
529,1,593,366,335,132,-1,0,0,-1
529,2,1516,383,199,158,-1,0,0,-1
529,3,1117,422,783,182,-1,0,0,-1
530,1,588,365,334,132,-1,0,0,-1
530,2,1516,383,199,158,-1,0,0,-1
530,3,1117,422,783,182,-1,0,0,-1
531,1,583,365,334,132,-1,0,0,-1
531,2,1516,383,199,158,-1,0,0,-1
531,3,1117,422,783,182,-1,0,0,-1
532,1,580,364,334,132,-1,0,0,-1
532,2,1516,383,199,158,-1,0,0,-1
532,3,1117,422,783,182,-1,0,0,-1
533,1,575,364,333,131,-1,0,0,-1
533,2,1516,383,199,158,-1,0,0,-1
533,3,1117,422,783,182,-1,0,0,-1
534,1,571,363,333,132,-1,0,0,-1
534,2,1516,383,199,158,-1,0,0,-1
534,3,1117,422,783,182,-1,0,0,-1
535,1,568,363,333,131,-1,0,0,-1
535,2,1516,383,199,158,-1,0,0,-1
535,3,1117,422,783,182,-1,0,0,-1
536,1,563,363,331,130,-1,0,0,-1
536,2,1516,383,199,158,-1,0,0,-1
536,3,1117,422,783,182,-1,0,0,-1
537,1,560,363,330,130,-1,0,0,-1
537,2,1516,383,199,158,-1,0,0,-1
537,3,1117,422,783,182,-1,0,0,-1
538,1,555,362,329,130,-1,0,0,-1
538,2,1516,383,199,158,-1,0,0,-1
538,3,1117,422,783,182,-1,0,0,-1
539,1,551,362,328,130,-1,0,0,-1
539,2,1516,383,199,158,-1,0,0,-1
539,3,1117,422,783,182,-1,0,0,-1
540,1,549,362,327,129,-1,0,0,-1
540,2,1516,383,199,158,-1,0,0,-1
540,3,1117,422,783,182,-1,0,0,-1
541,1,544,361,326,128,-1,0,0,-1
541,2,1516,383,199,158,-1,0,0,-1
541,3,1117,422,783,182,-1,0,0,-1
542,1,541,361,324,128,-1,0,0,-1
542,2,1516,383,199,158,-1,0,0,-1
542,3,1117,422,783,182,-1,0,0,-1
543,1,538,361,323,127,-1,0,0,-1
543,2,1516,383,199,158,-1,0,0,-1
543,3,1117,422,783,182,-1,0,0,-1
544,1,534,361,321,127,-1,0,0,-1
544,2,1516,383,199,158,-1,0,0,-1
544,3,1117,422,783,182,-1,0,0,-1
545,1,531,360,320,126,-1,0,0,-1
545,2,1516,383,199,158,-1,0,0,-1
545,3,1117,422,783,182,-1,0,0,-1
546,1,527,360,318,125,-1,0,0,-1
546,2,1516,383,199,158,-1,0,0,-1
546,3,1117,422,783,182,-1,0,0,-1
547,1,524,360,316,125,-1,0,0,-1
547,2,1516,383,199,158,-1,0,0,-1
547,3,1117,422,783,182,-1,0,0,-1
548,1,521,359,314,124,-1,0,0,-1
548,2,1516,383,199,158,-1,0,0,-1
548,3,1117,422,783,182,-1,0,0,-1
549,1,518,359,312,123,-1,0,0,-1
549,2,1516,383,199,158,-1,0,0,-1
549,3,1117,422,783,182,-1,0,0,-1
550,1,515,359,311,123,-1,0,0,-1
550,2,1516,383,199,158,-1,0,0,-1
550,3,1117,422,783,182,-1,0,0,-1
551,1,512,358,308,121,-1,0,0,-1
551,2,1516,383,199,158,-1,0,0,-1
551,3,1117,422,783,182,-1,0,0,-1
552,1,510,358,305,120,-1,0,0,-1
552,2,1516,383,199,158,-1,0,0,-1
552,3,1117,422,783,182,-1,0,0,-1
553,1,507,358,303,119,-1,0,0,-1
553,2,1516,383,199,158,-1,0,0,-1
553,3,1117,422,783,182,-1,0,0,-1
554,1,505,358,299,118,-1,0,0,-1
554,2,1516,383,199,158,-1,0,0,-1
554,3,1117,422,783,182,-1,0,0,-1
555,1,505,358,295,116,-1,0,0,-1
555,2,1516,383,199,158,-1,0,0,-1
555,3,1117,422,783,182,-1,0,0,-1
556,1,503,358,290,114,-1,0,0,-1
556,2,1516,383,199,158,-1,0,0,-1
556,3,1117,422,783,182,-1,0,0,-1
557,1,502,357,287,113,-1,0,0,-1
557,2,1516,383,199,158,-1,0,0,-1
557,3,1117,422,783,182,-1,0,0,-1
558,1,500,352,283,125,-1,0,0,-1
558,2,1516,383,199,158,-1,0,0,-1
558,3,1117,422,783,182,-1,0,0,-1
559,1,499,352,279,123,-1,0,0,-1
559,2,1516,383,199,158,-1,0,0,-1
559,3,1117,422,783,182,-1,0,0,-1
560,1,497,352,277,122,-1,0,0,-1
560,2,1516,383,199,158,-1,0,0,-1
560,3,1117,422,783,182,-1,0,0,-1
561,1,493,352,275,121,-1,0,0,-1
561,2,1516,383,199,158,-1,0,0,-1
561,3,1117,422,783,182,-1,0,0,-1
562,1,492,351,272,120,-1,0,0,-1
562,2,1516,383,199,158,-1,0,0,-1
562,3,1117,422,783,182,-1,0,0,-1
563,1,489,348,270,125,-1,0,0,-1
563,2,1516,383,199,158,-1,0,0,-1
563,3,1117,422,783,182,-1,0,0,-1
564,1,491,349,263,122,-1,0,0,-1
564,2,1516,383,199,158,-1,0,0,-1
564,3,1117,422,783,182,-1,0,0,-1
565,1,488,348,262,121,-1,0,0,-1
565,2,1516,383,199,158,-1,0,0,-1
565,3,1117,422,783,182,-1,0,0,-1
566,1,493,346,250,125,-1,0,0,-1
566,2,1516,383,199,158,-1,0,0,-1
566,3,1117,422,783,182,-1,0,0,-1
567,1,493,346,247,123,-1,0,0,-1
567,2,1516,383,199,158,-1,0,0,-1
567,3,1117,422,783,182,-1,0,0,-1
568,1,492,347,242,121,-1,0,0,-1
568,2,1516,383,199,158,-1,0,0,-1
568,3,1117,422,783,182,-1,0,0,-1
569,1,489,346,240,120,-1,0,0,-1
569,2,1516,383,199,158,-1,0,0,-1
569,3,1117,422,783,182,-1,0,0,-1
570,1,490,347,235,118,-1,0,0,-1
570,2,1516,383,199,158,-1,0,0,-1
570,3,1117,422,783,182,-1,0,0,-1
571,1,495,344,224,123,-1,0,0,-1
571,2,1516,383,199,158,-1,0,0,-1
571,3,1117,422,783,182,-1,0,0,-1
572,1,495,344,220,121,-1,0,0,-1
572,2,1516,383,199,158,-1,0,0,-1
572,3,1117,422,783,182,-1,0,0,-1
573,1,495,344,216,119,-1,0,0,-1
573,2,1516,383,199,158,-1,0,0,-1
573,3,1117,422,783,182,-1,0,0,-1
574,1,494,345,212,116,-1,0,0,-1
574,2,1516,383,199,158,-1,0,0,-1
574,3,1117,422,783,182,-1,0,0,-1
575,1,503,341,203,124,-1,0,0,-1
575,2,1516,383,199,158,-1,0,0,-1
575,3,1117,422,783,182,-1,0,0,-1
576,1,502,341,200,122,-1,0,0,-1
576,2,1516,383,199,158,-1,0,0,-1
576,3,1117,422,783,182,-1,0,0,-1
577,1,502,341,195,119,-1,0,0,-1
577,2,1516,383,199,158,-1,0,0,-1
577,3,1117,422,783,182,-1,0,0,-1
578,1,503,342,192,117,-1,0,0,-1
578,2,1516,383,199,158,-1,0,0,-1
578,3,1117,422,783,182,-1,0,0,-1
579,1,503,337,190,127,-1,0,0,-1
579,2,1516,383,199,158,-1,0,0,-1
579,3,1117,422,783,182,-1,0,0,-1
580,1,502,337,188,125,-1,0,0,-1
580,2,1516,383,199,158,-1,0,0,-1
580,3,1117,422,783,182,-1,0,0,-1
581,1,501,337,185,124,-1,0,0,-1
581,2,1516,383,199,158,-1,0,0,-1
581,3,1117,422,783,182,-1,0,0,-1
582,1,504,339,177,118,-1,0,0,-1
582,2,1516,383,199,158,-1,0,0,-1
582,3,1117,422,783,182,-1,0,0,-1
583,1,501,338,179,120,-1,0,0,-1
583,2,1516,383,199,158,-1,0,0,-1
583,3,1117,422,783,182,-1,0,0,-1
584,1,491,334,185,124,-1,0,0,-1
584,2,1516,383,199,158,-1,0,0,-1
584,3,1117,422,783,182,-1,0,0,-1
585,1,491,335,182,122,-1,0,0,-1
585,2,1516,383,199,158,-1,0,0,-1
585,3,1117,422,783,182,-1,0,0,-1
586,1,512,334,159,120,-1,0,0,-1
586,2,1516,383,199,158,-1,0,0,-1
586,3,1117,422,783,182,-1,0,0,-1
587,1,510,334,157,118,-1,0,0,-1
587,2,1516,383,199,158,-1,0,0,-1
587,3,1117,422,783,182,-1,0,0,-1
588,1,509,333,156,118,-1,0,0,-1
588,2,1516,383,199,158,-1,0,0,-1
588,3,1117,422,783,182,-1,0,0,-1
589,1,506,333,155,117,-1,0,0,-1
589,2,1516,383,199,158,-1,0,0,-1
589,3,1117,422,783,182,-1,0,0,-1
590,1,505,329,154,122,-1,0,0,-1
590,2,1516,383,199,158,-1,0,0,-1
590,3,1117,422,783,182,-1,0,0,-1
591,1,505,329,152,120,-1,0,0,-1
591,2,1516,383,199,158,-1,0,0,-1
591,3,1117,422,783,182,-1,0,0,-1
592,1,500,328,152,120,-1,0,0,-1
592,2,1516,383,199,158,-1,0,0,-1
592,3,1117,422,783,182,-1,0,0,-1
593,1,504,330,147,117,-1,0,0,-1
593,2,1516,383,199,158,-1,0,0,-1
593,3,1117,422,783,182,-1,0,0,-1
594,1,518,327,129,119,-1,0,0,-1
594,2,1516,383,199,158,-1,0,0,-1
594,3,1117,422,783,182,-1,0,0,-1
595,1,517,327,128,118,-1,0,0,-1
595,2,1516,383,199,158,-1,0,0,-1
595,3,1117,422,783,182,-1,0,0,-1
596,1,517,327,127,117,-1,0,0,-1
596,2,1516,383,199,158,-1,0,0,-1
596,3,1117,422,783,182,-1,0,0,-1
597,1,520,321,120,122,-1,0,0,-1
597,2,1516,383,199,158,-1,0,0,-1
597,3,1117,422,783,182,-1,0,0,-1
598,1,519,321,120,121,-1,0,0,-1
598,2,1516,383,199,158,-1,0,0,-1
598,3,1117,422,783,182,-1,0,0,-1
599,1,518,320,118,120,-1,0,0,-1
599,2,1516,383,199,158,-1,0,0,-1
599,3,1117,422,783,182,-1,0,0,-1
600,1,516,319,119,120,-1,0,0,-1
600,2,1516,383,199,158,-1,0,0,-1
600,3,1117,422,783,182,-1,0,0,-1
601,1,521,318,115,123,-1,0,0,-1
601,2,1516,383,199,158,-1,0,0,-1
601,3,1117,422,783,182,-1,0,0,-1
602,1,519,317,114,122,-1,0,0,-1
602,2,1516,383,199,158,-1,0,0,-1
602,3,1117,422,783,182,-1,0,0,-1
603,1,518,316,114,122,-1,0,0,-1
603,2,1516,383,199,158,-1,0,0,-1
603,3,1117,422,783,182,-1,0,0,-1
604,1,516,315,114,122,-1,0,0,-1
604,2,1516,383,199,158,-1,0,0,-1
604,3,1117,422,783,182,-1,0,0,-1
605,1,514,314,114,122,-1,0,0,-1
605,2,1516,383,199,158,-1,0,0,-1
605,3,1117,422,783,182,-1,0,0,-1
606,1,522,314,103,121,-1,0,0,-1
606,2,1516,383,199,158,-1,0,0,-1
606,3,1117,422,783,182,-1,0,0,-1
607,1,520,312,103,121,-1,0,0,-1
607,2,1516,383,199,158,-1,0,0,-1
607,3,1117,422,783,182,-1,0,0,-1
608,1,520,312,103,120,-1,0,0,-1
608,2,1516,383,199,158,-1,0,0,-1
608,3,1117,422,783,182,-1,0,0,-1
609,1,516,310,107,122,-1,0,0,-1
609,2,1516,383,199,158,-1,0,0,-1
609,3,1117,422,783,182,-1,0,0,-1
610,1,515,309,107,122,-1,0,0,-1
610,2,1516,383,199,158,-1,0,0,-1
610,3,1117,422,783,182,-1,0,0,-1
611,1,514,307,108,123,-1,0,0,-1
611,2,1516,383,199,158,-1,0,0,-1
611,3,1117,422,783,182,-1,0,0,-1
612,1,511,306,107,122,-1,0,0,-1
612,2,1516,383,199,158,-1,0,0,-1
612,3,1117,422,783,182,-1,0,0,-1
613,1,515,306,113,122,-1,0,0,-1
613,2,1516,383,199,158,-1,0,0,-1
613,3,1117,422,783,182,-1,0,0,-1
614,1,514,304,114,123,-1,0,0,-1
614,2,1516,383,199,158,-1,0,0,-1
614,3,1117,422,783,182,-1,0,0,-1
615,1,514,302,114,123,-1,0,0,-1
615,2,1516,383,199,158,-1,0,0,-1
615,3,1117,422,783,182,-1,0,0,-1
616,1,513,302,123,123,-1,0,0,-1
616,2,1516,383,199,158,-1,0,0,-1
616,3,1117,422,783,182,-1,0,0,-1
617,1,512,300,124,124,-1,0,0,-1
617,2,1516,383,199,158,-1,0,0,-1
617,3,1117,422,783,182,-1,0,0,-1
618,1,512,299,125,125,-1,0,0,-1
618,2,1516,383,199,158,-1,0,0,-1
618,3,1117,422,783,182,-1,0,0,-1
619,1,508,298,138,123,-1,0,0,-1
619,2,1516,383,199,158,-1,0,0,-1
619,3,1117,422,783,182,-1,0,0,-1
620,1,508,296,139,124,-1,0,0,-1
620,2,1516,383,199,158,-1,0,0,-1
620,3,1117,422,783,182,-1,0,0,-1
621,1,506,297,149,122,-1,0,0,-1
621,2,1516,383,199,158,-1,0,0,-1
621,3,1117,422,783,182,-1,0,0,-1
622,1,505,294,152,124,-1,0,0,-1
622,2,1516,383,199,158,-1,0,0,-1
622,3,1117,422,783,182,-1,0,0,-1
623,1,506,294,157,123,-1,0,0,-1
623,2,1516,383,199,158,-1,0,0,-1
623,3,1117,422,783,182,-1,0,0,-1
624,1,506,292,159,125,-1,0,0,-1
624,2,1516,383,199,158,-1,0,0,-1
624,3,1117,422,783,182,-1,0,0,-1
625,1,505,289,168,127,-1,0,0,-1
625,2,1516,383,199,158,-1,0,0,-1
625,3,1117,422,783,182,-1,0,0,-1
626,1,505,288,169,128,-1,0,0,-1
626,2,1516,383,199,158,-1,0,0,-1
626,3,1117,422,783,182,-1,0,0,-1
627,1,505,285,173,131,-1,0,0,-1
627,2,1516,383,199,158,-1,0,0,-1
627,3,1117,422,783,182,-1,0,0,-1
628,1,505,289,182,121,-1,0,0,-1
628,2,1516,383,199,158,-1,0,0,-1
628,3,1117,422,783,182,-1,0,0,-1
629,1,505,288,183,122,-1,0,0,-1
629,2,1516,383,199,158,-1,0,0,-1
629,3,1117,422,783,182,-1,0,0,-1
630,1,506,285,186,124,-1,0,0,-1
630,2,1516,383,199,158,-1,0,0,-1
630,3,1117,422,783,182,-1,0,0,-1
631,1,506,285,185,123,-1,0,0,-1
631,2,1516,383,199,158,-1,0,0,-1
631,3,1117,422,783,182,-1,0,0,-1
632,1,506,283,189,125,-1,0,0,-1
632,2,1516,383,199,158,-1,0,0,-1
632,3,1117,422,783,182,-1,0,0,-1
633,1,508,282,187,124,-1,0,0,-1
633,2,1516,383,199,158,-1,0,0,-1
633,3,1117,422,783,182,-1,0,0,-1
634,1,508,282,194,121,-1,0,0,-1
634,2,1516,383,199,158,-1,0,0,-1
634,3,1117,422,783,182,-1,0,0,-1
635,1,509,280,195,122,-1,0,0,-1
635,2,1516,383,199,158,-1,0,0,-1
635,3,1117,422,783,182,-1,0,0,-1
636,1,509,281,194,121,-1,0,0,-1
636,2,1516,383,199,158,-1,0,0,-1
636,3,1117,422,783,182,-1,0,0,-1
637,1,509,280,195,121,-1,0,0,-1
637,2,1516,383,199,158,-1,0,0,-1
637,3,1117,422,783,182,-1,0,0,-1
638,1,509,281,194,121,-1,0,0,-1
638,2,1516,383,199,158,-1,0,0,-1
638,3,1117,422,783,182,-1,0,0,-1
639,1,509,280,195,121,-1,0,0,-1
639,2,1516,383,199,158,-1,0,0,-1
639,3,1117,422,783,182,-1,0,0,-1
640,1,509,280,194,121,-1,0,0,-1
640,2,1516,383,199,158,-1,0,0,-1
640,3,1117,422,783,182,-1,0,0,-1
641,1,509,280,195,121,-1,0,0,-1
641,2,1516,383,199,158,-1,0,0,-1
641,3,1117,422,782,182,-1,0,0,-1
642,1,509,280,195,121,-1,0,0,-1
642,2,1516,383,199,158,-1,0,0,-1
642,3,1117,422,783,182,-1,0,0,-1
643,1,509,280,195,121,-1,0,0,-1
643,2,1516,383,199,158,-1,0,0,-1
643,3,1117,422,783,182,-1,0,0,-1
644,1,509,280,195,122,-1,0,0,-1
644,2,1516,383,199,158,-1,0,0,-1
644,3,1117,422,783,182,-1,0,0,-1
645,1,509,280,195,121,-1,0,0,-1
645,2,1516,383,199,158,-1,0,0,-1
645,3,1117,422,782,182,-1,0,0,-1
646,1,509,281,194,121,-1,0,0,-1
646,2,1516,383,199,158,-1,0,0,-1
646,3,1117,422,783,182,-1,0,0,-1
647,1,509,280,195,122,-1,0,0,-1
647,2,1516,383,199,158,-1,0,0,-1
647,3,1117,422,783,182,-1,0,0,-1
648,1,509,280,195,121,-1,0,0,-1
648,2,1516,383,199,158,-1,0,0,-1
648,3,1117,422,783,182,-1,0,0,-1
649,1,509,280,195,121,-1,0,0,-1
649,2,1516,383,199,158,-1,0,0,-1
649,3,1117,422,783,182,-1,0,0,-1
650,1,509,280,195,121,-1,0,0,-1
650,2,1516,383,199,158,-1,0,0,-1
650,3,1117,422,783,182,-1,0,0,-1
651,1,509,280,195,121,-1,0,0,-1
651,2,1516,383,199,158,-1,0,0,-1
651,3,1117,422,783,182,-1,0,0,-1
652,1,509,280,194,121,-1,0,0,-1
652,2,1516,383,199,158,-1,0,0,-1
652,3,1117,422,784,182,-1,0,0,-1
653,1,509,280,195,121,-1,0,0,-1
653,2,1516,383,199,158,-1,0,0,-1
653,3,1117,422,783,182,-1,0,0,-1
654,1,509,280,195,122,-1,0,0,-1
654,2,1516,383,199,158,-1,0,0,-1
654,3,1117,422,783,182,-1,0,0,-1
655,1,509,280,195,121,-1,0,0,-1
655,2,1516,383,199,158,-1,0,0,-1
655,3,1117,422,783,182,-1,0,0,-1
656,1,509,280,195,121,-1,0,0,-1
656,2,1516,383,199,158,-1,0,0,-1
656,3,1117,422,783,182,-1,0,0,-1
657,1,509,280,195,121,-1,0,0,-1
657,2,1516,383,199,158,-1,0,0,-1
657,3,1117,422,783,182,-1,0,0,-1
658,1,509,281,194,121,-1,0,0,-1
658,2,1516,383,199,158,-1,0,0,-1
658,3,1117,422,783,182,-1,0,0,-1
659,1,509,280,195,122,-1,0,0,-1
659,2,1516,383,199,158,-1,0,0,-1
659,3,1117,422,783,182,-1,0,0,-1
660,1,509,280,195,122,-1,0,0,-1
660,2,1516,383,199,158,-1,0,0,-1
660,3,1117,422,783,182,-1,0,0,-1
661,1,509,280,195,122,-1,0,0,-1
661,2,1516,383,199,158,-1,0,0,-1
661,3,1117,422,783,182,-1,0,0,-1
662,1,509,280,195,121,-1,0,0,-1
662,2,1516,383,199,158,-1,0,0,-1
662,3,1117,422,783,182,-1,0,0,-1
663,1,509,281,194,121,-1,0,0,-1
663,2,1516,383,199,158,-1,0,0,-1
663,3,1117,422,783,182,-1,0,0,-1
664,1,509,280,195,121,-1,0,0,-1
664,2,1516,383,199,158,-1,0,0,-1
664,3,1117,422,783,182,-1,0,0,-1
665,1,509,280,194,121,-1,0,0,-1
665,2,1516,383,199,158,-1,0,0,-1
665,3,1117,422,783,182,-1,0,0,-1
666,1,510,280,195,121,-1,0,0,-1
666,2,1517,383,199,158,-1,0,0,-1
666,3,1118,422,783,182,-1,0,0,-1
