1,1,76,171,836,222,-1,0,0,-1
1,2,325,270,85,122,-1,0,0,-1
1,3,1386,288,534,175,-1,0,0,-1
2,1,76,171,836,222,-1,0,0,-1
2,2,325,270,85,122,-1,0,0,-1
2,3,1385,288,533,175,-1,0,0,-1
3,1,76,171,836,222,-1,0,0,-1
3,2,325,270,85,122,-1,0,0,-1
3,3,1384,280,534,183,-1,0,0,-1
4,1,76,171,836,222,-1,0,0,-1
4,2,325,270,85,122,-1,0,0,-1
4,3,1383,280,537,182,-1,0,0,-1
5,1,76,171,836,222,-1,0,0,-1
5,2,325,270,85,122,-1,0,0,-1
5,3,1382,280,536,182,-1,0,0,-1
6,1,76,171,836,222,-1,0,0,-1
6,2,325,270,85,122,-1,0,0,-1
6,3,1381,278,537,183,-1,0,0,-1
7,1,76,171,836,222,-1,0,0,-1
7,2,325,270,85,122,-1,0,0,-1
7,3,1380,278,541,182,-1,0,0,-1
8,1,76,171,836,222,-1,0,0,-1
8,2,325,270,85,122,-1,0,0,-1
8,3,1379,278,539,182,-1,0,0,-1
9,1,76,171,836,222,-1,0,0,-1
9,2,325,270,85,122,-1,0,0,-1
9,3,1374,269,545,190,-1,0,0,-1
10,1,76,171,836,222,-1,0,0,-1
10,2,325,270,85,122,-1,0,0,-1
10,3,1373,269,544,189,-1,0,0,-1
11,1,76,171,836,222,-1,0,0,-1
11,2,325,270,85,122,-1,0,0,-1
11,3,1371,264,548,195,-1,0,0,-1
12,1,76,171,836,222,-1,0,0,-1
12,2,325,270,85,122,-1,0,0,-1
12,3,1367,259,553,200,-1,0,0,-1
13,1,76,171,836,222,-1,0,0,-1
13,2,325,270,85,122,-1,0,0,-1
13,3,1366,259,552,200,-1,0,0,-1
14,1,76,171,836,222,-1,0,0,-1
14,2,325,270,85,122,-1,0,0,-1
14,3,1365,259,557,199,-1,0,0,-1
15,1,76,171,836,222,-1,0,0,-1
15,2,325,270,85,122,-1,0,0,-1
15,3,1364,259,554,199,-1,0,0,-1
16,1,76,171,836,222,-1,0,0,-1
16,2,325,270,85,122,-1,0,0,-1
16,3,1361,259,557,199,-1,0,0,-1
17,1,76,171,836,222,-1,0,0,-1
17,2,325,270,85,122,-1,0,0,-1
17,3,1360,259,557,199,-1,0,0,-1
18,1,76,171,836,222,-1,0,0,-1
18,2,325,270,85,122,-1,0,0,-1
18,3,1359,260,562,197,-1,0,0,-1
19,1,76,171,836,222,-1,0,0,-1
19,2,325,270,85,122,-1,0,0,-1
19,3,1358,260,560,197,-1,0,0,-1
20,1,76,171,836,222,-1,0,0,-1
20,2,325,270,85,122,-1,0,0,-1
20,3,1355,259,563,198,-1,0,0,-1
21,1,76,171,836,222,-1,0,0,-1
21,2,325,270,85,122,-1,0,0,-1
21,3,1356,261,553,194,-1,0,0,-1
22,1,76,171,836,222,-1,0,0,-1
22,2,325,270,85,122,-1,0,0,-1
22,3,1352,258,568,198,-1,0,0,-1
23,1,76,171,836,222,-1,0,0,-1
23,2,325,270,85,122,-1,0,0,-1
23,3,1351,258,567,198,-1,0,0,-1
24,1,76,171,836,222,-1,0,0,-1
24,2,325,270,85,122,-1,0,0,-1
24,3,1351,259,564,196,-1,0,0,-1
25,1,76,171,836,222,-1,0,0,-1
25,2,325,270,85,122,-1,0,0,-1
25,3,1346,258,565,197,-1,0,0,-1
26,1,76,171,836,222,-1,0,0,-1
26,2,325,270,85,122,-1,0,0,-1
26,3,1345,259,563,196,-1,0,0,-1
27,1,76,171,836,222,-1,0,0,-1
27,2,325,270,85,122,-1,0,0,-1
27,3,1343,259,573,195,-1,0,0,-1
28,1,76,171,836,222,-1,0,0,-1
28,2,325,270,85,122,-1,0,0,-1
28,3,1342,259,572,195,-1,0,0,-1
29,1,76,171,836,222,-1,0,0,-1
29,2,325,270,85,122,-1,0,0,-1
29,3,1341,259,572,195,-1,0,0,-1
30,1,76,171,836,222,-1,0,0,-1
30,2,325,270,85,122,-1,0,0,-1
30,3,1341,260,565,192,-1,0,0,-1
31,1,76,171,836,222,-1,0,0,-1
31,2,325,270,85,122,-1,0,0,-1
31,3,1335,260,583,193,-1,0,0,-1
32,1,76,171,836,222,-1,0,0,-1
32,2,325,270,85,122,-1,0,0,-1
32,3,1334,260,582,193,-1,0,0,-1
33,1,76,171,836,222,-1,0,0,-1
33,2,325,270,85,122,-1,0,0,-1
33,3,1330,260,592,193,-1,0,0,-1
34,1,76,171,836,222,-1,0,0,-1
34,2,325,270,85,122,-1,0,0,-1
34,3,1329,260,589,193,-1,0,0,-1
35,1,76,171,836,222,-1,0,0,-1
35,2,325,270,85,122,-1,0,0,-1
35,3,1327,260,590,193,-1,0,0,-1
36,1,76,171,836,222,-1,0,0,-1
36,2,325,270,85,122,-1,0,0,-1
36,3,1327,261,583,191,-1,0,0,-1
37,1,76,171,836,222,-1,0,0,-1
37,2,325,270,85,122,-1,0,0,-1
37,3,1323,261,585,191,-1,0,0,-1
38,1,76,171,836,222,-1,0,0,-1
38,2,325,270,85,122,-1,0,0,-1
38,3,1322,261,600,191,-1,0,0,-1
39,1,76,171,836,222,-1,0,0,-1
39,2,325,270,85,122,-1,0,0,-1
39,3,1321,261,597,191,-1,0,0,-1
40,1,76,171,835,222,-1,0,0,-1
40,2,325,270,85,122,-1,0,0,-1
40,3,1320,261,597,191,-1,0,0,-1
41,1,76,171,836,222,-1,0,0,-1
41,2,325,270,85,122,-1,0,0,-1
41,3,1320,259,599,193,-1,0,0,-1
42,1,76,171,836,222,-1,0,0,-1
42,2,325,270,85,122,-1,0,0,-1
42,3,1319,259,599,193,-1,0,0,-1
43,1,76,171,836,222,-1,0,0,-1
43,2,325,270,85,122,-1,0,0,-1
43,3,1318,259,598,193,-1,0,0,-1
44,1,76,171,836,222,-1,0,0,-1
44,2,325,270,85,122,-1,0,0,-1
44,3,1317,260,591,191,-1,0,0,-1
45,1,76,171,836,222,-1,0,0,-1
45,2,325,270,85,122,-1,0,0,-1
45,3,1313,260,606,193,-1,0,0,-1
46,1,76,171,836,222,-1,0,0,-1
46,2,325,270,85,122,-1,0,0,-1
46,3,1312,260,598,193,-1,0,0,-1
47,1,76,171,836,222,-1,0,0,-1
47,2,325,270,85,122,-1,0,0,-1
47,3,1311,260,598,193,-1,0,0,-1
48,1,76,171,836,222,-1,0,0,-1
48,2,325,270,85,122,-1,0,0,-1
48,3,1309,260,598,193,-1,0,0,-1
49,1,76,171,836,222,-1,0,0,-1
49,2,325,270,85,122,-1,0,0,-1
49,3,1309,258,594,195,-1,0,0,-1
50,1,76,171,836,222,-1,0,0,-1
50,2,325,270,85,122,-1,0,0,-1
50,3,1308,258,594,195,-1,0,0,-1
51,1,76,171,836,222,-1,0,0,-1
51,2,325,270,85,122,-1,0,0,-1
51,3,1307,259,585,194,-1,0,0,-1
52,1,76,171,836,222,-1,0,0,-1
52,2,325,270,85,122,-1,0,0,-1
52,3,1306,259,585,194,-1,0,0,-1
53,1,76,171,836,222,-1,0,0,-1
53,2,325,270,85,122,-1,0,0,-1
53,3,1304,258,587,195,-1,0,0,-1
54,1,76,171,836,222,-1,0,0,-1
54,2,325,270,85,122,-1,0,0,-1
54,3,1305,260,579,192,-1,0,0,-1
55,1,76,171,836,222,-1,0,0,-1
55,2,325,270,85,122,-1,0,0,-1
55,3,1299,260,581,192,-1,0,0,-1
56,1,76,171,836,222,-1,0,0,-1
56,2,325,270,85,122,-1,0,0,-1
56,3,1298,260,581,192,-1,0,0,-1
57,1,76,171,836,222,-1,0,0,-1
57,2,325,270,85,122,-1,0,0,-1
57,3,1297,260,581,192,-1,0,0,-1
58,1,76,171,836,222,-1,0,0,-1
58,2,325,270,85,122,-1,0,0,-1
58,3,1292,258,582,194,-1,0,0,-1
59,1,76,171,836,222,-1,0,0,-1
59,2,325,270,85,122,-1,0,0,-1
59,3,1291,258,582,194,-1,0,0,-1
60,1,76,171,836,222,-1,0,0,-1
60,2,325,270,85,122,-1,0,0,-1
60,3,1289,258,583,194,-1,0,0,-1
61,1,76,171,836,222,-1,0,0,-1
61,2,325,270,85,122,-1,0,0,-1
61,3,1289,259,575,192,-1,0,0,-1
62,1,76,171,836,222,-1,0,0,-1
62,2,325,270,85,122,-1,0,0,-1
62,3,1285,259,577,192,-1,0,0,-1
63,1,76,171,836,222,-1,0,0,-1
63,2,325,270,85,122,-1,0,0,-1
63,3,1284,259,575,192,-1,0,0,-1
64,1,76,171,836,222,-1,0,0,-1
64,2,325,270,85,122,-1,0,0,-1
64,3,1282,259,574,191,-1,0,0,-1
65,1,76,171,836,222,-1,0,0,-1
65,2,325,270,85,122,-1,0,0,-1
65,3,1280,259,574,191,-1,0,0,-1
66,1,76,171,836,222,-1,0,0,-1
66,2,325,270,85,122,-1,0,0,-1
66,3,1279,259,573,191,-1,0,0,-1
67,1,76,171,836,222,-1,0,0,-1
67,2,325,270,85,122,-1,0,0,-1
67,3,1279,259,573,191,-1,0,0,-1
68,1,76,171,836,222,-1,0,0,-1
68,2,325,270,85,122,-1,0,0,-1
68,3,1278,259,573,191,-1,0,0,-1
69,1,76,171,836,222,-1,0,0,-1
69,2,325,270,85,122,-1,0,0,-1
69,3,1277,259,573,191,-1,0,0,-1
70,1,76,171,836,222,-1,0,0,-1
70,2,325,270,85,122,-1,0,0,-1
70,3,1276,259,568,191,-1,0,0,-1
71,1,76,171,836,222,-1,0,0,-1
71,2,325,270,85,122,-1,0,0,-1
71,3,1275,259,563,191,-1,0,0,-1
72,1,76,171,836,222,-1,0,0,-1
72,2,325,270,85,122,-1,0,0,-1
72,3,1274,259,563,191,-1,0,0,-1
73,1,76,171,836,222,-1,0,0,-1
73,2,325,270,85,122,-1,0,0,-1
73,3,1273,259,554,191,-1,0,0,-1
74,1,76,171,836,222,-1,0,0,-1
74,2,325,270,85,122,-1,0,0,-1
74,3,1272,259,554,191,-1,0,0,-1
75,1,76,171,836,222,-1,0,0,-1
75,2,325,270,85,122,-1,0,0,-1
75,3,1271,259,554,191,-1,0,0,-1
76,1,76,171,836,222,-1,0,0,-1
76,2,325,270,85,122,-1,0,0,-1
76,3,1268,259,557,190,-1,0,0,-1
77,1,76,171,836,222,-1,0,0,-1
77,2,325,270,85,122,-1,0,0,-1
77,3,1267,259,555,190,-1,0,0,-1
78,1,76,171,836,222,-1,0,0,-1
78,2,325,270,85,122,-1,0,0,-1
78,3,1266,259,555,190,-1,0,0,-1
79,1,76,171,836,222,-1,0,0,-1
79,2,325,270,85,122,-1,0,0,-1
79,3,1266,260,551,189,-1,0,0,-1
80,1,76,171,836,222,-1,0,0,-1
80,2,325,270,85,122,-1,0,0,-1
80,3,1264,258,558,191,-1,0,0,-1
81,1,76,171,837,222,-1,0,0,-1
81,2,325,270,85,122,-1,0,0,-1
81,3,1261,260,550,188,-1,0,0,-1
82,1,76,171,836,222,-1,0,0,-1
82,2,325,270,85,122,-1,0,0,-1
82,3,1260,260,549,188,-1,0,0,-1
83,1,76,171,836,222,-1,0,0,-1
83,2,325,270,85,122,-1,0,0,-1
83,3,1258,260,548,187,-1,0,0,-1
84,1,76,171,836,222,-1,0,0,-1
84,2,325,270,85,122,-1,0,0,-1
84,3,1257,260,546,187,-1,0,0,-1
85,1,76,171,836,222,-1,0,0,-1
85,2,325,270,85,122,-1,0,0,-1
85,3,1256,260,546,187,-1,0,0,-1
86,1,76,171,836,222,-1,0,0,-1
86,2,325,270,85,122,-1,0,0,-1
86,3,1255,260,547,187,-1,0,0,-1
87,1,76,171,836,222,-1,0,0,-1
87,2,325,270,85,122,-1,0,0,-1
87,3,1254,260,547,187,-1,0,0,-1
88,1,76,171,836,222,-1,0,0,-1
88,2,325,270,85,122,-1,0,0,-1
88,3,1253,260,547,187,-1,0,0,-1
89,1,76,171,835,222,-1,0,0,-1
89,2,325,270,85,122,-1,0,0,-1
89,3,1246,260,544,187,-1,0,0,-1
90,1,76,171,836,222,-1,0,0,-1
90,2,325,270,85,122,-1,0,0,-1
90,3,1245,260,543,187,-1,0,0,-1
91,1,76,171,836,222,-1,0,0,-1
91,2,325,270,85,122,-1,0,0,-1
91,3,1244,260,544,187,-1,0,0,-1
92,1,76,171,836,222,-1,0,0,-1
92,2,325,270,85,122,-1,0,0,-1
92,3,1239,258,551,189,-1,0,0,-1
93,1,76,171,836,222,-1,0,0,-1
93,2,325,270,85,122,-1,0,0,-1
93,3,1240,260,540,186,-1,0,0,-1
94,1,76,171,837,222,-1,0,0,-1
94,2,325,270,85,122,-1,0,0,-1
94,3,1238,260,539,185,-1,0,0,-1
95,1,76,171,836,222,-1,0,0,-1
95,2,325,270,85,122,-1,0,0,-1
95,3,1237,261,537,185,-1,0,0,-1
96,1,76,171,836,222,-1,0,0,-1
96,2,325,270,85,122,-1,0,0,-1
96,3,1236,261,536,184,-1,0,0,-1
97,1,76,171,836,222,-1,0,0,-1
97,2,325,270,85,122,-1,0,0,-1
97,3,1235,261,536,184,-1,0,0,-1
98,1,76,171,836,222,-1,0,0,-1
98,2,325,270,85,122,-1,0,0,-1
98,3,1234,261,536,184,-1,0,0,-1
99,1,76,171,836,222,-1,0,0,-1
99,2,325,270,85,122,-1,0,0,-1
99,3,1233,261,543,184,-1,0,0,-1
100,1,76,171,836,222,-1,0,0,-1
100,2,325,270,85,122,-1,0,0,-1
100,3,1232,261,543,184,-1,0,0,-1
101,1,76,171,836,222,-1,0,0,-1
101,2,325,270,85,122,-1,0,0,-1
101,3,1231,261,540,183,-1,0,0,-1
102,1,76,171,836,222,-1,0,0,-1
102,2,325,270,85,122,-1,0,0,-1
102,3,1227,260,525,186,-1,0,0,-1
103,1,76,171,836,222,-1,0,0,-1
103,2,325,270,85,122,-1,0,0,-1
103,3,1226,260,525,186,-1,0,0,-1
104,1,76,171,836,222,-1,0,0,-1
104,2,325,270,85,122,-1,0,0,-1
104,3,1226,261,519,184,-1,0,0,-1
105,1,76,171,836,222,-1,0,0,-1
105,2,325,270,85,122,-1,0,0,-1
105,3,1223,260,526,186,-1,0,0,-1
106,1,76,171,836,222,-1,0,0,-1
106,2,325,270,85,122,-1,0,0,-1
106,3,1224,261,518,183,-1,0,0,-1
107,1,76,171,836,222,-1,0,0,-1
107,2,325,270,85,122,-1,0,0,-1
107,3,1220,260,521,184,-1,0,0,-1
108,1,76,171,836,222,-1,0,0,-1
108,2,325,270,85,122,-1,0,0,-1
108,3,1221,262,514,182,-1,0,0,-1
109,1,76,171,836,222,-1,0,0,-1
109,2,325,270,85,122,-1,0,0,-1
109,3,1220,262,514,182,-1,0,0,-1
110,1,76,171,836,222,-1,0,0,-1
110,2,325,270,85,122,-1,0,0,-1
110,3,1219,262,514,182,-1,0,0,-1
111,1,76,171,836,222,-1,0,0,-1
111,2,325,270,85,122,-1,0,0,-1
111,3,1214,262,518,182,-1,0,0,-1
112,1,76,171,836,222,-1,0,0,-1
112,2,325,270,85,122,-1,0,0,-1
112,3,1213,262,518,182,-1,0,0,-1
113,1,76,171,836,222,-1,0,0,-1
113,2,325,270,85,122,-1,0,0,-1
113,3,1212,262,518,182,-1,0,0,-1
114,1,76,171,836,222,-1,0,0,-1
114,2,325,270,85,122,-1,0,0,-1
114,3,1212,263,511,180,-1,0,0,-1
115,1,76,171,836,222,-1,0,0,-1
115,2,325,270,85,122,-1,0,0,-1
115,3,1208,262,514,181,-1,0,0,-1
116,1,76,171,836,222,-1,0,0,-1
116,2,325,270,85,122,-1,0,0,-1
116,3,1207,263,513,180,-1,0,0,-1
117,1,76,171,835,222,-1,0,0,-1
117,2,325,270,85,122,-1,0,0,-1
117,3,1205,263,512,180,-1,0,0,-1
118,1,76,171,836,222,-1,0,0,-1
118,2,325,270,85,122,-1,0,0,-1
118,3,1204,263,511,180,-1,0,0,-1
119,1,76,171,836,222,-1,0,0,-1
119,2,325,270,85,122,-1,0,0,-1
119,3,1203,263,510,179,-1,0,0,-1
120,1,76,171,836,222,-1,0,0,-1
120,2,325,270,85,122,-1,0,0,-1
120,3,1201,263,509,179,-1,0,0,-1
121,1,76,171,836,222,-1,0,0,-1
121,2,325,270,85,122,-1,0,0,-1
121,3,1200,263,509,179,-1,0,0,-1
122,1,76,171,836,222,-1,0,0,-1
122,2,325,270,85,122,-1,0,0,-1
122,3,1199,263,507,178,-1,0,0,-1
123,1,76,171,836,222,-1,0,0,-1
123,2,325,270,85,122,-1,0,0,-1
123,3,1197,263,506,178,-1,0,0,-1
124,1,76,171,837,222,-1,0,0,-1
124,2,325,270,85,122,-1,0,0,-1
124,3,1196,263,506,178,-1,0,0,-1
125,1,76,171,837,222,-1,0,0,-1
125,2,325,270,85,122,-1,0,0,-1
125,3,1196,263,506,178,-1,0,0,-1
126,1,76,171,836,222,-1,0,0,-1
126,2,325,270,85,122,-1,0,0,-1
126,3,1195,263,506,178,-1,0,0,-1
127,1,76,171,836,222,-1,0,0,-1
127,2,325,270,85,122,-1,0,0,-1
127,3,1195,263,506,178,-1,0,0,-1
128,1,76,171,836,222,-1,0,0,-1
128,2,325,270,85,122,-1,0,0,-1
128,3,1194,264,505,178,-1,0,0,-1
129,1,76,171,836,222,-1,0,0,-1
129,2,325,270,85,122,-1,0,0,-1
129,3,1194,264,505,177,-1,0,0,-1
130,1,76,171,836,222,-1,0,0,-1
130,2,325,270,85,122,-1,0,0,-1
130,3,1193,263,505,177,-1,0,0,-1
131,1,76,171,837,222,-1,0,0,-1
131,2,325,270,85,122,-1,0,0,-1
131,3,1192,263,505,177,-1,0,0,-1
132,1,76,171,836,222,-1,0,0,-1
132,2,325,270,85,122,-1,0,0,-1
132,3,1188,263,499,177,-1,0,0,-1
133,1,76,171,836,222,-1,0,0,-1
133,2,325,270,85,122,-1,0,0,-1
133,3,1187,263,500,177,-1,0,0,-1
134,1,76,171,836,222,-1,0,0,-1
134,2,325,270,85,122,-1,0,0,-1
134,3,1185,262,500,177,-1,0,0,-1
135,1,76,171,836,222,-1,0,0,-1
135,2,325,270,85,122,-1,0,0,-1
135,3,1185,264,494,175,-1,0,0,-1
136,1,76,171,836,222,-1,0,0,-1
136,2,325,270,85,122,-1,0,0,-1
136,3,1180,262,503,178,-1,0,0,-1
137,1,76,171,836,222,-1,0,0,-1
137,2,325,270,85,122,-1,0,0,-1
137,3,1181,263,494,175,-1,0,0,-1
138,1,76,171,836,222,-1,0,0,-1
138,2,325,270,85,122,-1,0,0,-1
138,3,1180,264,493,175,-1,0,0,-1
139,1,76,171,836,222,-1,0,0,-1
139,2,325,270,85,122,-1,0,0,-1
139,3,1179,264,492,175,-1,0,0,-1
140,1,76,171,836,222,-1,0,0,-1
140,2,325,270,85,122,-1,0,0,-1
140,3,1177,264,492,174,-1,0,0,-1
141,1,76,171,836,222,-1,0,0,-1
141,2,325,270,85,122,-1,0,0,-1
141,3,1175,264,491,174,-1,0,0,-1
142,1,76,171,836,222,-1,0,0,-1
142,2,325,270,85,122,-1,0,0,-1
142,3,1175,264,490,174,-1,0,0,-1
143,1,76,171,836,222,-1,0,0,-1
143,2,325,270,85,122,-1,0,0,-1
143,3,1174,264,490,174,-1,0,0,-1
144,1,76,171,836,222,-1,0,0,-1
144,2,325,270,85,122,-1,0,0,-1
144,3,1173,264,490,174,-1,0,0,-1
145,1,76,171,836,222,-1,0,0,-1
145,2,325,270,85,122,-1,0,0,-1
145,3,1172,264,489,174,-1,0,0,-1
146,1,76,171,836,222,-1,0,0,-1
146,2,325,270,85,122,-1,0,0,-1
146,3,1168,264,486,174,-1,0,0,-1
147,1,77,171,835,222,-1,0,0,-1
147,2,325,270,85,122,-1,0,0,-1
147,3,1167,264,486,174,-1,0,0,-1
148,1,76,171,836,222,-1,0,0,-1
148,2,325,270,85,122,-1,0,0,-1
148,3,1165,263,488,175,-1,0,0,-1
149,1,76,171,836,222,-1,0,0,-1
149,2,325,270,85,122,-1,0,0,-1
149,3,1166,265,480,172,-1,0,0,-1
150,1,76,171,836,222,-1,0,0,-1
150,2,325,270,85,122,-1,0,0,-1
150,3,1163,264,482,173,-1,0,0,-1
151,1,76,171,836,222,-1,0,0,-1
151,2,325,270,85,122,-1,0,0,-1
151,3,1162,264,481,172,-1,0,0,-1
152,1,76,171,836,222,-1,0,0,-1
152,2,325,270,85,122,-1,0,0,-1
152,3,1160,265,481,172,-1,0,0,-1
153,1,76,171,836,222,-1,0,0,-1
153,2,325,270,85,122,-1,0,0,-1
153,3,1159,259,479,178,-1,0,0,-1
154,1,76,171,836,222,-1,0,0,-1
154,2,325,270,85,122,-1,0,0,-1
154,3,1158,259,479,178,-1,0,0,-1
155,1,76,171,836,222,-1,0,0,-1
155,2,325,270,85,122,-1,0,0,-1
155,3,1157,259,479,178,-1,0,0,-1
156,1,76,171,836,222,-1,0,0,-1
156,2,325,270,85,122,-1,0,0,-1
156,3,1157,260,474,176,-1,0,0,-1
157,1,76,171,836,222,-1,0,0,-1
157,2,325,270,85,122,-1,0,0,-1
157,3,1154,260,476,177,-1,0,0,-1
158,1,76,171,836,222,-1,0,0,-1
158,2,325,270,85,122,-1,0,0,-1
158,3,1150,258,484,180,-1,0,0,-1
159,1,76,171,836,222,-1,0,0,-1
159,2,325,270,85,122,-1,0,0,-1
159,3,1151,260,475,176,-1,0,0,-1
160,1,76,171,836,222,-1,0,0,-1
160,2,325,270,85,122,-1,0,0,-1
160,3,1151,260,472,176,-1,0,0,-1
161,1,76,171,836,222,-1,0,0,-1
161,2,325,270,85,122,-1,0,0,-1
161,3,1149,260,472,175,-1,0,0,-1
162,1,76,171,836,222,-1,0,0,-1
162,2,325,270,85,122,-1,0,0,-1
162,3,1148,260,471,175,-1,0,0,-1
163,1,76,171,836,222,-1,0,0,-1
163,2,325,270,85,122,-1,0,0,-1
163,3,1147,260,471,175,-1,0,0,-1
164,1,76,171,836,222,-1,0,0,-1
164,2,325,270,85,122,-1,0,0,-1
164,3,1147,260,470,175,-1,0,0,-1
165,1,76,171,836,222,-1,0,0,-1
165,2,325,270,85,122,-1,0,0,-1
165,3,1146,260,470,175,-1,0,0,-1
166,1,76,171,836,222,-1,0,0,-1
166,2,325,270,85,122,-1,0,0,-1
166,3,1145,260,470,175,-1,0,0,-1
167,1,76,171,836,222,-1,0,0,-1
167,2,325,270,85,122,-1,0,0,-1
167,3,1145,260,470,174,-1,0,0,-1
168,1,76,171,836,222,-1,0,0,-1
168,2,325,270,85,122,-1,0,0,-1
168,3,1144,260,470,174,-1,0,0,-1
169,1,76,171,836,222,-1,0,0,-1
169,2,325,270,85,122,-1,0,0,-1
169,3,1144,260,469,174,-1,0,0,-1
170,1,76,171,836,222,-1,0,0,-1
170,2,325,270,85,122,-1,0,0,-1
170,3,1143,260,469,174,-1,0,0,-1
171,1,76,171,836,222,-1,0,0,-1
171,2,325,270,85,122,-1,0,0,-1
171,3,1142,260,469,174,-1,0,0,-1
172,1,76,171,836,222,-1,0,0,-1
172,2,325,270,85,122,-1,0,0,-1
172,3,1142,260,461,174,-1,0,0,-1
173,1,76,171,836,222,-1,0,0,-1
173,2,325,270,85,122,-1,0,0,-1
173,3,1140,260,462,174,-1,0,0,-1
174,1,76,171,836,222,-1,0,0,-1
174,2,325,270,85,122,-1,0,0,-1
174,3,1140,260,462,174,-1,0,0,-1
175,1,76,171,836,222,-1,0,0,-1
175,2,325,270,85,122,-1,0,0,-1
175,3,1137,259,464,175,-1,0,0,-1
176,1,76,171,836,222,-1,0,0,-1
176,2,325,270,85,122,-1,0,0,-1
176,3,1135,259,464,175,-1,0,0,-1
177,1,76,171,836,222,-1,0,0,-1
177,2,325,270,85,122,-1,0,0,-1
177,3,1137,261,455,172,-1,0,0,-1
178,1,76,171,836,222,-1,0,0,-1
178,2,325,270,85,122,-1,0,0,-1
178,3,1135,261,456,172,-1,0,0,-1
179,1,76,171,836,222,-1,0,0,-1
179,2,325,270,85,122,-1,0,0,-1
179,3,1134,261,455,172,-1,0,0,-1
180,1,76,171,836,222,-1,0,0,-1
180,2,325,270,85,122,-1,0,0,-1
180,3,1133,261,454,171,-1,0,0,-1
181,1,76,171,836,222,-1,0,0,-1
181,2,325,270,85,122,-1,0,0,-1
181,3,1126,261,462,171,-1,0,0,-1
182,1,76,171,836,222,-1,0,0,-1
182,2,325,270,85,122,-1,0,0,-1
182,3,1125,261,462,171,-1,0,0,-1
183,1,76,171,836,222,-1,0,0,-1
183,2,325,270,85,122,-1,0,0,-1
183,3,1124,261,462,171,-1,0,0,-1
184,1,76,171,836,222,-1,0,0,-1
184,2,325,270,85,122,-1,0,0,-1
184,3,1122,260,464,172,-1,0,0,-1
185,1,76,171,836,222,-1,0,0,-1
185,2,325,270,85,122,-1,0,0,-1
185,3,1123,260,459,172,-1,0,0,-1
186,1,76,171,836,222,-1,0,0,-1
186,2,325,270,85,122,-1,0,0,-1
186,3,1122,260,459,172,-1,0,0,-1
187,1,76,171,836,222,-1,0,0,-1
187,2,325,270,85,122,-1,0,0,-1
187,3,1122,260,459,172,-1,0,0,-1
188,1,76,171,836,222,-1,0,0,-1
188,2,325,270,85,122,-1,0,0,-1
188,3,1121,261,454,170,-1,0,0,-1
189,1,76,171,835,222,-1,0,0,-1
189,2,325,270,85,122,-1,0,0,-1
189,3,1118,259,461,173,-1,0,0,-1
190,1,76,171,836,222,-1,0,0,-1
190,2,325,270,85,122,-1,0,0,-1
190,3,1116,258,457,175,-1,0,0,-1
191,1,76,171,836,222,-1,0,0,-1
191,2,325,270,85,122,-1,0,0,-1
191,3,1115,258,457,175,-1,0,0,-1
192,1,76,171,836,222,-1,0,0,-1
192,2,325,270,85,122,-1,0,0,-1
192,3,1113,257,459,176,-1,0,0,-1
193,1,76,171,836,222,-1,0,0,-1
193,2,325,270,85,122,-1,0,0,-1
193,3,1114,259,453,174,-1,0,0,-1
194,1,76,171,836,222,-1,0,0,-1
194,2,325,270,85,122,-1,0,0,-1
194,3,1111,257,460,176,-1,0,0,-1
195,1,76,171,837,222,-1,0,0,-1
195,2,325,270,85,122,-1,0,0,-1
195,3,1110,258,453,174,-1,0,0,-1
196,1,76,171,836,222,-1,0,0,-1
196,2,325,270,85,122,-1,0,0,-1
196,3,1105,254,468,179,-1,0,0,-1
197,1,76,171,836,222,-1,0,0,-1
197,2,325,270,85,122,-1,0,0,-1
197,3,1108,259,451,173,-1,0,0,-1
198,1,76,171,836,222,-1,0,0,-1
198,2,325,270,85,122,-1,0,0,-1
198,3,1107,259,450,172,-1,0,0,-1
199,1,76,171,836,222,-1,0,0,-1
199,2,325,270,85,122,-1,0,0,-1
199,3,1106,259,450,172,-1,0,0,-1
200,1,76,171,836,222,-1,0,0,-1
200,2,325,270,85,122,-1,0,0,-1
200,3,1105,259,449,172,-1,0,0,-1
201,1,76,171,836,222,-1,0,0,-1
201,2,325,270,85,122,-1,0,0,-1
201,3,1104,259,449,172,-1,0,0,-1
202,1,76,171,836,222,-1,0,0,-1
202,2,325,270,85,122,-1,0,0,-1
202,3,1104,259,449,172,-1,0,0,-1
203,1,76,171,836,222,-1,0,0,-1
203,2,325,270,85,122,-1,0,0,-1
203,3,1103,259,449,172,-1,0,0,-1
204,1,76,171,836,222,-1,0,0,-1
204,2,325,270,85,122,-1,0,0,-1
204,3,1102,259,449,172,-1,0,0,-1
205,1,76,171,836,222,-1,0,0,-1
205,2,325,270,85,122,-1,0,0,-1
205,3,1102,259,449,172,-1,0,0,-1
206,1,76,171,836,222,-1,0,0,-1
206,2,325,270,85,122,-1,0,0,-1
206,3,1100,259,442,172,-1,0,0,-1
207,1,76,171,836,222,-1,0,0,-1
207,2,325,270,85,122,-1,0,0,-1
207,3,1099,259,442,172,-1,0,0,-1
208,1,76,171,836,222,-1,0,0,-1
208,2,325,270,85,122,-1,0,0,-1
208,3,1098,259,442,172,-1,0,0,-1
209,1,76,171,836,222,-1,0,0,-1
209,2,325,270,85,122,-1,0,0,-1
209,3,1096,258,446,173,-1,0,0,-1
210,1,76,171,836,222,-1,0,0,-1
210,2,325,270,85,122,-1,0,0,-1
210,3,1098,260,436,170,-1,0,0,-1
211,1,76,171,836,222,-1,0,0,-1
211,2,325,270,85,122,-1,0,0,-1
211,3,1097,260,435,169,-1,0,0,-1
212,1,76,171,836,222,-1,0,0,-1
212,2,325,270,85,122,-1,0,0,-1
212,3,1094,260,438,170,-1,0,0,-1
213,1,76,171,836,222,-1,0,0,-1
213,2,325,270,85,122,-1,0,0,-1
213,3,1093,260,437,170,-1,0,0,-1
214,1,76,171,836,222,-1,0,0,-1
214,2,325,270,85,122,-1,0,0,-1
214,3,1091,260,436,170,-1,0,0,-1
215,1,76,171,836,222,-1,0,0,-1
215,2,325,270,85,122,-1,0,0,-1
215,3,1091,260,435,169,-1,0,0,-1
216,1,76,171,836,222,-1,0,0,-1
216,2,325,270,85,122,-1,0,0,-1
216,3,1090,260,434,169,-1,0,0,-1
217,1,76,171,836,222,-1,0,0,-1
217,2,325,270,85,122,-1,0,0,-1
217,3,1089,260,434,169,-1,0,0,-1
218,1,76,171,836,222,-1,0,0,-1
218,2,325,270,85,122,-1,0,0,-1
218,3,1088,260,434,169,-1,0,0,-1
219,1,76,170,838,222,-1,0,0,-1
219,2,325,270,85,122,-1,0,0,-1
219,3,1087,260,434,169,-1,0,0,-1
220,1,76,171,836,222,-1,0,0,-1
220,2,325,270,85,122,-1,0,0,-1
220,3,1087,260,434,169,-1,0,0,-1
221,1,76,171,836,222,-1,0,0,-1
221,2,325,270,85,122,-1,0,0,-1
221,3,1077,260,443,169,-1,0,0,-1
222,1,76,171,836,222,-1,0,0,-1
222,2,325,270,85,122,-1,0,0,-1
222,3,1076,260,443,169,-1,0,0,-1
223,1,76,171,835,222,-1,0,0,-1
223,2,325,270,85,122,-1,0,0,-1
223,3,1075,260,443,169,-1,0,0,-1
224,1,76,171,836,222,-1,0,0,-1
224,2,325,270,85,122,-1,0,0,-1
224,3,1073,259,445,170,-1,0,0,-1
225,1,76,171,836,222,-1,0,0,-1
225,2,325,270,85,122,-1,0,0,-1
225,3,1073,260,441,168,-1,0,0,-1
226,1,76,171,836,222,-1,0,0,-1
226,2,325,270,85,122,-1,0,0,-1
226,3,1072,260,439,168,-1,0,0,-1
227,1,76,171,836,222,-1,0,0,-1
227,2,325,270,85,122,-1,0,0,-1
227,3,1071,260,439,168,-1,0,0,-1
228,1,76,171,836,222,-1,0,0,-1
228,2,325,270,85,122,-1,0,0,-1
228,3,1070,261,438,167,-1,0,0,-1
229,1,76,171,836,222,-1,0,0,-1
229,2,325,270,85,122,-1,0,0,-1
229,3,1065,256,455,174,-1,0,0,-1
230,1,76,171,836,222,-1,0,0,-1
230,2,325,270,85,122,-1,0,0,-1
230,3,1068,261,436,166,-1,0,0,-1
231,1,76,171,836,222,-1,0,0,-1
231,2,325,270,85,122,-1,0,0,-1
231,3,1067,261,436,166,-1,0,0,-1
232,1,76,171,836,222,-1,0,0,-1
232,2,325,270,85,122,-1,0,0,-1
232,3,1067,261,435,166,-1,0,0,-1
233,1,76,171,836,222,-1,0,0,-1
233,2,325,270,85,122,-1,0,0,-1
233,3,1066,261,434,166,-1,0,0,-1
234,1,76,171,836,222,-1,0,0,-1
234,2,325,270,85,122,-1,0,0,-1
234,3,1065,261,434,166,-1,0,0,-1
235,1,76,171,836,222,-1,0,0,-1
235,2,325,270,85,122,-1,0,0,-1
235,3,1065,261,434,165,-1,0,0,-1
236,1,76,171,836,222,-1,0,0,-1
236,2,325,270,85,122,-1,0,0,-1
236,3,1064,261,434,165,-1,0,0,-1
237,1,76,171,836,222,-1,0,0,-1
237,2,325,270,85,122,-1,0,0,-1
237,3,1064,261,433,165,-1,0,0,-1
238,1,76,171,836,222,-1,0,0,-1
238,2,325,270,85,122,-1,0,0,-1
238,3,1063,261,433,165,-1,0,0,-1
239,1,76,171,836,222,-1,0,0,-1
239,2,325,270,85,122,-1,0,0,-1
239,3,1062,261,433,165,-1,0,0,-1
240,1,76,171,835,222,-1,0,0,-1
240,2,325,270,85,122,-1,0,0,-1
240,3,1062,261,433,165,-1,0,0,-1
241,1,76,171,836,222,-1,0,0,-1
241,2,325,270,85,122,-1,0,0,-1
241,3,1057,261,432,165,-1,0,0,-1
242,1,76,171,836,222,-1,0,0,-1
242,2,325,270,85,122,-1,0,0,-1
242,3,1056,261,432,165,-1,0,0,-1
243,1,76,171,836,222,-1,0,0,-1
243,2,325,270,85,122,-1,0,0,-1
243,3,1056,261,432,165,-1,0,0,-1
244,1,76,171,836,222,-1,0,0,-1
244,2,325,270,85,122,-1,0,0,-1
244,3,1056,262,428,164,-1,0,0,-1
245,1,76,171,836,222,-1,0,0,-1
245,2,325,270,85,122,-1,0,0,-1
245,3,1053,261,429,164,-1,0,0,-1
246,1,76,171,836,222,-1,0,0,-1
246,2,325,270,85,122,-1,0,0,-1
246,3,1055,262,426,163,-1,0,0,-1
247,1,76,171,837,222,-1,0,0,-1
247,2,325,270,85,122,-1,0,0,-1
247,3,1052,261,429,164,-1,0,0,-1
248,1,76,171,836,222,-1,0,0,-1
248,2,325,270,85,122,-1,0,0,-1
248,3,1047,258,430,169,-1,0,0,-1
249,1,76,171,836,222,-1,0,0,-1
249,2,325,270,85,122,-1,0,0,-1
249,3,1047,258,430,169,-1,0,0,-1
250,1,76,171,835,222,-1,0,0,-1
250,2,325,270,85,122,-1,0,0,-1
250,3,1046,258,430,169,-1,0,0,-1
251,1,76,171,836,222,-1,0,0,-1
251,2,325,270,85,122,-1,0,0,-1
251,3,1046,259,425,167,-1,0,0,-1
252,1,76,171,836,222,-1,0,0,-1
252,2,325,270,85,122,-1,0,0,-1
252,3,1044,259,426,167,-1,0,0,-1
253,1,76,171,836,222,-1,0,0,-1
253,2,325,270,85,122,-1,0,0,-1
253,3,1043,259,427,168,-1,0,0,-1
254,1,76,171,836,222,-1,0,0,-1
254,2,325,270,85,122,-1,0,0,-1
254,3,1043,259,425,167,-1,0,0,-1
255,1,76,171,836,222,-1,0,0,-1
255,2,325,270,85,122,-1,0,0,-1
255,3,1041,259,425,167,-1,0,0,-1
256,1,76,171,836,222,-1,0,0,-1
256,2,325,270,85,122,-1,0,0,-1
256,3,1040,259,425,167,-1,0,0,-1
257,1,76,171,836,222,-1,0,0,-1
257,2,325,270,85,122,-1,0,0,-1
257,3,1039,260,428,165,-1,0,0,-1
258,1,76,171,836,222,-1,0,0,-1
258,2,325,270,85,122,-1,0,0,-1
258,3,1038,260,428,165,-1,0,0,-1
259,1,76,171,836,222,-1,0,0,-1
259,2,325,270,85,122,-1,0,0,-1
259,3,1038,260,428,165,-1,0,0,-1
260,1,76,171,836,222,-1,0,0,-1
260,2,325,270,85,122,-1,0,0,-1
260,3,1038,260,428,165,-1,0,0,-1
261,1,76,171,836,222,-1,0,0,-1
261,2,325,270,85,122,-1,0,0,-1
261,3,1037,260,427,165,-1,0,0,-1
262,1,76,171,836,222,-1,0,0,-1
262,2,325,270,85,122,-1,0,0,-1
262,3,1036,259,430,166,-1,0,0,-1
263,1,76,171,836,222,-1,0,0,-1
263,2,325,270,85,122,-1,0,0,-1
263,3,1030,258,432,167,-1,0,0,-1
264,1,76,171,836,222,-1,0,0,-1
264,2,325,270,85,122,-1,0,0,-1
264,3,1029,258,432,167,-1,0,0,-1
265,1,76,171,836,222,-1,0,0,-1
265,2,325,270,85,122,-1,0,0,-1
265,3,1029,258,432,167,-1,0,0,-1
266,1,76,171,836,222,-1,0,0,-1
266,2,325,270,85,122,-1,0,0,-1
266,3,1028,258,432,167,-1,0,0,-1
267,1,76,171,837,222,-1,0,0,-1
267,2,325,270,85,122,-1,0,0,-1
267,3,1025,257,436,168,-1,0,0,-1
268,1,76,171,836,222,-1,0,0,-1
268,2,325,270,85,122,-1,0,0,-1
268,3,1028,259,425,164,-1,0,0,-1
269,1,76,171,837,222,-1,0,0,-1
269,2,325,270,85,122,-1,0,0,-1
269,3,1025,258,428,166,-1,0,0,-1
270,1,76,171,836,222,-1,0,0,-1
270,2,325,270,85,122,-1,0,0,-1
270,3,1024,258,428,165,-1,0,0,-1
271,1,76,171,837,222,-1,0,0,-1
271,2,325,270,85,122,-1,0,0,-1
271,3,1023,259,428,165,-1,0,0,-1
272,1,76,171,836,222,-1,0,0,-1
272,2,325,270,85,122,-1,0,0,-1
272,3,1022,259,427,165,-1,0,0,-1
273,1,76,171,836,222,-1,0,0,-1
273,2,325,270,85,122,-1,0,0,-1
273,3,1022,259,422,165,-1,0,0,-1
274,1,76,171,836,222,-1,0,0,-1
274,2,325,270,85,122,-1,0,0,-1
274,3,1021,259,422,165,-1,0,0,-1
275,1,76,171,836,222,-1,0,0,-1
275,2,325,270,85,122,-1,0,0,-1
275,3,1021,259,422,165,-1,0,0,-1
276,1,76,171,836,222,-1,0,0,-1
276,2,325,270,85,122,-1,0,0,-1
276,3,1021,260,418,164,-1,0,0,-1
277,1,76,171,836,222,-1,0,0,-1
277,2,325,270,85,122,-1,0,0,-1
277,3,1021,260,418,163,-1,0,0,-1
278,1,76,171,836,222,-1,0,0,-1
278,2,325,270,85,122,-1,0,0,-1
278,3,1018,259,423,166,-1,0,0,-1
279,1,76,171,836,222,-1,0,0,-1
279,2,325,270,85,122,-1,0,0,-1
279,3,1017,259,419,164,-1,0,0,-1
280,1,76,171,836,222,-1,0,0,-1
280,2,325,270,85,122,-1,0,0,-1
280,3,1014,257,428,167,-1,0,0,-1
281,1,76,171,836,222,-1,0,0,-1
281,2,325,270,85,122,-1,0,0,-1
281,3,1014,263,427,161,-1,0,0,-1
282,1,76,171,836,222,-1,0,0,-1
282,2,325,270,85,122,-1,0,0,-1
282,3,1013,263,427,161,-1,0,0,-1
283,1,77,171,835,222,-1,0,0,-1
283,2,325,270,85,122,-1,0,0,-1
283,3,1013,263,427,161,-1,0,0,-1
284,1,76,171,835,222,-1,0,0,-1
284,2,325,270,85,122,-1,0,0,-1
284,3,1013,264,423,159,-1,0,0,-1
285,1,76,171,836,222,-1,0,0,-1
285,2,325,270,85,122,-1,0,0,-1
285,3,1012,263,427,161,-1,0,0,-1
286,1,76,171,836,222,-1,0,0,-1
286,2,325,270,85,122,-1,0,0,-1
286,3,1011,263,428,161,-1,0,0,-1
287,1,76,171,836,222,-1,0,0,-1
287,2,325,270,85,122,-1,0,0,-1
287,3,1011,264,420,158,-1,0,0,-1
288,1,76,171,836,222,-1,0,0,-1
288,2,325,270,85,122,-1,0,0,-1
288,3,1009,263,423,159,-1,0,0,-1
289,1,76,171,836,222,-1,0,0,-1
289,2,325,270,85,122,-1,0,0,-1
289,3,1004,262,419,163,-1,0,0,-1
290,1,76,171,836,222,-1,0,0,-1
290,2,325,270,85,122,-1,0,0,-1
290,3,1004,262,419,163,-1,0,0,-1
291,1,76,171,836,222,-1,0,0,-1
291,2,325,270,85,122,-1,0,0,-1
291,3,1003,262,419,163,-1,0,0,-1
292,1,76,171,837,222,-1,0,0,-1
292,2,325,270,85,122,-1,0,0,-1
292,3,1003,262,419,163,-1,0,0,-1
293,1,76,171,836,222,-1,0,0,-1
293,2,325,270,85,122,-1,0,0,-1
293,3,1002,262,419,163,-1,0,0,-1
294,1,76,171,836,222,-1,0,0,-1
294,2,325,270,85,122,-1,0,0,-1
294,3,1002,262,419,163,-1,0,0,-1
295,1,76,171,836,222,-1,0,0,-1
295,2,325,270,85,122,-1,0,0,-1
295,3,1003,263,412,160,-1,0,0,-1
296,1,76,171,836,222,-1,0,0,-1
296,2,325,270,85,122,-1,0,0,-1
296,3,1002,264,411,160,-1,0,0,-1
297,1,76,171,836,222,-1,0,0,-1
297,2,325,270,85,122,-1,0,0,-1
297,3,998,262,416,162,-1,0,0,-1
298,1,76,171,836,222,-1,0,0,-1
298,2,325,270,85,122,-1,0,0,-1
298,3,995,259,429,167,-1,0,0,-1
299,1,76,171,836,222,-1,0,0,-1
299,2,325,270,85,122,-1,0,0,-1
299,3,993,258,430,167,-1,0,0,-1
300,1,76,171,836,222,-1,0,0,-1
300,2,325,270,85,122,-1,0,0,-1
300,3,996,263,413,161,-1,0,0,-1
301,1,76,171,836,222,-1,0,0,-1
301,2,325,270,85,122,-1,0,0,-1
301,3,995,263,413,161,-1,0,0,-1
302,1,76,171,836,222,-1,0,0,-1
302,2,325,270,85,122,-1,0,0,-1
302,3,995,263,410,160,-1,0,0,-1
303,1,76,171,836,222,-1,0,0,-1
303,2,325,270,85,122,-1,0,0,-1
303,3,994,263,412,160,-1,0,0,-1
304,1,76,171,836,222,-1,0,0,-1
304,2,325,270,85,122,-1,0,0,-1
304,3,993,263,412,160,-1,0,0,-1
305,1,76,171,836,222,-1,0,0,-1
305,2,325,270,85,122,-1,0,0,-1
305,3,992,263,411,160,-1,0,0,-1
306,1,76,171,836,222,-1,0,0,-1
306,2,325,270,85,122,-1,0,0,-1
306,3,992,263,411,160,-1,0,0,-1
307,1,76,171,836,222,-1,0,0,-1
307,2,325,270,85,122,-1,0,0,-1
307,3,992,263,411,160,-1,0,0,-1
308,1,76,171,836,222,-1,0,0,-1
308,2,325,270,85,122,-1,0,0,-1
308,3,991,263,411,160,-1,0,0,-1
309,1,76,171,836,222,-1,0,0,-1
309,2,325,270,85,122,-1,0,0,-1
309,3,991,263,411,160,-1,0,0,-1
310,1,76,171,837,222,-1,0,0,-1
310,2,325,270,85,122,-1,0,0,-1
310,3,991,263,411,160,-1,0,0,-1
311,1,76,171,836,222,-1,0,0,-1
311,2,325,270,85,122,-1,0,0,-1
311,3,991,263,411,160,-1,0,0,-1
312,1,76,171,836,222,-1,0,0,-1
312,2,325,270,85,122,-1,0,0,-1
312,3,988,263,410,160,-1,0,0,-1
313,1,76,171,836,222,-1,0,0,-1
313,2,325,270,85,122,-1,0,0,-1
313,3,988,263,410,160,-1,0,0,-1
314,1,76,171,836,222,-1,0,0,-1
314,2,325,270,85,122,-1,0,0,-1
314,3,987,263,410,160,-1,0,0,-1
315,1,76,171,836,222,-1,0,0,-1
315,2,325,270,85,122,-1,0,0,-1
315,3,985,262,412,161,-1,0,0,-1
316,1,76,171,836,222,-1,0,0,-1
316,2,325,270,85,122,-1,0,0,-1
316,3,986,263,410,160,-1,0,0,-1
317,1,76,171,836,222,-1,0,0,-1
317,2,325,270,85,122,-1,0,0,-1
317,3,984,262,413,161,-1,0,0,-1
318,1,76,171,836,222,-1,0,0,-1
318,2,325,270,85,122,-1,0,0,-1
318,3,985,263,410,160,-1,0,0,-1
319,1,76,171,836,222,-1,0,0,-1
319,2,325,270,85,122,-1,0,0,-1
319,3,985,264,403,157,-1,0,0,-1
320,1,76,171,836,222,-1,0,0,-1
320,2,325,270,85,122,-1,0,0,-1
320,3,982,263,407,159,-1,0,0,-1
321,1,76,171,836,222,-1,0,0,-1
321,2,325,270,85,122,-1,0,0,-1
321,3,981,263,408,159,-1,0,0,-1
322,1,76,171,837,222,-1,0,0,-1
322,2,325,270,85,122,-1,0,0,-1
322,3,978,264,415,159,-1,0,0,-1
323,1,76,171,836,222,-1,0,0,-1
323,2,325,270,85,122,-1,0,0,-1
323,3,978,264,415,159,-1,0,0,-1
324,1,76,171,836,222,-1,0,0,-1
324,2,325,270,85,122,-1,0,0,-1
324,3,977,264,415,159,-1,0,0,-1
325,1,76,171,836,222,-1,0,0,-1
325,2,325,270,85,122,-1,0,0,-1
325,3,977,265,412,158,-1,0,0,-1
326,1,76,171,836,222,-1,0,0,-1
326,2,325,270,85,122,-1,0,0,-1
326,3,976,264,415,159,-1,0,0,-1
327,1,76,171,836,222,-1,0,0,-1
327,2,325,270,85,122,-1,0,0,-1
327,3,977,265,409,157,-1,0,0,-1
328,1,76,171,836,222,-1,0,0,-1
328,2,325,270,85,122,-1,0,0,-1
328,3,977,265,408,156,-1,0,0,-1
329,1,76,171,837,222,-1,0,0,-1
329,2,325,270,85,122,-1,0,0,-1
329,3,970,262,421,161,-1,0,0,-1
330,1,76,171,836,222,-1,0,0,-1
330,2,325,270,85,122,-1,0,0,-1
330,3,974,262,407,161,-1,0,0,-1
331,1,76,171,836,222,-1,0,0,-1
331,2,325,270,85,122,-1,0,0,-1
331,3,974,262,407,161,-1,0,0,-1
332,1,76,171,836,222,-1,0,0,-1
332,2,325,270,85,122,-1,0,0,-1
332,3,973,262,407,161,-1,0,0,-1
333,1,76,171,836,222,-1,0,0,-1
333,2,325,270,85,122,-1,0,0,-1
333,3,973,262,407,161,-1,0,0,-1
334,1,76,171,837,222,-1,0,0,-1
334,2,325,270,85,122,-1,0,0,-1
334,3,973,262,405,160,-1,0,0,-1
335,1,76,171,836,222,-1,0,0,-1
335,2,325,270,85,122,-1,0,0,-1
335,3,972,262,408,161,-1,0,0,-1
336,1,76,171,836,222,-1,0,0,-1
336,2,325,270,85,122,-1,0,0,-1
336,3,973,263,400,158,-1,0,0,-1
337,1,76,171,836,222,-1,0,0,-1
337,2,325,270,85,122,-1,0,0,-1
337,3,974,262,407,161,-1,0,0,-1
338,1,76,171,836,222,-1,0,0,-1
338,2,325,270,85,122,-1,0,0,-1
338,3,971,263,399,158,-1,0,0,-1
339,1,76,171,835,222,-1,0,0,-1
339,2,325,270,85,122,-1,0,0,-1
339,3,971,261,410,162,-1,0,0,-1
340,1,76,171,836,222,-1,0,0,-1
340,2,325,270,85,122,-1,0,0,-1
340,3,964,259,417,165,-1,0,0,-1
341,1,76,171,836,222,-1,0,0,-1
341,2,325,270,85,122,-1,0,0,-1
341,3,965,263,402,161,-1,0,0,-1
342,1,76,170,837,222,-1,0,0,-1
342,2,325,270,85,122,-1,0,0,-1
342,3,965,263,402,161,-1,0,0,-1
343,1,76,171,836,222,-1,0,0,-1
343,2,325,270,85,122,-1,0,0,-1
343,3,964,263,402,161,-1,0,0,-1
344,1,76,171,836,222,-1,0,0,-1
344,2,325,270,85,122,-1,0,0,-1
344,3,964,263,400,160,-1,0,0,-1
345,1,76,171,836,222,-1,0,0,-1
345,2,325,270,85,122,-1,0,0,-1
345,3,962,262,404,162,-1,0,0,-1
346,1,76,171,836,222,-1,0,0,-1
346,2,325,270,85,122,-1,0,0,-1
346,3,963,263,402,161,-1,0,0,-1
347,1,75,170,838,222,-1,0,0,-1
347,2,325,270,85,122,-1,0,0,-1
347,3,961,262,404,162,-1,0,0,-1
348,1,76,171,836,222,-1,0,0,-1
348,2,325,270,85,122,-1,0,0,-1
348,3,964,265,394,158,-1,0,0,-1
349,1,76,171,836,222,-1,0,0,-1
349,2,325,270,85,122,-1,0,0,-1
349,3,964,265,394,158,-1,0,0,-1
350,1,76,171,836,222,-1,0,0,-1
350,2,325,270,85,122,-1,0,0,-1
350,3,959,263,399,160,-1,0,0,-1
351,1,76,171,836,222,-1,0,0,-1
351,2,325,270,85,122,-1,0,0,-1
351,3,958,263,399,160,-1,0,0,-1
352,1,76,171,836,222,-1,0,0,-1
352,2,325,270,85,122,-1,0,0,-1
352,3,958,264,397,159,-1,0,0,-1
353,1,76,171,836,222,-1,0,0,-1
353,2,325,270,85,122,-1,0,0,-1
353,3,958,263,398,159,-1,0,0,-1
354,1,76,171,836,222,-1,0,0,-1
354,2,325,270,85,122,-1,0,0,-1
354,3,957,264,397,159,-1,0,0,-1
355,1,76,171,836,222,-1,0,0,-1
355,2,325,270,85,122,-1,0,0,-1
355,3,957,264,396,159,-1,0,0,-1
356,1,76,171,836,222,-1,0,0,-1
356,2,325,270,85,122,-1,0,0,-1
356,3,956,264,396,159,-1,0,0,-1
357,1,76,171,837,222,-1,0,0,-1
357,2,325,270,85,122,-1,0,0,-1
357,3,955,264,395,158,-1,0,0,-1
358,1,76,171,835,222,-1,0,0,-1
358,2,325,270,85,122,-1,0,0,-1
358,3,955,264,395,158,-1,0,0,-1
359,1,76,171,836,222,-1,0,0,-1
359,2,325,270,85,122,-1,0,0,-1
359,3,955,264,394,158,-1,0,0,-1
360,1,76,171,836,222,-1,0,0,-1
360,2,325,270,85,122,-1,0,0,-1
360,3,954,264,394,158,-1,0,0,-1
361,1,76,171,836,222,-1,0,0,-1
361,2,325,270,85,122,-1,0,0,-1
361,3,953,264,393,157,-1,0,0,-1
362,1,76,171,836,222,-1,0,0,-1
362,2,325,270,85,122,-1,0,0,-1
362,3,953,264,393,157,-1,0,0,-1
363,1,76,171,836,222,-1,0,0,-1
363,2,325,270,85,122,-1,0,0,-1
363,3,952,264,392,157,-1,0,0,-1
364,1,76,171,836,222,-1,0,0,-1
364,2,325,270,85,122,-1,0,0,-1
364,3,952,265,391,157,-1,0,0,-1
365,1,76,171,836,222,-1,0,0,-1
365,2,325,270,85,122,-1,0,0,-1
365,3,952,265,391,157,-1,0,0,-1
366,1,76,171,837,222,-1,0,0,-1
366,2,325,270,85,122,-1,0,0,-1
366,3,952,265,391,157,-1,0,0,-1
367,1,76,171,836,222,-1,0,0,-1
367,2,325,270,85,122,-1,0,0,-1
367,3,951,265,391,157,-1,0,0,-1
368,1,76,171,836,222,-1,0,0,-1
368,2,325,270,85,122,-1,0,0,-1
368,3,951,265,391,157,-1,0,0,-1
369,1,76,171,836,222,-1,0,0,-1
369,2,325,270,85,122,-1,0,0,-1
369,3,951,265,391,157,-1,0,0,-1
370,1,76,171,836,222,-1,0,0,-1
370,2,325,270,85,122,-1,0,0,-1
370,3,951,265,391,157,-1,0,0,-1
371,1,76,171,836,222,-1,0,0,-1
371,2,325,270,85,122,-1,0,0,-1
371,3,951,265,391,157,-1,0,0,-1
372,1,76,171,836,222,-1,0,0,-1
372,2,325,270,85,122,-1,0,0,-1
372,3,951,265,391,157,-1,0,0,-1
373,1,76,171,836,222,-1,0,0,-1
373,2,325,270,85,122,-1,0,0,-1
373,3,947,265,388,155,-1,0,0,-1
374,1,76,171,836,222,-1,0,0,-1
374,2,325,270,85,122,-1,0,0,-1
374,3,947,265,388,155,-1,0,0,-1
375,1,76,171,836,222,-1,0,0,-1
375,2,325,270,85,122,-1,0,0,-1
375,3,947,265,388,155,-1,0,0,-1
376,1,76,171,836,222,-1,0,0,-1
376,2,325,270,85,122,-1,0,0,-1
376,3,946,265,388,155,-1,0,0,-1
377,1,76,171,836,222,-1,0,0,-1
377,2,325,270,85,122,-1,0,0,-1
377,3,946,265,388,155,-1,0,0,-1
378,1,76,171,836,222,-1,0,0,-1
378,2,325,270,85,122,-1,0,0,-1
378,3,946,265,388,155,-1,0,0,-1
379,1,76,171,836,222,-1,0,0,-1
379,2,325,270,85,122,-1,0,0,-1
379,3,946,265,388,155,-1,0,0,-1
380,1,76,171,836,222,-1,0,0,-1
380,2,325,270,85,122,-1,0,0,-1
380,3,946,265,388,155,-1,0,0,-1
381,1,76,171,836,222,-1,0,0,-1
381,2,325,270,85,122,-1,0,0,-1
381,3,946,265,388,155,-1,0,0,-1
382,1,76,171,836,222,-1,0,0,-1
382,2,325,270,85,122,-1,0,0,-1
382,3,945,265,388,155,-1,0,0,-1
383,1,76,171,836,222,-1,0,0,-1
383,2,325,270,85,122,-1,0,0,-1
383,3,936,265,388,155,-1,0,0,-1
384,1,76,171,836,222,-1,0,0,-1
384,2,325,270,85,122,-1,0,0,-1
384,3,936,265,388,155,-1,0,0,-1
385,1,76,171,836,222,-1,0,0,-1
385,2,325,270,85,122,-1,0,0,-1
385,3,936,265,388,155,-1,0,0,-1
386,1,76,171,836,222,-1,0,0,-1
386,2,325,270,85,122,-1,0,0,-1
386,3,935,265,388,155,-1,0,0,-1
387,1,76,171,836,222,-1,0,0,-1
387,2,325,270,85,122,-1,0,0,-1
387,3,935,265,388,155,-1,0,0,-1
388,1,76,171,836,222,-1,0,0,-1
388,2,325,270,85,122,-1,0,0,-1
388,3,935,265,388,155,-1,0,0,-1
389,1,77,171,835,222,-1,0,0,-1
389,2,325,270,85,122,-1,0,0,-1
389,3,935,266,385,154,-1,0,0,-1
390,1,76,171,836,222,-1,0,0,-1
390,2,325,270,85,122,-1,0,0,-1
390,3,935,266,382,152,-1,0,0,-1
391,1,76,171,836,222,-1,0,0,-1
391,2,325,270,85,122,-1,0,0,-1
391,3,934,265,387,155,-1,0,0,-1
392,1,76,171,836,222,-1,0,0,-1
392,2,325,270,85,122,-1,0,0,-1
392,3,934,267,380,152,-1,0,0,-1
393,1,76,171,836,222,-1,0,0,-1
393,2,325,270,85,122,-1,0,0,-1
393,3,932,264,392,156,-1,0,0,-1
394,1,76,171,837,222,-1,0,0,-1
394,2,325,270,85,122,-1,0,0,-1
394,3,926,262,398,159,-1,0,0,-1
395,1,76,171,836,222,-1,0,0,-1
395,2,325,270,85,122,-1,0,0,-1
395,3,929,265,385,154,-1,0,0,-1
396,1,76,171,836,222,-1,0,0,-1
396,2,325,270,85,122,-1,0,0,-1
396,3,933,267,377,151,-1,0,0,-1
397,1,76,171,836,222,-1,0,0,-1
397,2,325,270,85,122,-1,0,0,-1
397,3,933,267,376,150,-1,0,0,-1
398,1,76,171,836,222,-1,0,0,-1
398,2,325,270,85,122,-1,0,0,-1
398,3,933,268,375,150,-1,0,0,-1
399,1,76,171,836,222,-1,0,0,-1
399,2,325,270,85,122,-1,0,0,-1
399,3,931,267,376,150,-1,0,0,-1
400,1,76,171,836,222,-1,0,0,-1
400,2,325,270,85,122,-1,0,0,-1
400,3,928,266,381,152,-1,0,0,-1
401,1,76,171,836,222,-1,0,0,-1
401,2,325,270,85,122,-1,0,0,-1
401,3,927,266,382,152,-1,0,0,-1
402,1,76,171,836,222,-1,0,0,-1
402,2,325,270,85,122,-1,0,0,-1
402,3,926,266,383,153,-1,0,0,-1
403,1,76,171,835,222,-1,0,0,-1
403,2,325,270,85,122,-1,0,0,-1
403,3,926,266,380,152,-1,0,0,-1
404,1,76,171,836,222,-1,0,0,-1
404,2,325,270,85,122,-1,0,0,-1
404,3,929,267,374,150,-1,0,0,-1
405,1,76,171,836,222,-1,0,0,-1
405,2,325,270,85,122,-1,0,0,-1
405,3,925,266,381,152,-1,0,0,-1
406,1,76,171,836,222,-1,0,0,-1
406,2,325,270,85,122,-1,0,0,-1
406,3,924,266,380,152,-1,0,0,-1
407,1,76,171,836,222,-1,0,0,-1
407,2,325,270,85,122,-1,0,0,-1
407,3,923,266,380,152,-1,0,0,-1
408,1,76,171,836,222,-1,0,0,-1
408,2,325,270,85,122,-1,0,0,-1
408,3,923,266,380,152,-1,0,0,-1
409,1,76,171,836,222,-1,0,0,-1
409,2,325,270,85,122,-1,0,0,-1
409,3,923,266,379,151,-1,0,0,-1
410,1,76,171,836,222,-1,0,0,-1
410,2,325,270,85,122,-1,0,0,-1
410,3,923,267,377,151,-1,0,0,-1
411,1,76,171,836,222,-1,0,0,-1
411,2,325,270,85,122,-1,0,0,-1
411,3,922,267,377,151,-1,0,0,-1
412,1,76,171,835,222,-1,0,0,-1
412,2,325,270,85,122,-1,0,0,-1
412,3,922,267,377,151,-1,0,0,-1
413,1,76,171,836,222,-1,0,0,-1
413,2,325,270,85,122,-1,0,0,-1
413,3,921,267,377,151,-1,0,0,-1
414,1,76,171,836,222,-1,0,0,-1
414,2,325,270,85,122,-1,0,0,-1
414,3,921,267,377,150,-1,0,0,-1
415,1,76,171,836,222,-1,0,0,-1
415,2,325,270,85,122,-1,0,0,-1
415,3,920,267,377,150,-1,0,0,-1
416,1,76,171,836,222,-1,0,0,-1
416,2,325,270,85,122,-1,0,0,-1
416,3,920,267,377,150,-1,0,0,-1
417,1,76,171,836,222,-1,0,0,-1
417,2,325,270,85,122,-1,0,0,-1
417,3,920,267,376,150,-1,0,0,-1
418,1,76,171,836,222,-1,0,0,-1
418,2,325,270,85,122,-1,0,0,-1
418,3,920,265,377,152,-1,0,0,-1
419,1,76,171,836,222,-1,0,0,-1
419,2,325,270,85,122,-1,0,0,-1
419,3,920,265,377,152,-1,0,0,-1
420,1,76,171,836,222,-1,0,0,-1
420,2,325,270,85,122,-1,0,0,-1
420,3,919,265,377,152,-1,0,0,-1
421,1,76,171,836,222,-1,0,0,-1
421,2,325,270,85,122,-1,0,0,-1
421,3,919,265,377,152,-1,0,0,-1
422,1,76,171,836,222,-1,0,0,-1
422,2,325,270,85,122,-1,0,0,-1
422,3,918,265,377,152,-1,0,0,-1
423,1,76,171,836,222,-1,0,0,-1
423,2,325,270,85,122,-1,0,0,-1
423,3,918,265,377,152,-1,0,0,-1
424,1,76,171,836,222,-1,0,0,-1
424,2,325,270,85,122,-1,0,0,-1
424,3,918,265,377,152,-1,0,0,-1
425,1,76,171,836,222,-1,0,0,-1
425,2,325,270,85,122,-1,0,0,-1
425,3,918,266,372,150,-1,0,0,-1
426,1,76,171,837,222,-1,0,0,-1
426,2,325,270,85,122,-1,0,0,-1
426,3,917,265,377,152,-1,0,0,-1
427,1,76,171,836,222,-1,0,0,-1
427,2,325,270,85,122,-1,0,0,-1
427,3,918,267,370,149,-1,0,0,-1
428,1,76,171,836,222,-1,0,0,-1
428,2,325,270,85,122,-1,0,0,-1
428,3,918,267,370,149,-1,0,0,-1
429,1,76,171,836,222,-1,0,0,-1
429,2,325,270,85,122,-1,0,0,-1
429,3,910,262,385,155,-1,0,0,-1
430,1,76,171,836,222,-1,0,0,-1
430,2,325,270,85,122,-1,0,0,-1
430,3,914,265,373,151,-1,0,0,-1
431,1,76,171,836,222,-1,0,0,-1
431,2,325,270,85,122,-1,0,0,-1
431,3,913,265,374,151,-1,0,0,-1
432,1,76,171,836,222,-1,0,0,-1
432,2,325,270,85,122,-1,0,0,-1
432,3,913,265,373,150,-1,0,0,-1
433,1,76,171,836,222,-1,0,0,-1
433,2,325,270,85,122,-1,0,0,-1
433,3,917,267,365,147,-1,0,0,-1
434,1,76,171,836,222,-1,0,0,-1
434,2,325,270,85,122,-1,0,0,-1
434,3,912,266,372,150,-1,0,0,-1
435,1,76,171,836,222,-1,0,0,-1
435,2,325,270,85,122,-1,0,0,-1
435,3,916,267,365,147,-1,0,0,-1
436,1,76,171,836,222,-1,0,0,-1
436,2,325,270,85,122,-1,0,0,-1
436,3,911,266,371,150,-1,0,0,-1
437,1,76,171,836,222,-1,0,0,-1
437,2,325,270,85,122,-1,0,0,-1
437,3,911,266,371,149,-1,0,0,-1
438,1,76,171,836,222,-1,0,0,-1
438,2,325,270,85,122,-1,0,0,-1
438,3,910,266,371,150,-1,0,0,-1
439,1,76,171,836,222,-1,0,0,-1
439,2,325,270,85,122,-1,0,0,-1
439,3,909,266,371,150,-1,0,0,-1
440,1,76,171,836,222,-1,0,0,-1
440,2,325,270,85,122,-1,0,0,-1
440,3,909,266,370,149,-1,0,0,-1
441,1,76,171,836,222,-1,0,0,-1
441,2,325,270,85,122,-1,0,0,-1
441,3,909,266,370,149,-1,0,0,-1
442,1,76,171,836,222,-1,0,0,-1
442,2,325,270,85,122,-1,0,0,-1
442,3,908,266,370,149,-1,0,0,-1
443,1,76,171,836,222,-1,0,0,-1
443,2,325,270,85,122,-1,0,0,-1
443,3,908,266,370,149,-1,0,0,-1
444,1,76,171,836,222,-1,0,0,-1
444,2,325,270,85,122,-1,0,0,-1
444,3,907,266,369,149,-1,0,0,-1
445,1,76,171,836,222,-1,0,0,-1
445,2,325,270,85,122,-1,0,0,-1
445,3,907,266,369,149,-1,0,0,-1
446,1,76,171,836,222,-1,0,0,-1
446,2,325,270,85,122,-1,0,0,-1
446,3,906,266,369,149,-1,0,0,-1
447,1,76,171,836,222,-1,0,0,-1
447,2,325,270,85,122,-1,0,0,-1
447,3,906,262,374,153,-1,0,0,-1
448,1,76,171,836,222,-1,0,0,-1
448,2,325,270,85,122,-1,0,0,-1
448,3,906,262,374,153,-1,0,0,-1
449,1,76,171,836,222,-1,0,0,-1
449,2,325,270,85,122,-1,0,0,-1
449,3,905,262,374,153,-1,0,0,-1
450,1,76,171,836,222,-1,0,0,-1
450,2,325,270,85,122,-1,0,0,-1
450,3,905,262,374,153,-1,0,0,-1
451,1,76,171,836,222,-1,0,0,-1
451,2,325,270,85,122,-1,0,0,-1
451,3,904,262,375,153,-1,0,0,-1
452,1,76,171,836,222,-1,0,0,-1
452,2,325,270,85,122,-1,0,0,-1
452,3,904,262,375,153,-1,0,0,-1
453,1,76,171,836,222,-1,0,0,-1
453,2,325,270,85,122,-1,0,0,-1
453,3,904,262,374,153,-1,0,0,-1
454,1,76,171,836,222,-1,0,0,-1
454,2,325,270,85,122,-1,0,0,-1
454,3,904,262,375,153,-1,0,0,-1
455,1,76,171,836,222,-1,0,0,-1
455,2,325,270,85,122,-1,0,0,-1
455,3,901,261,378,154,-1,0,0,-1
456,1,76,171,835,222,-1,0,0,-1
456,2,325,270,85,122,-1,0,0,-1
456,3,899,260,380,155,-1,0,0,-1
457,1,76,171,837,222,-1,0,0,-1
457,2,325,270,85,122,-1,0,0,-1
457,3,899,260,380,155,-1,0,0,-1
458,1,76,171,836,222,-1,0,0,-1
458,2,325,270,85,122,-1,0,0,-1
458,3,904,263,368,150,-1,0,0,-1
459,1,76,171,836,222,-1,0,0,-1
459,2,325,270,85,122,-1,0,0,-1
459,3,901,263,370,151,-1,0,0,-1
460,1,76,171,836,222,-1,0,0,-1
460,2,325,270,85,122,-1,0,0,-1
460,3,902,263,368,150,-1,0,0,-1
461,1,76,171,836,222,-1,0,0,-1
461,2,325,270,85,122,-1,0,0,-1
461,3,904,264,364,149,-1,0,0,-1
462,1,76,171,836,222,-1,0,0,-1
462,2,325,270,85,122,-1,0,0,-1
462,3,900,260,380,156,-1,0,0,-1
463,1,76,171,836,222,-1,0,0,-1
463,2,325,270,85,122,-1,0,0,-1
463,3,898,264,372,149,-1,0,0,-1
464,1,76,171,836,222,-1,0,0,-1
464,2,325,270,85,122,-1,0,0,-1
464,3,898,264,372,149,-1,0,0,-1
465,1,76,171,836,222,-1,0,0,-1
465,2,325,270,85,122,-1,0,0,-1
465,3,897,264,372,149,-1,0,0,-1
466,1,76,171,836,222,-1,0,0,-1
466,2,325,270,85,122,-1,0,0,-1
466,3,897,264,372,149,-1,0,0,-1
467,1,76,171,836,222,-1,0,0,-1
467,2,325,270,85,122,-1,0,0,-1
467,3,896,264,373,149,-1,0,0,-1
468,1,76,171,836,222,-1,0,0,-1
468,2,325,270,85,122,-1,0,0,-1
468,3,895,263,375,150,-1,0,0,-1
469,1,76,171,836,222,-1,0,0,-1
469,2,325,270,85,122,-1,0,0,-1
469,3,894,263,375,150,-1,0,0,-1
470,1,76,171,836,222,-1,0,0,-1
470,2,325,270,85,122,-1,0,0,-1
470,3,895,263,374,150,-1,0,0,-1
471,1,76,171,836,222,-1,0,0,-1
471,2,325,270,85,122,-1,0,0,-1
471,3,894,263,375,150,-1,0,0,-1
472,1,76,171,836,222,-1,0,0,-1
472,2,325,270,85,122,-1,0,0,-1
472,3,895,265,369,148,-1,0,0,-1
473,1,76,171,836,222,-1,0,0,-1
473,2,325,270,85,122,-1,0,0,-1
473,3,891,262,377,151,-1,0,0,-1
474,1,76,171,836,222,-1,0,0,-1
474,2,325,270,85,122,-1,0,0,-1
474,3,891,263,376,151,-1,0,0,-1
475,1,76,171,836,222,-1,0,0,-1
475,2,325,270,85,122,-1,0,0,-1
475,3,890,262,378,152,-1,0,0,-1
476,1,76,170,836,222,-1,0,0,-1
476,2,325,270,85,122,-1,0,0,-1
476,3,891,264,371,149,-1,0,0,-1
477,1,76,171,836,222,-1,0,0,-1
477,2,325,270,85,122,-1,0,0,-1
477,3,892,264,370,148,-1,0,0,-1
478,1,76,170,836,222,-1,0,0,-1
478,2,325,270,85,122,-1,0,0,-1
478,3,887,260,383,154,-1,0,0,-1
479,1,76,171,836,222,-1,0,0,-1
479,2,325,270,85,122,-1,0,0,-1
479,3,890,264,369,148,-1,0,0,-1
480,1,76,171,836,222,-1,0,0,-1
480,2,325,270,85,122,-1,0,0,-1
480,3,891,265,368,147,-1,0,0,-1
481,1,76,171,836,222,-1,0,0,-1
481,2,325,270,85,122,-1,0,0,-1
481,3,890,264,364,148,-1,0,0,-1
482,1,76,171,836,222,-1,0,0,-1
482,2,325,270,85,122,-1,0,0,-1
482,3,890,264,364,148,-1,0,0,-1
483,1,76,171,836,222,-1,0,0,-1
483,2,325,270,85,122,-1,0,0,-1
483,3,889,264,364,148,-1,0,0,-1
484,1,76,171,836,222,-1,0,0,-1
484,2,325,270,85,122,-1,0,0,-1
484,3,889,264,365,148,-1,0,0,-1
485,1,76,171,836,222,-1,0,0,-1
485,2,325,270,85,122,-1,0,0,-1
485,3,889,264,364,148,-1,0,0,-1
486,1,76,171,836,222,-1,0,0,-1
486,2,325,270,85,122,-1,0,0,-1
486,3,889,264,364,148,-1,0,0,-1
487,1,76,171,836,222,-1,0,0,-1
487,2,325,270,85,122,-1,0,0,-1
487,3,888,264,364,148,-1,0,0,-1
488,1,76,171,836,222,-1,0,0,-1
488,2,325,270,85,122,-1,0,0,-1
488,3,885,263,368,150,-1,0,0,-1
489,1,76,171,836,222,-1,0,0,-1
489,2,325,270,85,122,-1,0,0,-1
489,3,887,264,365,148,-1,0,0,-1
490,1,76,171,836,222,-1,0,0,-1
490,2,325,270,85,122,-1,0,0,-1
490,3,884,262,369,150,-1,0,0,-1
491,1,76,171,836,222,-1,0,0,-1
491,2,325,270,85,122,-1,0,0,-1
491,3,883,262,370,151,-1,0,0,-1
492,1,76,171,836,222,-1,0,0,-1
492,2,325,270,85,122,-1,0,0,-1
492,3,882,262,371,151,-1,0,0,-1
493,1,76,171,836,222,-1,0,0,-1
493,2,325,270,85,122,-1,0,0,-1
493,3,882,261,372,151,-1,0,0,-1
494,1,76,171,836,222,-1,0,0,-1
494,2,325,270,85,122,-1,0,0,-1
494,3,884,265,363,147,-1,0,0,-1
495,1,76,171,836,222,-1,0,0,-1
495,2,325,270,85,122,-1,0,0,-1
495,3,884,265,363,147,-1,0,0,-1
496,1,76,171,836,222,-1,0,0,-1
496,2,325,270,85,122,-1,0,0,-1
496,3,883,265,363,147,-1,0,0,-1
497,1,76,171,836,222,-1,0,0,-1
497,2,325,270,85,122,-1,0,0,-1
497,3,883,265,364,147,-1,0,0,-1
498,1,76,171,836,222,-1,0,0,-1
498,2,325,270,85,122,-1,0,0,-1
498,3,881,264,365,148,-1,0,0,-1
499,1,76,171,836,222,-1,0,0,-1
499,2,325,270,85,122,-1,0,0,-1
499,3,882,265,364,148,-1,0,0,-1
500,1,76,171,836,222,-1,0,0,-1
500,2,325,270,85,122,-1,0,0,-1
500,3,881,265,365,148,-1,0,0,-1
501,1,76,171,836,222,-1,0,0,-1
501,2,325,270,85,122,-1,0,0,-1
501,3,882,265,363,147,-1,0,0,-1
502,1,76,171,836,222,-1,0,0,-1
502,2,325,270,85,122,-1,0,0,-1
502,3,879,264,367,149,-1,0,0,-1
503,1,76,171,836,222,-1,0,0,-1
503,2,325,270,85,122,-1,0,0,-1
503,3,882,265,364,147,-1,0,0,-1
504,1,76,171,836,222,-1,0,0,-1
504,2,325,270,85,122,-1,0,0,-1
504,3,877,263,369,150,-1,0,0,-1
505,1,76,171,836,222,-1,0,0,-1
505,2,325,270,85,122,-1,0,0,-1
505,3,876,262,371,150,-1,0,0,-1
506,1,76,171,836,222,-1,0,0,-1
506,2,325,270,85,122,-1,0,0,-1
506,3,875,262,371,150,-1,0,0,-1
507,1,76,171,836,222,-1,0,0,-1
507,2,325,270,85,122,-1,0,0,-1
507,3,879,265,364,148,-1,0,0,-1
508,1,76,171,836,222,-1,0,0,-1
508,2,325,270,85,122,-1,0,0,-1
508,3,879,265,364,148,-1,0,0,-1
509,1,76,171,836,222,-1,0,0,-1
509,2,325,270,85,122,-1,0,0,-1
509,3,878,265,364,148,-1,0,0,-1
510,1,76,171,836,222,-1,0,0,-1
510,2,325,270,85,122,-1,0,0,-1
510,3,878,265,364,148,-1,0,0,-1
511,1,76,171,836,222,-1,0,0,-1
511,2,325,270,85,122,-1,0,0,-1
511,3,877,265,365,148,-1,0,0,-1
512,1,76,171,836,222,-1,0,0,-1
512,2,325,270,85,122,-1,0,0,-1
512,3,876,264,366,149,-1,0,0,-1
513,1,76,171,836,222,-1,0,0,-1
513,2,325,270,85,122,-1,0,0,-1
513,3,875,264,367,149,-1,0,0,-1
514,1,76,171,836,222,-1,0,0,-1
514,2,325,270,85,122,-1,0,0,-1
514,3,877,265,363,148,-1,0,0,-1
515,1,76,171,836,222,-1,0,0,-1
515,2,325,270,85,122,-1,0,0,-1
515,3,874,264,368,150,-1,0,0,-1
516,1,76,171,836,222,-1,0,0,-1
516,2,325,270,85,122,-1,0,0,-1
516,3,873,264,369,150,-1,0,0,-1
517,1,76,171,836,222,-1,0,0,-1
517,2,325,270,85,122,-1,0,0,-1
517,3,874,264,368,150,-1,0,0,-1
518,1,76,171,836,222,-1,0,0,-1
518,2,325,270,85,122,-1,0,0,-1
518,3,875,264,366,149,-1,0,0,-1
519,1,76,171,836,222,-1,0,0,-1
519,2,325,270,85,122,-1,0,0,-1
519,3,875,265,362,147,-1,0,0,-1
520,1,76,171,836,222,-1,0,0,-1
520,2,325,270,85,122,-1,0,0,-1
520,3,870,262,373,152,-1,0,0,-1
521,1,76,171,836,222,-1,0,0,-1
521,2,325,270,85,122,-1,0,0,-1
521,3,871,264,366,149,-1,0,0,-1
522,1,76,171,836,222,-1,0,0,-1
522,2,325,270,85,122,-1,0,0,-1
522,3,871,264,366,149,-1,0,0,-1
523,1,76,171,836,222,-1,0,0,-1
523,2,325,270,85,122,-1,0,0,-1
523,3,874,262,356,152,-1,0,0,-1
524,1,76,171,836,222,-1,0,0,-1
524,2,325,270,85,122,-1,0,0,-1
524,3,874,262,356,152,-1,0,0,-1
525,1,76,171,836,222,-1,0,0,-1
525,2,325,270,85,122,-1,0,0,-1
525,3,873,262,356,152,-1,0,0,-1
526,1,76,171,836,222,-1,0,0,-1
526,2,325,270,85,122,-1,0,0,-1
526,3,873,262,357,152,-1,0,0,-1
527,1,76,172,835,222,-1,0,0,-1
527,2,325,270,85,122,-1,0,0,-1
527,3,872,262,357,152,-1,0,0,-1
528,1,76,171,836,222,-1,0,0,-1
528,2,325,270,85,122,-1,0,0,-1
528,3,872,265,357,149,-1,0,0,-1
529,1,76,171,836,222,-1,0,0,-1
529,2,325,270,85,122,-1,0,0,-1
529,3,872,265,357,149,-1,0,0,-1
530,1,76,171,836,222,-1,0,0,-1
530,2,325,270,85,122,-1,0,0,-1
530,3,871,265,357,149,-1,0,0,-1
531,1,76,171,836,222,-1,0,0,-1
531,2,325,270,85,122,-1,0,0,-1
531,3,871,265,357,149,-1,0,0,-1
532,1,76,171,836,222,-1,0,0,-1
532,2,325,270,85,122,-1,0,0,-1
532,3,871,265,357,149,-1,0,0,-1
533,1,76,171,836,222,-1,0,0,-1
533,2,325,270,85,122,-1,0,0,-1
533,3,871,265,357,149,-1,0,0,-1
534,1,76,171,836,222,-1,0,0,-1
534,2,325,270,85,122,-1,0,0,-1
534,3,871,265,357,149,-1,0,0,-1
535,1,76,171,836,222,-1,0,0,-1
535,2,325,270,85,122,-1,0,0,-1
535,3,870,265,358,149,-1,0,0,-1
536,1,76,171,836,222,-1,0,0,-1
536,2,325,270,85,122,-1,0,0,-1
536,3,867,263,362,151,-1,0,0,-1
537,1,76,171,836,222,-1,0,0,-1
537,2,325,270,85,122,-1,0,0,-1
537,3,867,263,362,151,-1,0,0,-1
538,1,76,171,836,222,-1,0,0,-1
538,2,325,270,85,122,-1,0,0,-1
538,3,869,264,359,150,-1,0,0,-1
539,1,76,171,836,222,-1,0,0,-1
539,2,325,270,85,122,-1,0,0,-1
539,3,869,264,358,150,-1,0,0,-1
540,1,76,171,836,222,-1,0,0,-1
540,2,325,270,85,122,-1,0,0,-1
540,3,864,263,365,152,-1,0,0,-1
541,1,76,171,836,222,-1,0,0,-1
541,2,325,270,85,122,-1,0,0,-1
541,3,865,263,363,151,-1,0,0,-1
542,1,76,171,836,222,-1,0,0,-1
542,2,325,270,85,122,-1,0,0,-1
542,3,863,262,366,153,-1,0,0,-1
543,1,76,171,836,222,-1,0,0,-1
543,2,325,270,85,122,-1,0,0,-1
543,3,864,264,360,150,-1,0,0,-1
544,1,76,171,836,222,-1,0,0,-1
544,2,325,270,85,122,-1,0,0,-1
544,3,862,262,366,153,-1,0,0,-1
545,1,76,171,836,222,-1,0,0,-1
545,2,325,270,85,122,-1,0,0,-1
545,3,871,266,356,148,-1,0,0,-1
546,1,76,171,836,222,-1,0,0,-1
546,2,325,270,85,122,-1,0,0,-1
546,3,871,266,355,148,-1,0,0,-1
547,1,76,171,836,222,-1,0,0,-1
547,2,325,270,85,122,-1,0,0,-1
547,3,862,264,360,150,-1,0,0,-1
548,1,76,171,836,222,-1,0,0,-1
548,2,325,270,85,122,-1,0,0,-1
548,3,864,266,357,149,-1,0,0,-1
549,1,76,171,836,222,-1,0,0,-1
549,2,325,270,85,122,-1,0,0,-1
549,3,864,266,357,149,-1,0,0,-1
550,1,76,171,836,222,-1,0,0,-1
550,2,325,270,85,122,-1,0,0,-1
550,3,864,266,357,149,-1,0,0,-1
551,1,76,171,836,222,-1,0,0,-1
551,2,325,270,85,122,-1,0,0,-1
551,3,863,266,357,149,-1,0,0,-1
552,1,76,171,836,222,-1,0,0,-1
552,2,325,270,85,122,-1,0,0,-1
552,3,863,266,357,149,-1,0,0,-1
553,1,76,171,836,222,-1,0,0,-1
553,2,325,270,85,122,-1,0,0,-1
553,3,863,266,357,149,-1,0,0,-1
554,1,76,171,836,222,-1,0,0,-1
554,2,325,270,85,122,-1,0,0,-1
554,3,863,266,358,149,-1,0,0,-1
555,1,76,171,836,222,-1,0,0,-1
555,2,325,270,85,122,-1,0,0,-1
555,3,867,265,350,151,-1,0,0,-1
556,1,76,171,836,222,-1,0,0,-1
556,2,325,270,85,122,-1,0,0,-1
556,3,867,265,350,151,-1,0,0,-1
557,1,76,171,836,222,-1,0,0,-1
557,2,325,270,85,122,-1,0,0,-1
557,3,867,265,350,151,-1,0,0,-1
558,1,76,171,836,222,-1,0,0,-1
558,2,325,270,85,122,-1,0,0,-1
558,3,867,265,350,151,-1,0,0,-1
559,1,76,171,836,222,-1,0,0,-1
559,2,325,270,85,122,-1,0,0,-1
559,3,865,264,352,152,-1,0,0,-1
560,1,76,171,836,222,-1,0,0,-1
560,2,325,270,85,122,-1,0,0,-1
560,3,866,265,351,151,-1,0,0,-1
561,1,76,171,836,222,-1,0,0,-1
561,2,325,270,85,122,-1,0,0,-1
561,3,866,265,351,151,-1,0,0,-1
562,1,76,171,836,222,-1,0,0,-1
562,2,325,270,85,122,-1,0,0,-1
562,3,863,264,354,153,-1,0,0,-1
563,1,76,171,836,222,-1,0,0,-1
563,2,325,270,85,122,-1,0,0,-1
563,3,863,264,354,153,-1,0,0,-1
564,1,76,171,836,222,-1,0,0,-1
564,2,325,270,85,122,-1,0,0,-1
564,3,862,263,356,153,-1,0,0,-1
565,1,76,171,836,222,-1,0,0,-1
565,2,325,270,85,122,-1,0,0,-1
565,3,865,265,350,151,-1,0,0,-1
566,1,76,171,836,222,-1,0,0,-1
566,2,325,270,85,122,-1,0,0,-1
566,3,861,263,356,154,-1,0,0,-1
567,1,76,171,836,222,-1,0,0,-1
567,2,325,270,85,122,-1,0,0,-1
567,3,865,265,351,151,-1,0,0,-1
568,1,76,171,836,222,-1,0,0,-1
568,2,325,270,85,122,-1,0,0,-1
568,3,866,265,349,151,-1,0,0,-1
569,1,76,171,836,222,-1,0,0,-1
569,2,325,270,85,122,-1,0,0,-1
569,3,858,262,359,155,-1,0,0,-1
570,1,76,171,836,222,-1,0,0,-1
570,2,325,270,85,122,-1,0,0,-1
570,3,865,265,350,151,-1,0,0,-1
571,1,76,171,836,222,-1,0,0,-1
571,2,325,270,85,122,-1,0,0,-1
571,3,866,265,349,151,-1,0,0,-1
572,1,76,171,836,222,-1,0,0,-1
572,2,325,270,85,122,-1,0,0,-1
572,3,860,266,355,151,-1,0,0,-1
573,1,76,171,836,222,-1,0,0,-1
573,2,325,270,85,122,-1,0,0,-1
573,3,860,266,355,151,-1,0,0,-1
574,1,76,171,836,222,-1,0,0,-1
574,2,325,270,85,122,-1,0,0,-1
574,3,859,266,355,151,-1,0,0,-1
575,1,76,171,836,222,-1,0,0,-1
575,2,325,270,85,122,-1,0,0,-1
575,3,859,266,356,151,-1,0,0,-1
576,1,76,171,836,222,-1,0,0,-1
576,2,325,270,85,122,-1,0,0,-1
576,3,859,266,356,151,-1,0,0,-1
577,1,76,171,836,222,-1,0,0,-1
577,2,325,270,85,122,-1,0,0,-1
577,3,859,266,355,151,-1,0,0,-1
578,1,76,171,836,222,-1,0,0,-1
578,2,325,270,85,122,-1,0,0,-1
578,3,859,266,356,151,-1,0,0,-1
579,1,76,171,836,222,-1,0,0,-1
579,2,325,270,85,122,-1,0,0,-1
579,3,858,265,357,152,-1,0,0,-1
580,1,76,171,836,222,-1,0,0,-1
580,2,325,270,85,122,-1,0,0,-1
580,3,858,268,351,149,-1,0,0,-1
581,1,76,171,836,222,-1,0,0,-1
581,2,325,270,85,122,-1,0,0,-1
581,3,858,268,351,149,-1,0,0,-1
582,1,76,171,836,222,-1,0,0,-1
582,2,325,270,85,122,-1,0,0,-1
582,3,858,268,351,149,-1,0,0,-1
583,1,76,171,836,222,-1,0,0,-1
583,2,325,270,85,122,-1,0,0,-1
583,3,857,268,351,149,-1,0,0,-1
584,1,76,171,836,222,-1,0,0,-1
584,2,325,270,85,122,-1,0,0,-1
584,3,857,268,352,149,-1,0,0,-1
585,1,76,171,836,222,-1,0,0,-1
585,2,325,270,85,122,-1,0,0,-1
585,3,857,268,352,149,-1,0,0,-1
586,1,76,171,836,222,-1,0,0,-1
586,2,325,270,85,122,-1,0,0,-1
586,3,856,268,352,150,-1,0,0,-1
587,1,76,171,836,222,-1,0,0,-1
587,2,325,270,85,122,-1,0,0,-1
587,3,856,267,353,150,-1,0,0,-1
588,1,76,171,836,222,-1,0,0,-1
588,2,325,270,85,122,-1,0,0,-1
588,3,855,267,353,150,-1,0,0,-1
589,1,76,171,836,222,-1,0,0,-1
589,2,325,270,85,122,-1,0,0,-1
589,3,855,267,353,150,-1,0,0,-1
590,1,76,171,836,222,-1,0,0,-1
590,2,325,270,85,122,-1,0,0,-1
590,3,857,268,351,149,-1,0,0,-1
591,1,76,171,836,222,-1,0,0,-1
591,2,325,270,85,122,-1,0,0,-1
591,3,851,266,358,152,-1,0,0,-1
592,1,76,171,836,222,-1,0,0,-1
592,2,325,270,85,122,-1,0,0,-1
592,3,857,268,351,149,-1,0,0,-1
593,1,76,171,836,222,-1,0,0,-1
593,2,325,270,85,122,-1,0,0,-1
593,3,850,268,356,149,-1,0,0,-1
594,1,76,171,836,222,-1,0,0,-1
594,2,325,270,85,122,-1,0,0,-1
594,3,850,268,356,149,-1,0,0,-1
595,1,76,171,836,222,-1,0,0,-1
595,2,325,270,85,122,-1,0,0,-1
595,3,850,268,356,149,-1,0,0,-1
596,1,76,171,836,222,-1,0,0,-1
596,2,325,270,85,122,-1,0,0,-1
596,3,850,268,356,149,-1,0,0,-1
597,1,76,171,836,222,-1,0,0,-1
597,2,325,270,85,122,-1,0,0,-1
597,3,849,268,356,149,-1,0,0,-1
598,1,76,171,836,222,-1,0,0,-1
598,2,325,270,85,122,-1,0,0,-1
598,3,849,268,357,149,-1,0,0,-1
599,1,76,171,836,222,-1,0,0,-1
599,2,325,270,85,122,-1,0,0,-1
599,3,848,267,358,150,-1,0,0,-1
600,1,76,171,836,222,-1,0,0,-1
600,2,325,270,85,122,-1,0,0,-1
600,3,848,267,358,150,-1,0,0,-1
601,1,76,171,836,222,-1,0,0,-1
601,2,325,270,85,122,-1,0,0,-1
601,3,848,268,357,150,-1,0,0,-1
602,1,76,171,836,222,-1,0,0,-1
602,2,325,270,85,122,-1,0,0,-1
602,3,848,268,357,149,-1,0,0,-1
603,1,76,171,836,222,-1,0,0,-1
603,2,325,270,85,122,-1,0,0,-1
603,3,846,267,356,151,-1,0,0,-1
604,1,76,171,836,222,-1,0,0,-1
604,2,325,270,85,122,-1,0,0,-1
604,3,846,267,356,151,-1,0,0,-1
605,1,76,171,836,222,-1,0,0,-1
605,2,325,270,85,122,-1,0,0,-1
605,3,845,267,357,151,-1,0,0,-1
606,1,76,171,836,222,-1,0,0,-1
606,2,325,270,85,122,-1,0,0,-1
606,3,845,267,356,151,-1,0,0,-1
607,1,76,171,836,222,-1,0,0,-1
607,2,325,270,85,122,-1,0,0,-1
607,3,845,267,356,151,-1,0,0,-1
608,1,76,171,836,222,-1,0,0,-1
608,2,325,270,85,122,-1,0,0,-1
608,3,845,267,353,151,-1,0,0,-1
609,1,76,171,836,222,-1,0,0,-1
609,2,325,270,85,122,-1,0,0,-1
609,3,845,267,353,151,-1,0,0,-1
610,1,76,171,836,222,-1,0,0,-1
610,2,325,270,85,122,-1,0,0,-1
610,3,845,267,353,151,-1,0,0,-1
611,1,76,171,836,222,-1,0,0,-1
611,2,325,270,85,122,-1,0,0,-1
611,3,844,267,353,151,-1,0,0,-1
612,1,76,171,836,222,-1,0,0,-1
612,2,325,270,85,122,-1,0,0,-1
612,3,844,267,353,151,-1,0,0,-1
613,1,76,171,836,222,-1,0,0,-1
613,2,325,270,85,122,-1,0,0,-1
613,3,840,267,355,151,-1,0,0,-1
614,1,76,171,836,222,-1,0,0,-1
614,2,325,270,85,122,-1,0,0,-1
614,3,840,267,355,151,-1,0,0,-1
615,1,76,171,836,222,-1,0,0,-1
615,2,325,270,85,122,-1,0,0,-1
615,3,839,267,355,151,-1,0,0,-1
616,1,76,171,836,222,-1,0,0,-1
616,2,325,270,85,122,-1,0,0,-1
616,3,839,267,355,151,-1,0,0,-1
617,1,76,171,836,222,-1,0,0,-1
617,2,325,270,85,122,-1,0,0,-1
617,3,839,267,356,151,-1,0,0,-1
618,1,76,171,836,222,-1,0,0,-1
618,2,325,270,85,122,-1,0,0,-1
618,3,838,267,356,151,-1,0,0,-1
619,1,76,171,836,222,-1,0,0,-1
619,2,325,270,85,122,-1,0,0,-1
619,3,838,266,357,152,-1,0,0,-1
620,1,76,171,836,222,-1,0,0,-1
620,2,325,270,85,122,-1,0,0,-1
620,3,838,267,357,152,-1,0,0,-1
621,1,76,171,836,222,-1,0,0,-1
621,2,325,270,85,122,-1,0,0,-1
621,3,835,265,360,153,-1,0,0,-1
622,1,76,171,836,222,-1,0,0,-1
622,2,325,270,85,122,-1,0,0,-1
622,3,838,267,356,151,-1,0,0,-1
623,1,76,171,836,222,-1,0,0,-1
623,2,325,270,85,122,-1,0,0,-1
623,3,834,267,360,151,-1,0,0,-1
624,1,76,171,836,222,-1,0,0,-1
624,2,325,270,85,122,-1,0,0,-1
624,3,834,267,360,151,-1,0,0,-1
625,1,76,171,836,222,-1,0,0,-1
625,2,325,270,85,122,-1,0,0,-1
625,3,833,267,360,151,-1,0,0,-1
626,1,76,171,836,222,-1,0,0,-1
626,2,325,270,85,122,-1,0,0,-1
626,3,832,266,362,152,-1,0,0,-1
627,1,76,171,836,222,-1,0,0,-1
627,2,325,270,85,122,-1,0,0,-1
627,3,833,267,361,151,-1,0,0,-1
628,1,76,171,836,222,-1,0,0,-1
628,2,325,270,85,122,-1,0,0,-1
628,3,828,267,360,151,-1,0,0,-1
629,1,76,171,836,222,-1,0,0,-1
629,2,325,270,85,122,-1,0,0,-1
629,3,828,267,360,151,-1,0,0,-1
630,1,76,171,836,222,-1,0,0,-1
630,2,325,270,85,122,-1,0,0,-1
630,3,827,267,361,151,-1,0,0,-1
631,1,76,171,836,222,-1,0,0,-1
631,2,325,270,85,122,-1,0,0,-1
631,3,827,267,361,151,-1,0,0,-1
632,1,76,171,836,222,-1,0,0,-1
632,2,325,270,85,122,-1,0,0,-1
632,3,825,267,363,151,-1,0,0,-1
633,1,76,171,836,222,-1,0,0,-1
633,2,325,270,85,122,-1,0,0,-1
633,3,825,267,363,151,-1,0,0,-1
634,1,75,171,837,222,-1,0,0,-1
634,2,325,270,85,122,-1,0,0,-1
634,3,824,267,363,151,-1,0,0,-1
635,1,76,171,836,222,-1,0,0,-1
635,2,325,270,85,122,-1,0,0,-1
635,3,825,267,363,151,-1,0,0,-1
636,1,76,171,836,222,-1,0,0,-1
636,2,325,270,85,122,-1,0,0,-1
636,3,825,267,363,151,-1,0,0,-1
637,1,76,171,836,222,-1,0,0,-1
637,2,325,270,85,122,-1,0,0,-1
637,3,819,267,369,151,-1,0,0,-1
638,1,76,171,836,222,-1,0,0,-1
638,2,325,270,85,122,-1,0,0,-1
638,3,819,267,369,151,-1,0,0,-1
639,1,76,171,836,222,-1,0,0,-1
639,2,325,270,85,122,-1,0,0,-1
639,3,819,267,369,151,-1,0,0,-1
640,1,76,171,836,222,-1,0,0,-1
640,2,325,270,85,122,-1,0,0,-1
640,3,819,267,369,151,-1,0,0,-1
641,1,76,171,836,222,-1,0,0,-1
641,2,325,270,85,122,-1,0,0,-1
641,3,819,267,369,151,-1,0,0,-1
642,1,76,171,836,222,-1,0,0,-1
642,2,325,270,85,122,-1,0,0,-1
642,3,818,267,369,151,-1,0,0,-1
643,1,76,171,836,222,-1,0,0,-1
643,2,325,270,85,122,-1,0,0,-1
643,3,818,267,369,151,-1,0,0,-1
644,1,76,171,836,222,-1,0,0,-1
644,2,325,270,85,122,-1,0,0,-1
644,3,815,267,366,151,-1,0,0,-1
645,1,76,171,836,222,-1,0,0,-1
645,2,325,270,85,122,-1,0,0,-1
645,3,815,267,366,151,-1,0,0,-1
646,1,76,171,836,222,-1,0,0,-1
646,2,325,270,85,122,-1,0,0,-1
646,3,814,267,366,151,-1,0,0,-1
647,1,76,171,836,222,-1,0,0,-1
647,2,325,270,85,122,-1,0,0,-1
647,3,814,267,367,151,-1,0,0,-1
648,1,76,171,836,222,-1,0,0,-1
648,2,325,270,85,122,-1,0,0,-1
648,3,814,267,366,151,-1,0,0,-1
649,1,76,171,836,222,-1,0,0,-1
649,2,325,270,85,122,-1,0,0,-1
649,3,812,267,368,152,-1,0,0,-1
650,1,76,171,836,222,-1,0,0,-1
650,2,325,270,85,122,-1,0,0,-1
650,3,814,267,366,151,-1,0,0,-1
651,1,76,172,835,222,-1,0,0,-1
651,2,325,270,85,122,-1,0,0,-1
651,3,805,267,375,151,-1,0,0,-1
652,1,76,171,836,222,-1,0,0,-1
652,2,325,270,85,122,-1,0,0,-1
652,3,805,267,375,151,-1,0,0,-1
653,1,76,171,836,222,-1,0,0,-1
653,2,325,270,85,122,-1,0,0,-1
653,3,805,267,375,151,-1,0,0,-1
654,1,76,171,835,222,-1,0,0,-1
654,2,325,270,85,122,-1,0,0,-1
654,3,805,267,375,151,-1,0,0,-1
655,1,76,171,836,222,-1,0,0,-1
655,2,325,270,85,122,-1,0,0,-1
655,3,805,267,375,151,-1,0,0,-1
656,1,76,171,836,222,-1,0,0,-1
656,2,325,270,85,122,-1,0,0,-1
656,3,805,267,375,151,-1,0,0,-1
657,1,76,171,836,222,-1,0,0,-1
657,2,325,270,85,122,-1,0,0,-1
657,3,804,270,374,148,-1,0,0,-1
658,1,76,171,836,222,-1,0,0,-1
658,2,325,270,85,122,-1,0,0,-1
658,3,804,270,374,148,-1,0,0,-1
659,1,76,171,836,222,-1,0,0,-1
659,2,325,270,85,122,-1,0,0,-1
659,3,803,270,375,148,-1,0,0,-1
660,1,76,171,836,222,-1,0,0,-1
660,2,325,270,85,122,-1,0,0,-1
660,3,802,270,375,149,-1,0,0,-1
661,1,76,171,836,222,-1,0,0,-1
661,2,325,270,85,122,-1,0,0,-1
661,3,799,270,371,148,-1,0,0,-1
662,1,76,171,836,222,-1,0,0,-1
662,2,325,270,85,122,-1,0,0,-1
662,3,799,270,371,148,-1,0,0,-1
663,1,76,171,836,222,-1,0,0,-1
663,2,325,270,85,122,-1,0,0,-1
663,3,799,270,371,148,-1,0,0,-1
664,1,76,171,837,222,-1,0,0,-1
664,2,325,270,85,122,-1,0,0,-1
664,3,799,270,371,148,-1,0,0,-1
665,1,76,172,836,222,-1,0,0,-1
665,2,325,270,85,122,-1,0,0,-1
665,3,798,270,371,148,-1,0,0,-1
666,1,76,171,836,222,-1,0,0,-1
666,2,325,270,85,122,-1,0,0,-1
666,3,798,270,372,148,-1,0,0,-1
667,1,76,171,836,222,-1,0,0,-1
667,2,325,270,85,122,-1,0,0,-1
667,3,796,269,374,149,-1,0,0,-1
668,1,76,171,836,222,-1,0,0,-1
668,2,325,270,85,122,-1,0,0,-1
668,3,792,269,372,148,-1,0,0,-1
669,1,76,171,836,222,-1,0,0,-1
669,2,325,270,85,122,-1,0,0,-1
669,3,792,269,372,148,-1,0,0,-1
670,1,76,171,836,222,-1,0,0,-1
670,2,325,270,85,122,-1,0,0,-1
670,3,792,269,372,148,-1,0,0,-1
671,1,76,171,836,222,-1,0,0,-1
671,2,325,270,85,122,-1,0,0,-1
671,3,792,269,372,148,-1,0,0,-1
672,1,76,171,836,222,-1,0,0,-1
672,2,325,270,85,122,-1,0,0,-1
672,3,792,269,372,148,-1,0,0,-1
673,1,76,171,836,222,-1,0,0,-1
673,2,325,270,85,122,-1,0,0,-1
673,3,791,269,372,148,-1,0,0,-1
674,1,76,171,836,222,-1,0,0,-1
674,2,325,270,85,122,-1,0,0,-1
674,3,791,269,372,148,-1,0,0,-1
675,1,76,171,836,222,-1,0,0,-1
675,2,325,270,85,122,-1,0,0,-1
675,3,789,271,370,146,-1,0,0,-1
676,1,76,171,836,222,-1,0,0,-1
676,2,325,270,85,122,-1,0,0,-1
676,3,789,271,370,146,-1,0,0,-1
677,1,76,171,836,222,-1,0,0,-1
677,2,325,270,85,122,-1,0,0,-1
677,3,789,271,370,146,-1,0,0,-1
678,1,76,171,837,222,-1,0,0,-1
678,2,325,270,85,122,-1,0,0,-1
678,3,789,271,370,146,-1,0,0,-1
679,1,76,171,836,222,-1,0,0,-1
679,2,325,270,85,122,-1,0,0,-1
679,3,783,271,376,146,-1,0,0,-1
680,1,76,171,836,222,-1,0,0,-1
680,2,325,270,85,122,-1,0,0,-1
680,3,783,271,376,146,-1,0,0,-1
681,1,76,171,836,222,-1,0,0,-1
681,2,325,270,85,122,-1,0,0,-1
681,3,783,271,376,146,-1,0,0,-1
682,1,76,171,836,222,-1,0,0,-1
682,2,325,270,85,122,-1,0,0,-1
682,3,782,271,375,146,-1,0,0,-1
683,1,76,171,836,222,-1,0,0,-1
683,2,325,270,85,122,-1,0,0,-1
683,3,782,271,375,146,-1,0,0,-1
684,1,76,171,836,222,-1,0,0,-1
684,2,325,270,85,122,-1,0,0,-1
684,3,781,271,375,146,-1,0,0,-1
685,1,76,171,836,222,-1,0,0,-1
685,2,325,270,85,122,-1,0,0,-1
685,3,782,271,375,146,-1,0,0,-1
686,1,76,171,836,222,-1,0,0,-1
686,2,325,270,85,122,-1,0,0,-1
686,3,776,271,375,146,-1,0,0,-1
687,1,76,171,836,222,-1,0,0,-1
687,2,325,270,85,122,-1,0,0,-1
687,3,776,271,375,146,-1,0,0,-1
688,1,76,171,836,222,-1,0,0,-1
688,2,325,270,85,122,-1,0,0,-1
688,3,776,271,375,146,-1,0,0,-1
689,1,76,171,836,222,-1,0,0,-1
689,2,325,270,85,122,-1,0,0,-1
689,3,774,271,376,146,-1,0,0,-1
690,1,76,171,836,222,-1,0,0,-1
690,2,325,270,85,122,-1,0,0,-1
690,3,774,271,376,146,-1,0,0,-1
691,1,76,172,836,222,-1,0,0,-1
691,2,325,271,85,122,-1,0,0,-1
691,3,774,271,376,146,-1,0,0,-1
692,1,76,172,836,222,-1,0,0,-1
692,2,325,271,85,122,-1,0,0,-1
692,3,774,271,376,146,-1,0,0,-1
693,1,76,172,836,222,-1,0,0,-1
693,2,325,271,85,122,-1,0,0,-1
693,3,773,271,376,146,-1,0,0,-1
694,1,76,172,835,222,-1,0,0,-1
694,2,325,271,85,122,-1,0,0,-1
694,3,767,271,382,146,-1,0,0,-1
695,1,76,172,836,222,-1,0,0,-1
695,2,325,271,85,122,-1,0,0,-1
695,3,767,271,382,146,-1,0,0,-1
696,1,76,172,836,222,-1,0,0,-1
696,2,325,271,85,122,-1,0,0,-1
696,3,767,271,382,146,-1,0,0,-1
697,1,76,171,836,222,-1,0,0,-1
697,2,325,270,85,122,-1,0,0,-1
697,3,766,271,382,146,-1,0,0,-1
698,1,76,171,836,222,-1,0,0,-1
698,2,325,270,85,122,-1,0,0,-1
698,3,767,271,382,146,-1,0,0,-1
699,1,76,171,836,222,-1,0,0,-1
699,2,325,270,85,122,-1,0,0,-1
699,3,766,271,382,146,-1,0,0,-1
700,1,76,171,836,222,-1,0,0,-1
700,2,325,270,85,122,-1,0,0,-1
700,3,766,271,380,146,-1,0,0,-1
701,1,76,171,836,222,-1,0,0,-1
701,2,325,270,85,122,-1,0,0,-1
701,3,766,271,380,146,-1,0,0,-1
702,1,76,171,836,222,-1,0,0,-1
702,2,325,270,85,122,-1,0,0,-1
702,3,766,271,380,146,-1,0,0,-1
703,1,76,171,836,222,-1,0,0,-1
703,2,325,270,85,122,-1,0,0,-1
703,3,759,271,386,146,-1,0,0,-1
704,1,76,171,836,222,-1,0,0,-1
704,2,325,270,85,122,-1,0,0,-1
704,3,759,271,386,146,-1,0,0,-1
705,1,76,171,836,222,-1,0,0,-1
705,2,325,270,85,122,-1,0,0,-1
705,3,759,271,386,146,-1,0,0,-1
706,1,76,172,836,222,-1,0,0,-1
706,2,325,270,85,122,-1,0,0,-1
706,3,758,271,386,146,-1,0,0,-1
707,1,76,172,836,222,-1,0,0,-1
707,2,325,271,85,122,-1,0,0,-1
707,3,758,271,386,146,-1,0,0,-1
708,1,76,172,836,222,-1,0,0,-1
708,2,325,271,85,122,-1,0,0,-1
708,3,758,271,386,146,-1,0,0,-1
709,1,76,172,836,222,-1,0,0,-1
709,2,325,271,85,122,-1,0,0,-1
709,3,749,274,392,143,-1,0,0,-1
710,1,76,172,836,222,-1,0,0,-1
710,2,325,271,85,122,-1,0,0,-1
710,3,749,274,392,143,-1,0,0,-1
711,1,76,171,836,222,-1,0,0,-1
711,2,325,271,85,122,-1,0,0,-1
711,3,749,274,392,143,-1,0,0,-1
712,1,76,171,836,222,-1,0,0,-1
712,2,325,270,85,122,-1,0,0,-1
712,3,749,274,392,143,-1,0,0,-1
713,1,76,171,836,222,-1,0,0,-1
713,2,325,270,85,122,-1,0,0,-1
713,3,749,274,392,143,-1,0,0,-1
714,1,76,171,836,222,-1,0,0,-1
714,2,325,270,85,122,-1,0,0,-1
714,3,749,274,392,143,-1,0,0,-1
715,1,76,171,836,222,-1,0,0,-1
715,2,325,270,85,122,-1,0,0,-1
715,3,748,274,392,143,-1,0,0,-1
716,1,76,171,836,222,-1,0,0,-1
716,2,325,270,85,122,-1,0,0,-1
716,3,748,274,392,143,-1,0,0,-1
717,1,76,171,836,222,-1,0,0,-1
717,2,325,270,85,122,-1,0,0,-1
717,3,749,274,391,143,-1,0,0,-1
718,1,76,171,836,222,-1,0,0,-1
718,2,325,270,85,122,-1,0,0,-1
718,3,745,273,396,145,-1,0,0,-1
719,1,76,172,836,222,-1,0,0,-1
719,2,325,270,85,122,-1,0,0,-1
719,3,749,274,391,143,-1,0,0,-1
720,1,76,172,836,222,-1,0,0,-1
720,2,325,271,85,122,-1,0,0,-1
720,3,748,274,391,143,-1,0,0,-1
721,1,76,172,836,222,-1,0,0,-1
721,2,325,271,85,122,-1,0,0,-1
721,3,742,274,396,142,-1,0,0,-1
722,1,76,171,836,222,-1,0,0,-1
722,2,325,271,85,122,-1,0,0,-1
722,3,742,274,396,142,-1,0,0,-1
723,1,76,172,836,222,-1,0,0,-1
723,2,325,271,85,122,-1,0,0,-1
723,3,742,274,396,142,-1,0,0,-1
724,1,76,172,836,222,-1,0,0,-1
724,2,325,271,85,122,-1,0,0,-1
724,3,742,274,396,142,-1,0,0,-1
725,1,76,171,836,222,-1,0,0,-1
725,2,325,270,85,122,-1,0,0,-1
725,3,741,274,396,142,-1,0,0,-1
726,1,76,171,836,222,-1,0,0,-1
726,2,325,270,85,122,-1,0,0,-1
726,3,741,274,396,142,-1,0,0,-1
727,1,76,171,836,222,-1,0,0,-1
727,2,325,270,85,122,-1,0,0,-1
727,3,738,274,399,142,-1,0,0,-1
728,1,76,171,836,222,-1,0,0,-1
728,2,325,270,85,122,-1,0,0,-1
728,3,738,274,399,142,-1,0,0,-1
729,1,76,171,836,222,-1,0,0,-1
729,2,325,270,85,122,-1,0,0,-1
729,3,738,274,399,142,-1,0,0,-1
730,1,76,172,835,222,-1,0,0,-1
730,2,325,270,85,122,-1,0,0,-1
730,3,735,274,402,142,-1,0,0,-1
731,1,76,172,835,222,-1,0,0,-1
731,2,325,270,85,122,-1,0,0,-1
731,3,735,274,402,142,-1,0,0,-1
732,1,76,171,836,222,-1,0,0,-1
732,2,325,270,85,122,-1,0,0,-1
732,3,735,274,402,142,-1,0,0,-1
733,1,76,171,836,222,-1,0,0,-1
733,2,325,270,85,122,-1,0,0,-1
733,3,731,274,406,142,-1,0,0,-1
734,1,76,172,835,222,-1,0,0,-1
734,2,325,270,85,122,-1,0,0,-1
734,3,731,274,406,142,-1,0,0,-1
735,1,76,171,836,222,-1,0,0,-1
735,2,325,270,85,122,-1,0,0,-1
735,3,731,274,405,142,-1,0,0,-1
736,1,76,171,836,222,-1,0,0,-1
736,2,325,270,85,122,-1,0,0,-1
736,3,731,274,405,142,-1,0,0,-1
737,1,76,171,836,222,-1,0,0,-1
737,2,325,270,85,122,-1,0,0,-1
737,3,730,274,406,142,-1,0,0,-1
738,1,76,171,836,222,-1,0,0,-1
738,2,325,270,85,122,-1,0,0,-1
738,3,731,274,405,142,-1,0,0,-1
739,1,76,171,836,222,-1,0,0,-1
739,2,325,270,85,122,-1,0,0,-1
739,3,727,274,409,142,-1,0,0,-1
740,1,76,171,836,222,-1,0,0,-1
740,2,325,270,85,122,-1,0,0,-1
740,3,727,274,409,142,-1,0,0,-1
741,1,76,171,836,222,-1,0,0,-1
741,2,325,270,85,122,-1,0,0,-1
741,3,727,274,409,142,-1,0,0,-1
742,1,76,171,836,222,-1,0,0,-1
742,2,325,270,85,122,-1,0,0,-1
742,3,722,274,414,142,-1,0,0,-1
743,1,76,171,836,222,-1,0,0,-1
743,2,325,270,85,122,-1,0,0,-1
743,3,722,274,414,142,-1,0,0,-1
744,1,76,171,836,222,-1,0,0,-1
744,2,325,270,85,122,-1,0,0,-1
744,3,722,274,414,142,-1,0,0,-1
745,1,76,171,836,222,-1,0,0,-1
745,2,325,270,85,122,-1,0,0,-1
745,3,720,274,416,142,-1,0,0,-1
746,1,76,171,837,222,-1,0,0,-1
746,2,325,270,85,122,-1,0,0,-1
746,3,720,274,416,142,-1,0,0,-1
747,1,76,172,836,222,-1,0,0,-1
747,2,325,270,85,122,-1,0,0,-1
747,3,720,274,416,142,-1,0,0,-1
748,1,76,172,835,222,-1,0,0,-1
748,2,325,270,85,122,-1,0,0,-1
748,3,720,274,416,142,-1,0,0,-1
749,1,76,171,836,222,-1,0,0,-1
749,2,325,270,85,122,-1,0,0,-1
749,3,720,274,416,142,-1,0,0,-1
750,1,76,171,836,222,-1,0,0,-1
750,2,325,270,85,122,-1,0,0,-1
750,3,716,274,419,142,-1,0,0,-1
