1,1,0,20,1852,490,-1,0,0,-1
1,2,1390,357,454,146,-1,0,0,-1
2,1,0,20,1851,490,-1,0,0,-1
2,2,1389,357,454,146,-1,0,0,-1
3,1,0,20,1850,489,-1,0,0,-1
3,2,1388,357,454,146,-1,0,0,-1
4,1,0,21,1847,489,-1,0,0,-1
4,2,1385,356,456,147,-1,0,0,-1
5,1,0,21,1843,488,-1,0,0,-1
5,2,1387,357,452,145,-1,0,0,-1
6,1,0,22,1841,487,-1,0,0,-1
6,2,1382,357,452,145,-1,0,0,-1
7,1,0,20,1844,490,-1,0,0,-1
7,2,1380,357,451,145,-1,0,0,-1
8,1,0,20,1843,490,-1,0,0,-1
8,2,1379,357,451,145,-1,0,0,-1
9,1,0,20,1842,489,-1,0,0,-1
9,2,1377,357,451,145,-1,0,0,-1
10,1,-1,20,1841,489,-1,0,0,-1
10,2,1375,357,451,145,-1,0,0,-1
11,1,-1,21,1841,489,-1,0,0,-1
11,2,1374,357,450,145,-1,0,0,-1
12,1,-1,20,1838,490,-1,0,0,-1
12,2,1372,357,450,145,-1,0,0,-1
13,1,0,20,1836,490,-1,0,0,-1
13,2,1371,357,449,145,-1,0,0,-1
14,1,0,20,1835,490,-1,0,0,-1
14,2,1369,357,449,144,-1,0,0,-1
15,1,0,21,1834,489,-1,0,0,-1
15,2,1368,357,449,144,-1,0,0,-1
16,1,-1,21,1833,489,-1,0,0,-1
16,2,1366,357,448,144,-1,0,0,-1
17,1,-1,20,1837,490,-1,0,0,-1
17,2,1365,357,448,144,-1,0,0,-1
18,1,0,22,1824,487,-1,0,0,-1
18,2,1363,357,447,144,-1,0,0,-1
19,1,0,20,1829,490,-1,0,0,-1
19,2,1362,357,447,144,-1,0,0,-1
20,1,0,20,1828,490,-1,0,0,-1
20,2,1360,357,446,144,-1,0,0,-1
21,1,-1,20,1828,490,-1,0,0,-1
21,2,1359,357,446,144,-1,0,0,-1
22,1,0,21,1824,489,-1,0,0,-1
22,2,1357,357,446,143,-1,0,0,-1
23,1,-1,20,1829,490,-1,0,0,-1
23,2,1356,357,445,143,-1,0,0,-1
24,1,0,21,1821,488,-1,0,0,-1
24,2,1354,357,446,143,-1,0,0,-1
25,1,0,20,1829,490,-1,0,0,-1
25,2,1352,357,445,143,-1,0,0,-1
26,1,1,23,1814,486,-1,0,0,-1
26,2,1351,357,444,143,-1,0,0,-1
27,1,1,23,1812,485,-1,0,0,-1
27,2,1349,357,444,143,-1,0,0,-1
28,1,0,20,1812,490,-1,0,0,-1
28,2,1341,357,451,143,-1,0,0,-1
29,1,0,20,1811,490,-1,0,0,-1
29,2,1340,357,451,143,-1,0,0,-1
30,1,0,20,1810,490,-1,0,0,-1
30,2,1339,357,451,143,-1,0,0,-1
31,1,-1,20,1810,490,-1,0,0,-1
31,2,1339,357,448,142,-1,0,0,-1
32,1,0,21,1804,488,-1,0,0,-1
32,2,1335,357,449,142,-1,0,0,-1
33,1,0,22,1802,487,-1,0,0,-1
33,2,1335,357,447,142,-1,0,0,-1
34,1,-1,20,1812,490,-1,0,0,-1
34,2,1332,357,449,142,-1,0,0,-1
35,1,-5,19,1795,491,-1,0,0,-1
35,2,1330,357,450,143,-1,0,0,-1
36,1,0,19,1789,491,-1,0,0,-1
36,2,1328,357,449,142,-1,0,0,-1
37,1,0,19,1788,490,-1,0,0,-1
37,2,1326,357,449,142,-1,0,0,-1
38,1,0,19,1788,490,-1,0,0,-1
38,2,1325,357,448,142,-1,0,0,-1
39,1,-1,19,1789,491,-1,0,0,-1
39,2,1324,357,448,142,-1,0,0,-1
40,1,1,21,1779,488,-1,0,0,-1
40,2,1322,357,447,142,-1,0,0,-1
41,1,1,21,1777,487,-1,0,0,-1
41,2,1321,357,447,142,-1,0,0,-1
42,1,1,22,1776,487,-1,0,0,-1
42,2,1320,357,446,141,-1,0,0,-1
43,1,-1,19,1791,491,-1,0,0,-1
43,2,1318,357,446,141,-1,0,0,-1
44,1,0,19,1788,491,-1,0,0,-1
44,2,1317,357,446,141,-1,0,0,-1
45,1,0,20,1787,490,-1,0,0,-1
45,2,1316,357,445,141,-1,0,0,-1
46,1,0,20,1784,489,-1,0,0,-1
46,2,1315,357,445,141,-1,0,0,-1
47,1,0,20,1782,489,-1,0,0,-1
47,2,1316,358,440,139,-1,0,0,-1
48,1,0,21,1780,488,-1,0,0,-1
48,2,1312,357,441,140,-1,0,0,-1
49,1,-1,19,1771,491,-1,0,0,-1
49,2,1309,357,443,140,-1,0,0,-1
50,1,0,19,1769,491,-1,0,0,-1
50,2,1308,357,443,140,-1,0,0,-1
51,1,0,19,1768,490,-1,0,0,-1
51,2,1306,357,443,140,-1,0,0,-1
52,1,0,20,1764,489,-1,0,0,-1
52,2,1304,357,443,140,-1,0,0,-1
53,1,-1,19,1769,491,-1,0,0,-1
53,2,1302,357,443,140,-1,0,0,-1
54,1,1,21,1760,488,-1,0,0,-1
54,2,1301,357,442,140,-1,0,0,-1
55,1,1,21,1758,488,-1,0,0,-1
55,2,1300,357,442,140,-1,0,0,-1
56,1,1,22,1755,487,-1,0,0,-1
56,2,1298,357,441,139,-1,0,0,-1
57,1,0,19,1753,491,-1,0,0,-1
57,2,1296,357,441,139,-1,0,0,-1
58,1,0,19,1752,491,-1,0,0,-1
58,2,1295,357,440,139,-1,0,0,-1
59,1,0,19,1751,491,-1,0,0,-1
59,2,1293,357,441,139,-1,0,0,-1
60,1,-1,19,1752,491,-1,0,0,-1
60,2,1292,357,440,139,-1,0,0,-1
61,1,-1,19,1752,491,-1,0,0,-1
61,2,1290,357,439,139,-1,0,0,-1
62,1,1,21,1742,488,-1,0,0,-1
62,2,1289,357,439,139,-1,0,0,-1
63,1,1,21,1740,487,-1,0,0,-1
63,2,1287,357,439,139,-1,0,0,-1
64,1,1,22,1738,487,-1,0,0,-1
64,2,1285,357,445,139,-1,0,0,-1
65,1,1,22,1737,487,-1,0,0,-1
65,2,1284,357,445,139,-1,0,0,-1
66,1,1,22,1736,487,-1,0,0,-1
66,2,1283,357,445,139,-1,0,0,-1
67,1,1,23,1732,485,-1,0,0,-1
67,2,1282,357,440,140,-1,0,0,-1
68,1,2,24,1729,485,-1,0,0,-1
68,2,1281,357,440,140,-1,0,0,-1
69,1,2,24,1727,484,-1,0,0,-1
69,2,1281,357,437,139,-1,0,0,-1
70,1,0,22,1730,487,-1,0,0,-1
70,2,1280,357,436,139,-1,0,0,-1
71,1,0,22,1729,487,-1,0,0,-1
71,2,1279,358,434,138,-1,0,0,-1
72,1,0,22,1729,487,-1,0,0,-1
72,2,1278,358,432,138,-1,0,0,-1
73,1,-1,22,1728,486,-1,0,0,-1
73,2,1273,357,437,139,-1,0,0,-1
74,1,-1,22,1730,487,-1,0,0,-1
74,2,1271,357,437,139,-1,0,0,-1
75,1,-1,22,1724,487,-1,0,0,-1
75,2,1269,357,437,139,-1,0,0,-1
76,1,0,22,1722,487,-1,0,0,-1
76,2,1267,357,436,139,-1,0,0,-1
77,1,0,22,1721,486,-1,0,0,-1
77,2,1266,357,436,139,-1,0,0,-1
78,1,0,23,1717,485,-1,0,0,-1
78,2,1264,357,436,139,-1,0,0,-1
79,1,0,23,1709,486,-1,0,0,-1
79,2,1262,357,435,139,-1,0,0,-1
80,1,0,23,1708,486,-1,0,0,-1
80,2,1261,357,435,139,-1,0,0,-1
81,1,0,23,1707,485,-1,0,0,-1
81,2,1259,357,435,138,-1,0,0,-1
82,1,-1,23,1709,486,-1,0,0,-1
82,2,1257,357,434,138,-1,0,0,-1
83,1,-1,23,1701,486,-1,0,0,-1
83,2,1256,357,434,138,-1,0,0,-1
84,1,0,23,1699,486,-1,0,0,-1
84,2,1254,357,434,138,-1,0,0,-1
85,1,0,23,1698,485,-1,0,0,-1
85,2,1252,356,434,138,-1,0,0,-1
86,1,0,24,1693,484,-1,0,0,-1
86,2,1250,356,433,138,-1,0,0,-1
87,1,0,25,1691,484,-1,0,0,-1
87,2,1249,357,432,138,-1,0,0,-1
88,1,-2,23,1699,486,-1,0,0,-1
88,2,1248,357,432,137,-1,0,0,-1
89,1,0,23,1692,486,-1,0,0,-1
89,2,1246,357,431,137,-1,0,0,-1
90,1,0,23,1691,486,-1,0,0,-1
90,2,1244,356,431,137,-1,0,0,-1
91,1,0,23,1690,486,-1,0,0,-1
91,2,1242,356,431,137,-1,0,0,-1
92,1,0,24,1686,484,-1,0,0,-1
92,2,1241,356,431,137,-1,0,0,-1
93,1,-1,23,1680,486,-1,0,0,-1
93,2,1239,356,430,137,-1,0,0,-1
94,1,0,23,1678,486,-1,0,0,-1
94,2,1237,356,431,137,-1,0,0,-1
95,1,0,23,1678,486,-1,0,0,-1
95,2,1234,356,431,137,-1,0,0,-1
96,1,-1,23,1678,486,-1,0,0,-1
96,2,1234,356,429,137,-1,0,0,-1
97,1,1,25,1670,483,-1,0,0,-1
97,2,1232,356,429,136,-1,0,0,-1
98,1,1,25,1668,483,-1,0,0,-1
98,2,1231,356,429,136,-1,0,0,-1
99,1,1,26,1665,482,-1,0,0,-1
99,2,1229,356,428,136,-1,0,0,-1
100,1,0,23,1670,486,-1,0,0,-1
100,2,1228,356,427,136,-1,0,0,-1
101,1,0,23,1669,486,-1,0,0,-1
101,2,1227,357,425,135,-1,0,0,-1
102,1,0,23,1668,485,-1,0,0,-1
102,2,1221,355,431,137,-1,0,0,-1
103,1,-1,23,1670,486,-1,0,0,-1
103,2,1223,356,425,135,-1,0,0,-1
104,1,0,24,1663,484,-1,0,0,-1
104,2,1221,356,426,136,-1,0,0,-1
105,1,1,25,1658,483,-1,0,0,-1
105,2,1220,356,424,135,-1,0,0,-1
106,1,0,23,1659,486,-1,0,0,-1
106,2,1214,355,430,137,-1,0,0,-1
107,1,0,23,1658,486,-1,0,0,-1
107,2,1215,356,426,136,-1,0,0,-1
108,1,0,23,1657,485,-1,0,0,-1
108,2,1215,356,423,135,-1,0,0,-1
109,1,0,24,1653,484,-1,0,0,-1
109,2,1213,357,422,134,-1,0,0,-1
110,1,0,24,1655,485,-1,0,0,-1
110,2,1212,356,422,134,-1,0,0,-1
111,1,1,25,1648,483,-1,0,0,-1
111,2,1206,355,428,136,-1,0,0,-1
112,1,1,25,1647,483,-1,0,0,-1
112,2,1208,356,422,134,-1,0,0,-1
113,1,1,26,1643,481,-1,0,0,-1
113,2,1203,355,426,136,-1,0,0,-1
114,1,1,27,1641,481,-1,0,0,-1
114,2,1201,355,426,136,-1,0,0,-1
115,1,1,27,1639,480,-1,0,0,-1
115,2,1203,356,421,134,-1,0,0,-1
116,1,1,28,1635,479,-1,0,0,-1
116,2,1202,356,419,133,-1,0,0,-1
117,1,0,28,1634,479,-1,0,0,-1
117,2,1200,356,420,134,-1,0,0,-1
118,1,0,23,1635,486,-1,0,0,-1
118,2,1200,357,417,133,-1,0,0,-1
119,1,0,23,1634,486,-1,0,0,-1
119,2,1197,356,420,134,-1,0,0,-1
120,1,0,23,1633,485,-1,0,0,-1
120,2,1195,356,418,133,-1,0,0,-1
121,1,0,24,1630,485,-1,0,0,-1
121,2,1189,355,425,135,-1,0,0,-1
122,1,-1,24,1632,485,-1,0,0,-1
122,2,1193,357,415,132,-1,0,0,-1
123,1,0,25,1626,483,-1,0,0,-1
123,2,1186,355,424,135,-1,0,0,-1
124,1,0,24,1627,484,-1,0,0,-1
124,2,1189,356,428,132,-1,0,0,-1
125,1,1,26,1620,481,-1,0,0,-1
125,2,1188,356,428,132,-1,0,0,-1
126,1,0,23,1635,486,-1,0,0,-1
126,2,1187,356,427,132,-1,0,0,-1
127,1,0,23,1635,486,-1,0,0,-1
127,2,1186,356,428,132,-1,0,0,-1
128,1,0,23,1623,486,-1,0,0,-1
128,2,1183,356,426,131,-1,0,0,-1
129,1,0,23,1622,486,-1,0,0,-1
129,2,1183,356,424,131,-1,0,0,-1
130,1,0,23,1621,485,-1,0,0,-1
130,2,1180,356,425,131,-1,0,0,-1
131,1,0,24,1620,485,-1,0,0,-1
131,2,1178,356,425,131,-1,0,0,-1
132,1,1,24,1616,484,-1,0,0,-1
132,2,1177,356,425,131,-1,0,0,-1
133,1,-1,23,1622,486,-1,0,0,-1
133,2,1175,356,425,131,-1,0,0,-1
134,1,1,25,1610,482,-1,0,0,-1
134,2,1173,356,424,131,-1,0,0,-1
135,1,1,26,1609,482,-1,0,0,-1
135,2,1172,356,424,131,-1,0,0,-1
136,1,1,26,1606,481,-1,0,0,-1
136,2,1171,356,423,131,-1,0,0,-1
137,1,1,27,1604,480,-1,0,0,-1
137,2,1169,356,423,130,-1,0,0,-1
138,1,1,27,1602,480,-1,0,0,-1
138,2,1168,356,422,130,-1,0,0,-1
139,1,1,27,1601,480,-1,0,0,-1
139,2,1167,356,422,130,-1,0,0,-1
140,1,1,27,1600,479,-1,0,0,-1
140,2,1167,356,421,130,-1,0,0,-1
141,1,1,28,1596,478,-1,0,0,-1
141,2,1165,356,423,130,-1,0,0,-1
142,1,1,28,1594,478,-1,0,0,-1
142,2,1164,355,418,131,-1,0,0,-1
143,1,2,29,1592,477,-1,0,0,-1
143,2,1163,355,418,131,-1,0,0,-1
144,1,1,29,1590,476,-1,0,0,-1
144,2,1161,355,419,131,-1,0,0,-1
145,1,2,30,1587,475,-1,0,0,-1
145,2,1161,355,417,131,-1,0,0,-1
146,1,2,30,1585,475,-1,0,0,-1
146,2,1160,354,418,132,-1,0,0,-1
147,1,1,31,1583,474,-1,0,0,-1
147,2,1159,354,418,132,-1,0,0,-1
148,1,0,27,1585,480,-1,0,0,-1
148,2,1158,354,418,132,-1,0,0,-1
149,1,0,27,1584,480,-1,0,0,-1
149,2,1157,354,415,131,-1,0,0,-1
150,1,0,27,1583,479,-1,0,0,-1
150,2,1156,353,411,133,-1,0,0,-1
151,1,-1,27,1584,480,-1,0,0,-1
151,2,1155,353,411,133,-1,0,0,-1
152,1,0,28,1582,479,-1,0,0,-1
152,2,1155,353,410,133,-1,0,0,-1
153,1,0,29,1575,477,-1,0,0,-1
153,2,1154,353,408,132,-1,0,0,-1
154,1,1,29,1574,477,-1,0,0,-1
154,2,1155,354,407,132,-1,0,0,-1
155,1,1,30,1571,476,-1,0,0,-1
155,2,1152,354,405,131,-1,0,0,-1
156,1,0,27,1570,480,-1,0,0,-1
156,2,1147,353,409,132,-1,0,0,-1
157,1,0,27,1569,480,-1,0,0,-1
157,2,1146,353,409,132,-1,0,0,-1
158,1,0,27,1569,480,-1,0,0,-1
158,2,1144,353,408,132,-1,0,0,-1
159,1,0,28,1567,479,-1,0,0,-1
159,2,1143,353,408,132,-1,0,0,-1
160,1,0,29,1562,478,-1,0,0,-1
160,2,1142,353,407,132,-1,0,0,-1
161,1,0,29,1561,477,-1,0,0,-1
161,2,1140,353,407,132,-1,0,0,-1
162,1,-1,27,1560,480,-1,0,0,-1
162,2,1139,353,407,132,-1,0,0,-1
163,1,0,27,1558,480,-1,0,0,-1
163,2,1137,353,406,131,-1,0,0,-1
164,1,0,27,1557,479,-1,0,0,-1
164,2,1136,353,406,131,-1,0,0,-1
165,1,0,28,1555,479,-1,0,0,-1
165,2,1135,353,405,131,-1,0,0,-1
166,1,-1,27,1553,480,-1,0,0,-1
166,2,1133,353,405,131,-1,0,0,-1
167,1,0,27,1551,480,-1,0,0,-1
167,2,1132,353,405,131,-1,0,0,-1
168,1,0,27,1550,479,-1,0,0,-1
168,2,1130,353,404,131,-1,0,0,-1
169,1,0,28,1547,478,-1,0,0,-1
169,2,1128,353,406,131,-1,0,0,-1
170,1,1,29,1544,478,-1,0,0,-1
170,2,1127,353,405,131,-1,0,0,-1
171,1,-1,27,1544,480,-1,0,0,-1
171,2,1126,353,403,131,-1,0,0,-1
172,1,0,27,1542,480,-1,0,0,-1
172,2,1125,353,403,130,-1,0,0,-1
173,1,0,27,1541,480,-1,0,0,-1
173,2,1123,353,402,130,-1,0,0,-1
174,1,0,28,1541,479,-1,0,0,-1
174,2,1122,353,402,130,-1,0,0,-1
175,1,0,28,1536,478,-1,0,0,-1
175,2,1121,353,401,130,-1,0,0,-1
176,1,0,27,1543,480,-1,0,0,-1
176,2,1119,353,401,130,-1,0,0,-1
177,1,1,29,1531,476,-1,0,0,-1
177,2,1118,353,400,129,-1,0,0,-1
178,1,1,30,1529,476,-1,0,0,-1
178,2,1116,353,401,130,-1,0,0,-1
179,1,1,30,1526,475,-1,0,0,-1
179,2,1115,353,400,129,-1,0,0,-1
180,1,1,31,1524,474,-1,0,0,-1
180,2,1113,353,401,130,-1,0,0,-1
181,1,1,31,1522,474,-1,0,0,-1
181,2,1112,353,399,129,-1,0,0,-1
182,1,0,27,1521,480,-1,0,0,-1
182,2,1111,353,399,129,-1,0,0,-1
183,1,0,27,1520,480,-1,0,0,-1
183,2,1110,353,398,129,-1,0,0,-1
184,1,0,27,1519,479,-1,0,0,-1
184,2,1108,353,398,129,-1,0,0,-1
185,1,0,28,1516,478,-1,0,0,-1
185,2,1106,353,397,128,-1,0,0,-1
186,1,0,28,1514,478,-1,0,0,-1
186,2,1106,353,396,128,-1,0,0,-1
187,1,0,28,1515,478,-1,0,0,-1
187,2,1104,353,396,128,-1,0,0,-1
188,1,1,29,1509,476,-1,0,0,-1
188,2,1103,353,396,128,-1,0,0,-1
189,1,-1,27,1522,480,-1,0,0,-1
189,2,1101,353,395,128,-1,0,0,-1
190,1,0,27,1505,480,-1,0,0,-1
190,2,1100,353,396,128,-1,0,0,-1
191,1,0,27,1504,480,-1,0,0,-1
191,2,1097,353,397,128,-1,0,0,-1
192,1,0,27,1503,479,-1,0,0,-1
192,2,1097,353,395,128,-1,0,0,-1
193,1,0,28,1500,478,-1,0,0,-1
193,2,1096,353,394,128,-1,0,0,-1
194,1,0,28,1500,479,-1,0,0,-1
194,2,1095,353,393,127,-1,0,0,-1
195,1,0,29,1497,477,-1,0,0,-1
195,2,1093,353,393,127,-1,0,0,-1
196,1,0,29,1495,477,-1,0,0,-1
196,2,1091,353,393,127,-1,0,0,-1
197,1,0,30,1492,476,-1,0,0,-1
197,2,1090,353,392,127,-1,0,0,-1
198,1,-1,27,1506,480,-1,0,0,-1
198,2,1088,353,393,127,-1,0,0,-1
199,1,-1,27,1495,480,-1,0,0,-1
199,2,1086,353,394,127,-1,0,0,-1
200,1,0,27,1493,480,-1,0,0,-1
200,2,1086,353,390,126,-1,0,0,-1
201,1,0,27,1493,480,-1,0,0,-1
201,2,1085,353,390,126,-1,0,0,-1
202,1,-1,27,1494,480,-1,0,0,-1
202,2,1081,352,394,128,-1,0,0,-1
203,1,0,28,1490,479,-1,0,0,-1
203,2,1081,353,399,126,-1,0,0,-1
204,1,1,29,1484,477,-1,0,0,-1
204,2,1080,353,395,126,-1,0,0,-1
205,1,1,29,1482,476,-1,0,0,-1
205,2,1079,353,395,126,-1,0,0,-1
206,1,1,30,1480,476,-1,0,0,-1
206,2,1079,353,392,126,-1,0,0,-1
207,1,0,27,1484,480,-1,0,0,-1
207,2,1078,353,392,126,-1,0,0,-1
208,1,0,27,1483,480,-1,0,0,-1
208,2,1078,353,391,126,-1,0,0,-1
209,1,0,27,1483,480,-1,0,0,-1
209,2,1077,353,388,125,-1,0,0,-1
210,1,-1,27,1482,479,-1,0,0,-1
210,2,1074,353,393,126,-1,0,0,-1
211,1,-1,27,1474,480,-1,0,0,-1
211,2,1077,354,384,124,-1,0,0,-1
212,1,0,27,1472,480,-1,0,0,-1
212,2,1071,353,390,125,-1,0,0,-1
213,1,0,27,1471,479,-1,0,0,-1
213,2,1069,353,390,125,-1,0,0,-1
214,1,0,28,1470,479,-1,0,0,-1
214,2,1068,353,390,125,-1,0,0,-1
215,1,-1,27,1473,480,-1,0,0,-1
215,2,1066,353,389,125,-1,0,0,-1
216,1,0,29,1464,477,-1,0,0,-1
216,2,1065,353,389,125,-1,0,0,-1
217,1,0,27,1460,480,-1,0,0,-1
217,2,1063,353,388,125,-1,0,0,-1
218,1,0,27,1459,480,-1,0,0,-1
218,2,1062,353,388,125,-1,0,0,-1
219,1,0,27,1459,480,-1,0,0,-1
219,2,1061,353,387,125,-1,0,0,-1
220,1,-1,27,1460,480,-1,0,0,-1
220,2,1059,353,387,124,-1,0,0,-1
221,1,-1,27,1460,480,-1,0,0,-1
221,2,1058,353,387,124,-1,0,0,-1
222,1,-2,27,1461,480,-1,0,0,-1
222,2,1056,353,387,124,-1,0,0,-1
223,1,-2,27,1452,480,-1,0,0,-1
223,2,1055,353,386,124,-1,0,0,-1
224,1,0,27,1449,480,-1,0,0,-1
224,2,1053,353,386,124,-1,0,0,-1
225,1,0,27,1448,479,-1,0,0,-1
225,2,1052,353,385,124,-1,0,0,-1
226,1,0,28,1448,479,-1,0,0,-1
226,2,1051,353,385,124,-1,0,0,-1
227,1,0,28,1445,479,-1,0,0,-1
227,2,1049,353,385,124,-1,0,0,-1
228,1,0,28,1445,478,-1,0,0,-1
228,2,1048,353,384,124,-1,0,0,-1
229,1,-4,26,1444,481,-1,0,0,-1
229,2,1046,353,384,123,-1,0,0,-1
230,1,0,26,1439,481,-1,0,0,-1
230,2,1045,353,384,123,-1,0,0,-1
231,1,0,26,1439,481,-1,0,0,-1
231,2,1043,353,383,123,-1,0,0,-1
232,1,-1,26,1440,481,-1,0,0,-1
232,2,1042,353,383,123,-1,0,0,-1
233,1,-1,26,1440,481,-1,0,0,-1
233,2,1041,353,382,123,-1,0,0,-1
234,1,0,28,1433,479,-1,0,0,-1
234,2,1039,353,382,123,-1,0,0,-1
235,1,0,26,1440,481,-1,0,0,-1
235,2,1038,353,381,122,-1,0,0,-1
236,1,0,26,1440,481,-1,0,0,-1
236,2,1036,353,382,123,-1,0,0,-1
237,1,0,26,1440,481,-1,0,0,-1
237,2,1035,353,380,122,-1,0,0,-1
238,1,0,30,1423,475,-1,0,0,-1
238,2,1033,353,381,122,-1,0,0,-1
239,1,0,26,1440,481,-1,0,0,-1
239,2,1032,353,380,122,-1,0,0,-1
239,3,1292,251,438,168,-1,0,0,-1
240,1,0,26,1426,481,-1,0,0,-1
240,2,1031,353,380,122,-1,0,0,-1
240,3,1292,251,439,168,-1,0,0,-1
241,1,0,26,1425,481,-1,0,0,-1
241,2,1029,353,379,122,-1,0,0,-1
241,3,1291,251,439,168,-1,0,0,-1
242,1,0,26,1425,481,-1,0,0,-1
242,2,1028,353,379,122,-1,0,0,-1
242,3,1289,250,443,170,-1,0,0,-1
243,1,0,26,1424,480,-1,0,0,-1
243,2,1026,353,378,122,-1,0,0,-1
243,3,1287,250,444,170,-1,0,0,-1
244,1,-2,26,1426,481,-1,0,0,-1
244,2,1024,353,378,122,-1,0,0,-1
244,3,1292,251,438,168,-1,0,0,-1
245,1,0,28,1417,478,-1,0,0,-1
245,2,1023,353,377,121,-1,0,0,-1
245,3,1292,251,438,168,-1,0,0,-1
246,1,0,28,1414,477,-1,0,0,-1
246,2,1022,353,376,121,-1,0,0,-1
246,3,1292,251,438,168,-1,0,0,-1
247,1,-1,26,1427,481,-1,0,0,-1
247,2,1020,353,376,121,-1,0,0,-1
247,3,1292,251,438,168,-1,0,0,-1
248,1,1,30,1405,476,-1,0,0,-1
248,2,1019,353,377,121,-1,0,0,-1
248,3,1292,251,438,168,-1,0,0,-1
249,1,1,30,1404,476,-1,0,0,-1
249,2,1018,353,375,121,-1,0,0,-1
249,3,1292,251,438,168,-1,0,0,-1
250,1,1,30,1404,476,-1,0,0,-1
250,2,1016,353,375,120,-1,0,0,-1
250,3,1292,251,438,168,-1,0,0,-1
251,1,1,31,1401,475,-1,0,0,-1
251,2,1014,353,376,121,-1,0,0,-1
251,3,1292,251,438,168,-1,0,0,-1
252,1,1,30,1405,476,-1,0,0,-1
252,2,1011,352,377,121,-1,0,0,-1
252,3,1292,251,438,168,-1,0,0,-1
253,1,1,30,1394,476,-1,0,0,-1
253,2,1012,353,373,120,-1,0,0,-1
253,3,1292,251,438,168,-1,0,0,-1
254,1,1,30,1394,476,-1,0,0,-1
254,2,1010,353,375,120,-1,0,0,-1
254,3,1292,251,438,168,-1,0,0,-1
255,1,1,30,1393,476,-1,0,0,-1
255,2,1008,353,375,120,-1,0,0,-1
255,3,1292,251,438,168,-1,0,0,-1
256,1,0,31,1391,475,-1,0,0,-1
256,2,1007,352,375,121,-1,0,0,-1
256,3,1292,251,438,168,-1,0,0,-1
257,1,0,30,1392,475,-1,0,0,-1
257,2,1006,353,374,120,-1,0,0,-1
257,3,1292,270,438,149,-1,0,0,-1
258,1,1,32,1384,473,-1,0,0,-1
258,2,1004,353,373,120,-1,0,0,-1
258,3,1292,270,438,149,-1,0,0,-1
259,1,1,33,1382,472,-1,0,0,-1
259,2,1004,353,371,119,-1,0,0,-1
259,3,1292,270,438,149,-1,0,0,-1
260,1,-2,29,1386,477,-1,0,0,-1
260,2,1002,353,371,119,-1,0,0,-1
260,3,1291,270,439,149,-1,0,0,-1
261,1,0,29,1383,477,-1,0,0,-1
261,2,1000,353,371,119,-1,0,0,-1
261,3,1292,270,438,149,-1,0,0,-1
262,1,0,29,1382,476,-1,0,0,-1
262,2,999,353,370,119,-1,0,0,-1
262,3,1292,270,438,149,-1,0,0,-1
263,1,-1,30,1381,476,-1,0,0,-1
263,2,998,353,370,119,-1,0,0,-1
263,3,1284,268,449,153,-1,0,0,-1
264,1,-1,29,1382,476,-1,0,0,-1
264,2,994,352,373,120,-1,0,0,-1
264,3,1292,270,438,149,-1,0,0,-1
265,1,0,31,1375,474,-1,0,0,-1
265,2,994,353,368,118,-1,0,0,-1
265,3,1292,270,438,149,-1,0,0,-1
266,1,-2,29,1383,477,-1,0,0,-1
266,2,993,353,369,119,-1,0,0,-1
266,3,1292,270,438,149,-1,0,0,-1
267,1,1,32,1370,472,-1,0,0,-1
267,2,991,353,370,119,-1,0,0,-1
267,3,1292,270,438,149,-1,0,0,-1
268,1,1,33,1368,471,-1,0,0,-1
268,2,990,353,367,118,-1,0,0,-1
268,3,1292,270,438,149,-1,0,0,-1
269,1,0,33,1366,471,-1,0,0,-1
269,2,989,353,372,118,-1,0,0,-1
269,3,1292,270,438,149,-1,0,0,-1
270,1,1,34,1364,470,-1,0,0,-1
270,2,988,353,372,118,-1,0,0,-1
270,3,1292,270,438,149,-1,0,0,-1
271,1,0,34,1363,470,-1,0,0,-1
271,2,987,353,371,118,-1,0,0,-1
271,3,1292,270,438,149,-1,0,0,-1
272,1,0,34,1360,469,-1,0,0,-1
272,2,987,353,369,117,-1,0,0,-1
272,3,1292,270,438,149,-1,0,0,-1
273,1,0,29,1367,477,-1,0,0,-1
273,2,984,353,370,117,-1,0,0,-1
273,3,1292,270,438,149,-1,0,0,-1
274,1,0,29,1366,477,-1,0,0,-1
274,2,983,353,368,117,-1,0,0,-1
274,3,1292,270,438,149,-1,0,0,-1
275,1,0,29,1365,476,-1,0,0,-1
275,2,981,353,370,117,-1,0,0,-1
275,3,1292,270,438,149,-1,0,0,-1
276,1,0,30,1363,475,-1,0,0,-1
276,2,979,353,370,117,-1,0,0,-1
276,3,1292,270,438,149,-1,0,0,-1
277,1,0,30,1361,475,-1,0,0,-1
277,2,978,353,369,117,-1,0,0,-1
277,3,1292,270,438,149,-1,0,0,-1
278,1,0,31,1358,474,-1,0,0,-1
278,2,976,353,369,117,-1,0,0,-1
278,3,1292,270,438,149,-1,0,0,-1
279,1,0,31,1356,473,-1,0,0,-1
279,2,975,353,368,117,-1,0,0,-1
279,3,1292,270,438,149,-1,0,0,-1
280,1,0,32,1354,472,-1,0,0,-1
280,2,974,353,368,117,-1,0,0,-1
280,3,1292,270,438,149,-1,0,0,-1
281,1,1,33,1352,472,-1,0,0,-1
281,2,972,353,368,117,-1,0,0,-1
281,3,1292,270,438,149,-1,0,0,-1
282,1,0,29,1350,477,-1,0,0,-1
282,2,971,353,367,116,-1,0,0,-1
282,3,1292,270,438,149,-1,0,0,-1
283,1,0,29,1349,477,-1,0,0,-1
283,2,969,353,367,116,-1,0,0,-1
283,3,1292,270,438,149,-1,0,0,-1
284,1,0,29,1349,477,-1,0,0,-1
284,2,968,353,367,116,-1,0,0,-1
284,3,1292,270,438,149,-1,0,0,-1
285,1,0,30,1345,475,-1,0,0,-1
285,2,967,353,366,116,-1,0,0,-1
285,3,1292,270,438,149,-1,0,0,-1
286,1,-1,30,1347,476,-1,0,0,-1
286,2,965,353,366,116,-1,0,0,-1
286,3,1292,270,438,149,-1,0,0,-1
287,1,0,31,1341,474,-1,0,0,-1
287,2,964,353,366,116,-1,0,0,-1
287,3,1292,270,438,149,-1,0,0,-1
288,1,0,32,1339,473,-1,0,0,-1
288,2,962,353,366,116,-1,0,0,-1
288,3,1292,270,438,149,-1,0,0,-1
289,1,0,32,1337,472,-1,0,0,-1
289,2,961,353,365,116,-1,0,0,-1
289,3,1292,270,438,149,-1,0,0,-1
290,1,0,33,1334,471,-1,0,0,-1
290,2,960,353,365,116,-1,0,0,-1
290,3,1292,270,438,149,-1,0,0,-1
291,1,0,33,1333,471,-1,0,0,-1
291,2,959,353,364,115,-1,0,0,-1
291,3,1292,270,438,149,-1,0,0,-1
292,1,1,34,1331,470,-1,0,0,-1
292,2,957,353,364,115,-1,0,0,-1
292,3,1292,270,438,149,-1,0,0,-1
293,1,0,34,1329,470,-1,0,0,-1
293,2,956,353,364,115,-1,0,0,-1
293,3,1292,270,438,149,-1,0,0,-1
294,1,0,29,1334,477,-1,0,0,-1
294,2,954,353,363,115,-1,0,0,-1
294,3,1292,270,438,149,-1,0,0,-1
295,1,0,29,1333,477,-1,0,0,-1
295,2,953,353,363,115,-1,0,0,-1
295,3,1292,270,438,149,-1,0,0,-1
296,1,0,29,1333,477,-1,0,0,-1
296,2,952,353,362,115,-1,0,0,-1
296,3,1292,270,438,149,-1,0,0,-1
297,1,-1,44,1332,461,-1,0,0,-1
297,2,950,353,361,115,-1,0,0,-1
297,3,1292,270,438,149,-1,0,0,-1
298,1,0,44,1330,461,-1,0,0,-1
298,2,949,353,362,115,-1,0,0,-1
298,3,1292,270,438,149,-1,0,0,-1
299,1,0,44,1330,461,-1,0,0,-1
299,2,947,353,362,115,-1,0,0,-1
299,3,1292,270,438,149,-1,0,0,-1
300,1,-1,45,1329,460,-1,0,0,-1
300,2,946,353,361,115,-1,0,0,-1
300,3,1292,270,438,149,-1,0,0,-1
301,1,-1,44,1318,461,-1,0,0,-1
301,2,945,353,361,114,-1,0,0,-1
301,3,1292,270,438,149,-1,0,0,-1
302,1,0,44,1316,461,-1,0,0,-1
302,2,944,353,359,114,-1,0,0,-1
302,3,1292,270,438,149,-1,0,0,-1
303,1,0,44,1315,460,-1,0,0,-1
303,2,942,353,360,114,-1,0,0,-1
303,3,1292,270,438,149,-1,0,0,-1
304,1,0,45,1313,460,-1,0,0,-1
304,2,941,353,359,114,-1,0,0,-1
304,3,1292,270,438,149,-1,0,0,-1
305,1,0,46,1310,458,-1,0,0,-1
305,2,940,353,358,113,-1,0,0,-1
305,3,1292,270,438,149,-1,0,0,-1
306,1,0,46,1309,458,-1,0,0,-1
306,2,938,353,359,114,-1,0,0,-1
306,3,1292,270,438,149,-1,0,0,-1
307,1,-1,44,1318,461,-1,0,0,-1
307,2,937,353,359,114,-1,0,0,-1
307,3,1225,270,505,149,-1,0,0,-1
308,1,0,44,1318,461,-1,0,0,-1
308,2,936,353,358,114,-1,0,0,-1
308,3,1225,270,505,149,-1,0,0,-1
309,1,0,47,1302,456,-1,0,0,-1
309,2,934,353,358,114,-1,0,0,-1
309,3,1225,270,505,149,-1,0,0,-1
310,1,0,48,1300,455,-1,0,0,-1
310,2,933,353,358,113,-1,0,0,-1
310,3,1225,270,505,149,-1,0,0,-1
311,1,-1,44,1304,461,-1,0,0,-1
311,2,932,353,356,113,-1,0,0,-1
311,3,1225,270,505,149,-1,0,0,-1
312,1,0,44,1302,461,-1,0,0,-1
312,2,930,353,357,113,-1,0,0,-1
312,3,1225,270,505,149,-1,0,0,-1
313,1,0,44,1301,460,-1,0,0,-1
313,2,929,353,355,113,-1,0,0,-1
313,3,1225,270,505,149,-1,0,0,-1
314,1,-1,44,1301,460,-1,0,0,-1
314,2,927,353,357,113,-1,0,0,-1
314,3,1225,270,505,149,-1,0,0,-1
315,1,-1,45,1300,460,-1,0,0,-1
315,2,926,353,360,112,-1,0,0,-1
315,3,1225,270,505,149,-1,0,0,-1
316,1,-2,44,1303,461,-1,0,0,-1
316,2,925,353,360,112,-1,0,0,-1
316,3,1225,270,505,149,-1,0,0,-1
317,1,-2,44,1302,461,-1,0,0,-1
317,2,925,353,358,111,-1,0,0,-1
317,3,1225,270,505,149,-1,0,0,-1
318,1,-2,44,1304,461,-1,0,0,-1
318,2,924,353,359,112,-1,0,0,-1
318,3,1225,270,505,149,-1,0,0,-1
319,1,-2,44,1304,461,-1,0,0,-1
319,2,921,353,358,111,-1,0,0,-1
319,3,1225,270,505,149,-1,0,0,-1
320,1,0,47,1288,456,-1,0,0,-1
320,2,920,353,358,111,-1,0,0,-1
320,3,1225,270,505,149,-1,0,0,-1
321,1,0,48,1285,455,-1,0,0,-1
321,2,918,353,358,111,-1,0,0,-1
321,3,1225,270,505,149,-1,0,0,-1
322,1,0,44,1291,461,-1,0,0,-1
322,2,917,353,358,111,-1,0,0,-1
322,3,1225,270,505,149,-1,0,0,-1
323,1,0,44,1290,461,-1,0,0,-1
323,2,916,353,358,111,-1,0,0,-1
323,3,1225,270,505,149,-1,0,0,-1
324,1,0,44,1290,460,-1,0,0,-1
324,2,914,353,357,111,-1,0,0,-1
324,3,1225,270,505,149,-1,0,0,-1
325,1,0,45,1288,460,-1,0,0,-1
325,2,913,353,357,111,-1,0,0,-1
325,3,1225,270,505,149,-1,0,0,-1
326,1,1,46,1284,459,-1,0,0,-1
326,2,912,353,356,111,-1,0,0,-1
326,3,1225,270,505,149,-1,0,0,-1
327,1,0,46,1283,458,-1,0,0,-1
327,2,911,353,356,111,-1,0,0,-1
327,3,1225,270,505,149,-1,0,0,-1
328,1,-2,44,1291,461,-1,0,0,-1
328,2,909,353,356,111,-1,0,0,-1
328,3,1225,270,505,149,-1,0,0,-1
329,1,0,47,1280,457,-1,0,0,-1
329,2,908,353,355,111,-1,0,0,-1
329,3,1225,270,505,149,-1,0,0,-1
330,1,1,47,1277,456,-1,0,0,-1
330,2,907,353,355,119,-1,0,0,-1
330,3,1225,270,505,149,-1,0,0,-1
331,1,1,48,1275,455,-1,0,0,-1
331,2,906,353,354,119,-1,0,0,-1
331,3,1185,270,545,149,-1,0,0,-1
332,1,0,48,1274,455,-1,0,0,-1
332,2,905,353,354,119,-1,0,0,-1
332,3,1185,270,545,149,-1,0,0,-1
333,1,0,49,1272,454,-1,0,0,-1
333,2,905,353,352,118,-1,0,0,-1
333,3,1185,270,545,149,-1,0,0,-1
334,1,0,49,1270,454,-1,0,0,-1
334,2,902,353,354,119,-1,0,0,-1
334,3,1185,270,545,149,-1,0,0,-1
335,1,1,50,1267,453,-1,0,0,-1
335,2,901,353,353,118,-1,0,0,-1
335,3,1185,270,545,149,-1,0,0,-1
336,1,0,50,1267,453,-1,0,0,-1
336,2,899,353,353,118,-1,0,0,-1
336,3,1185,270,545,149,-1,0,0,-1
337,1,2,51,1263,451,-1,0,0,-1
337,2,898,353,353,118,-1,0,0,-1
337,3,1185,270,545,149,-1,0,0,-1
338,1,2,51,1262,451,-1,0,0,-1
338,2,897,353,353,118,-1,0,0,-1
338,3,1185,270,545,149,-1,0,0,-1
339,1,-2,50,1264,451,-1,0,0,-1
339,2,896,353,352,118,-1,0,0,-1
339,3,1185,270,545,149,-1,0,0,-1
340,1,2,52,1258,449,-1,0,0,-1
340,2,894,353,352,118,-1,0,0,-1
340,3,1185,270,545,149,-1,0,0,-1
341,1,1,52,1258,449,-1,0,0,-1
341,2,893,353,351,118,-1,0,0,-1
341,3,1185,270,545,149,-1,0,0,-1
342,1,-7,49,1267,452,-1,0,0,-1
342,2,892,353,351,118,-1,0,0,-1
342,3,1185,270,545,149,-1,0,0,-1
343,1,-8,50,1266,452,-1,0,0,-1
343,2,891,353,351,118,-1,0,0,-1
343,3,1185,270,545,149,-1,0,0,-1
344,1,-8,50,1265,452,-1,0,0,-1
344,2,890,353,350,117,-1,0,0,-1
344,3,1185,270,545,149,-1,0,0,-1
345,1,-9,50,1263,451,-1,0,0,-1
345,2,888,353,350,117,-1,0,0,-1
345,3,1185,270,545,149,-1,0,0,-1
346,1,-9,50,1263,451,-1,0,0,-1
346,2,887,353,350,117,-1,0,0,-1
346,3,1185,270,545,149,-1,0,0,-1
347,1,0,44,1251,461,-1,0,0,-1
347,2,886,353,350,117,-1,0,0,-1
347,3,1185,270,545,149,-1,0,0,-1
348,1,0,44,1250,461,-1,0,0,-1
348,2,885,353,349,117,-1,0,0,-1
348,3,1185,270,545,149,-1,0,0,-1
349,1,0,44,1250,461,-1,0,0,-1
349,2,884,353,349,117,-1,0,0,-1
349,3,1185,270,545,149,-1,0,0,-1
350,1,0,45,1248,460,-1,0,0,-1
350,2,882,353,349,117,-1,0,0,-1
350,3,1131,270,599,149,-1,0,0,-1
351,1,-1,44,1251,461,-1,0,0,-1
351,2,881,353,348,117,-1,0,0,-1
351,3,1131,270,599,149,-1,0,0,-1
352,1,0,46,1243,458,-1,0,0,-1
352,2,880,353,348,117,-1,0,0,-1
352,3,1131,270,599,149,-1,0,0,-1
353,1,0,46,1242,458,-1,0,0,-1
353,2,879,353,347,116,-1,0,0,-1
353,3,1131,270,599,149,-1,0,0,-1
354,1,0,47,1240,457,-1,0,0,-1
354,2,878,353,346,116,-1,0,0,-1
354,3,1128,269,603,150,-1,0,0,-1
355,1,0,47,1239,457,-1,0,0,-1
355,2,876,353,347,116,-1,0,0,-1
355,3,1127,269,604,150,-1,0,0,-1
356,1,0,47,1237,456,-1,0,0,-1
356,2,875,353,347,116,-1,0,0,-1
356,3,1131,270,599,149,-1,0,0,-1
357,1,0,48,1235,455,-1,0,0,-1
357,2,874,353,346,116,-1,0,0,-1
357,3,1131,270,599,149,-1,0,0,-1
358,1,0,48,1233,454,-1,0,0,-1
358,2,873,353,346,116,-1,0,0,-1
358,3,1131,270,599,149,-1,0,0,-1
359,1,0,49,1232,454,-1,0,0,-1
359,2,872,353,345,116,-1,0,0,-1
359,3,1131,270,599,149,-1,0,0,-1
360,1,0,49,1229,453,-1,0,0,-1
360,2,871,353,345,116,-1,0,0,-1
360,3,1131,270,599,149,-1,0,0,-1
361,1,-1,49,1229,453,-1,0,0,-1
361,2,869,353,345,116,-1,0,0,-1
361,3,1131,270,599,149,-1,0,0,-1
362,1,0,50,1228,452,-1,0,0,-1
362,2,868,353,351,116,-1,0,0,-1
362,3,1131,270,599,149,-1,0,0,-1
363,1,-1,50,1227,452,-1,0,0,-1
363,2,867,353,351,116,-1,0,0,-1
363,3,1131,270,599,149,-1,0,0,-1
364,1,-1,50,1224,451,-1,0,0,-1
364,2,867,353,350,116,-1,0,0,-1
364,3,1131,270,599,149,-1,0,0,-1
365,1,-5,49,1229,453,-1,0,0,-1
365,2,866,353,349,115,-1,0,0,-1
365,3,1131,270,599,149,-1,0,0,-1
366,1,-7,49,1230,453,-1,0,0,-1
366,2,864,353,349,115,-1,0,0,-1
366,3,1131,270,599,149,-1,0,0,-1
367,1,-5,50,1225,451,-1,0,0,-1
367,2,863,353,349,115,-1,0,0,-1
367,3,1131,270,599,149,-1,0,0,-1
368,1,-8,49,1228,453,-1,0,0,-1
368,2,861,352,347,117,-1,0,0,-1
368,3,1131,270,599,149,-1,0,0,-1
369,1,-9,49,1229,453,-1,0,0,-1
369,2,860,352,347,117,-1,0,0,-1
369,3,1131,270,599,149,-1,0,0,-1
370,1,-9,49,1228,452,-1,0,0,-1
370,2,860,352,347,117,-1,0,0,-1
370,3,1131,270,599,149,-1,0,0,-1
371,1,0,49,1218,452,-1,0,0,-1
371,2,859,352,347,117,-1,0,0,-1
371,3,1131,270,599,149,-1,0,0,-1
372,1,0,49,1218,452,-1,0,0,-1
372,2,859,352,347,117,-1,0,0,-1
372,3,1131,270,599,149,-1,0,0,-1
373,1,0,50,1216,451,-1,0,0,-1
373,2,858,352,346,117,-1,0,0,-1
373,3,1131,270,599,149,-1,0,0,-1
374,1,0,50,1214,450,-1,0,0,-1
374,2,857,352,346,117,-1,0,0,-1
374,3,1131,270,599,149,-1,0,0,-1
375,1,0,49,1209,452,-1,0,0,-1
375,2,857,353,342,115,-1,0,0,-1
375,3,1131,270,599,149,-1,0,0,-1
376,1,0,49,1208,452,-1,0,0,-1
376,2,853,351,346,118,-1,0,0,-1
376,3,1131,270,599,149,-1,0,0,-1
377,1,0,49,1208,452,-1,0,0,-1
377,2,852,351,346,118,-1,0,0,-1
377,3,1131,270,599,149,-1,0,0,-1
378,1,0,49,1207,451,-1,0,0,-1
378,2,852,351,346,118,-1,0,0,-1
378,3,1131,270,599,149,-1,0,0,-1
379,1,-1,49,1208,452,-1,0,0,-1
379,2,851,351,346,118,-1,0,0,-1
379,3,1131,270,599,149,-1,0,0,-1
380,1,0,50,1203,450,-1,0,0,-1
380,2,849,351,344,117,-1,0,0,-1
380,3,1103,213,627,206,-1,0,0,-1
381,1,0,51,1197,449,-1,0,0,-1
381,2,848,351,341,118,-1,0,0,-1
381,3,1103,213,627,206,-1,0,0,-1
382,1,0,51,1196,449,-1,0,0,-1
382,2,847,351,341,118,-1,0,0,-1
382,3,1103,213,627,206,-1,0,0,-1
383,1,0,51,1196,449,-1,0,0,-1
383,2,847,351,340,118,-1,0,0,-1
383,3,1103,213,627,206,-1,0,0,-1
384,1,0,51,1195,448,-1,0,0,-1
384,2,846,351,339,117,-1,0,0,-1
384,3,1101,212,630,207,-1,0,0,-1
385,1,0,52,1192,447,-1,0,0,-1
385,2,844,351,340,118,-1,0,0,-1
385,3,1103,213,627,206,-1,0,0,-1
386,1,0,52,1191,447,-1,0,0,-1
386,2,844,351,338,117,-1,0,0,-1
386,3,1103,213,627,206,-1,0,0,-1
387,1,0,53,1190,446,-1,0,0,-1
387,2,842,351,339,117,-1,0,0,-1
387,3,1103,213,627,206,-1,0,0,-1
388,1,-2,51,1197,449,-1,0,0,-1
388,2,841,351,339,117,-1,0,0,-1
388,3,1103,213,627,206,-1,0,0,-1
389,1,0,53,1188,446,-1,0,0,-1
389,2,840,351,338,117,-1,0,0,-1
389,3,1103,213,627,206,-1,0,0,-1
390,1,0,54,1185,444,-1,0,0,-1
390,2,838,351,339,117,-1,0,0,-1
390,3,1103,213,627,206,-1,0,0,-1
391,1,0,54,1183,444,-1,0,0,-1
391,2,838,351,338,117,-1,0,0,-1
391,3,1103,213,627,206,-1,0,0,-1
392,1,0,55,1182,443,-1,0,0,-1
392,2,837,351,337,117,-1,0,0,-1
392,3,1103,213,627,206,-1,0,0,-1
393,1,-1,55,1181,443,-1,0,0,-1
393,2,835,351,338,117,-1,0,0,-1
393,3,1103,213,627,206,-1,0,0,-1
394,1,-1,55,1180,443,-1,0,0,-1
394,2,834,351,337,117,-1,0,0,-1
394,3,1103,213,627,206,-1,0,0,-1
395,1,-1,56,1178,442,-1,0,0,-1
395,2,833,351,337,117,-1,0,0,-1
395,3,1103,213,627,206,-1,0,0,-1
396,1,-1,56,1177,441,-1,0,0,-1
396,2,832,351,337,117,-1,0,0,-1
396,3,1103,213,627,206,-1,0,0,-1
397,1,0,51,1179,449,-1,0,0,-1
397,2,831,351,336,116,-1,0,0,-1
397,3,1103,213,627,206,-1,0,0,-1
398,1,0,51,1178,449,-1,0,0,-1
398,2,830,351,336,116,-1,0,0,-1
398,3,1103,213,627,206,-1,0,0,-1
399,1,0,51,1178,449,-1,0,0,-1
399,2,829,351,336,116,-1,0,0,-1
399,3,1103,213,627,206,-1,0,0,-1
400,1,-1,51,1177,448,-1,0,0,-1
400,2,828,351,336,116,-1,0,0,-1
400,3,1103,213,627,206,-1,0,0,-1
401,1,0,52,1175,448,-1,0,0,-1
401,2,827,351,336,116,-1,0,0,-1
401,3,1103,213,627,206,-1,0,0,-1
402,1,0,52,1173,447,-1,0,0,-1
402,2,826,351,335,116,-1,0,0,-1
402,3,1103,213,627,206,-1,0,0,-1
403,1,0,53,1172,446,-1,0,0,-1
403,2,825,351,335,116,-1,0,0,-1
403,3,1103,213,627,206,-1,0,0,-1
404,1,-1,51,1180,449,-1,0,0,-1
404,2,824,351,335,116,-1,0,0,-1
404,3,1103,213,627,206,-1,0,0,-1
405,1,-2,51,1179,449,-1,0,0,-1
405,2,823,351,334,116,-1,0,0,-1
405,3,1103,213,627,206,-1,0,0,-1
406,1,0,54,1168,445,-1,0,0,-1
406,2,822,351,337,116,-1,0,0,-1
406,3,1103,213,627,206,-1,0,0,-1
407,1,0,54,1168,445,-1,0,0,-1
407,2,821,351,337,116,-1,0,0,-1
407,3,1103,213,627,206,-1,0,0,-1
408,1,0,55,1164,443,-1,0,0,-1
408,2,820,351,337,116,-1,0,0,-1
408,3,1103,213,627,206,-1,0,0,-1
409,1,-1,55,1164,443,-1,0,0,-1
409,2,820,351,335,115,-1,0,0,-1
409,3,1103,213,627,206,-1,0,0,-1
410,1,-1,55,1161,442,-1,0,0,-1
410,2,820,351,334,115,-1,0,0,-1
410,3,1103,213,627,206,-1,0,0,-1
411,1,-1,56,1160,442,-1,0,0,-1
411,2,818,351,334,115,-1,0,0,-1
411,3,1103,213,627,206,-1,0,0,-1
412,1,-1,56,1159,442,-1,0,0,-1
412,2,817,351,334,115,-1,0,0,-1
412,3,1103,213,627,206,-1,0,0,-1
413,1,-1,51,1171,449,-1,0,0,-1
413,2,817,350,338,116,-1,0,0,-1
413,3,1089,213,641,206,-1,0,0,-1
414,1,0,51,1170,449,-1,0,0,-1
414,2,814,351,335,115,-1,0,0,-1
414,3,1089,213,641,206,-1,0,0,-1
415,1,0,51,1169,449,-1,0,0,-1
415,2,813,351,334,115,-1,0,0,-1
415,3,1089,213,641,206,-1,0,0,-1
416,1,-1,51,1169,448,-1,0,0,-1
416,2,812,351,334,115,-1,0,0,-1
416,3,1089,213,641,206,-1,0,0,-1
417,1,-1,52,1168,448,-1,0,0,-1
417,2,811,351,334,115,-1,0,0,-1
417,3,1089,213,641,206,-1,0,0,-1
418,1,-1,52,1167,448,-1,0,0,-1
418,2,810,351,334,115,-1,0,0,-1
418,3,1089,213,641,206,-1,0,0,-1
419,1,0,53,1163,446,-1,0,0,-1
419,2,809,351,333,115,-1,0,0,-1
419,3,1089,213,641,206,-1,0,0,-1
420,1,0,53,1161,446,-1,0,0,-1
420,2,808,351,333,115,-1,0,0,-1
420,3,1089,213,641,206,-1,0,0,-1
421,1,0,53,1160,445,-1,0,0,-1
421,2,807,351,333,115,-1,0,0,-1
421,3,1085,209,647,214,-1,0,0,-1
422,1,0,54,1159,445,-1,0,0,-1
422,2,806,351,333,115,-1,0,0,-1
422,3,1085,209,647,214,-1,0,0,-1
423,1,0,54,1157,444,-1,0,0,-1
423,2,805,351,332,114,-1,0,0,-1
423,3,1085,209,647,214,-1,0,0,-1
424,1,-1,54,1157,444,-1,0,0,-1
424,2,804,351,332,114,-1,0,0,-1
424,3,1085,209,647,214,-1,0,0,-1
425,1,-1,55,1154,443,-1,0,0,-1
425,2,803,351,332,114,-1,0,0,-1
425,3,1085,209,647,214,-1,0,0,-1
426,1,0,55,1153,442,-1,0,0,-1
426,2,802,351,332,114,-1,0,0,-1
426,3,1085,209,647,214,-1,0,0,-1
427,1,-1,55,1152,442,-1,0,0,-1
427,2,801,351,332,114,-1,0,0,-1
427,3,1083,208,650,215,-1,0,0,-1
428,1,-3,55,1153,443,-1,0,0,-1
428,2,800,351,331,114,-1,0,0,-1
428,3,1083,208,651,215,-1,0,0,-1
429,1,-1,56,1149,441,-1,0,0,-1
429,2,799,351,331,114,-1,0,0,-1
429,3,1085,209,647,214,-1,0,0,-1
430,1,-2,56,1149,441,-1,0,0,-1
430,2,798,351,330,114,-1,0,0,-1
430,3,1072,209,660,214,-1,0,0,-1
431,1,-2,57,1147,440,-1,0,0,-1
431,2,797,351,330,114,-1,0,0,-1
431,3,1072,209,660,214,-1,0,0,-1
432,1,-3,57,1147,440,-1,0,0,-1
432,2,796,351,330,114,-1,0,0,-1
432,3,1072,209,660,214,-1,0,0,-1
433,1,-5,56,1150,441,-1,0,0,-1
433,2,794,351,330,114,-1,0,0,-1
433,3,1072,209,660,214,-1,0,0,-1
434,1,-7,56,1151,442,-1,0,0,-1
434,2,794,351,330,113,-1,0,0,-1
434,3,1072,209,660,214,-1,0,0,-1
435,1,-7,56,1150,441,-1,0,0,-1
435,2,793,351,329,113,-1,0,0,-1
435,3,1072,209,660,214,-1,0,0,-1
436,1,-7,56,1148,440,-1,0,0,-1
436,2,792,351,329,113,-1,0,0,-1
436,3,1072,209,660,214,-1,0,0,-1
437,1,-8,56,1149,441,-1,0,0,-1
437,2,791,351,328,113,-1,0,0,-1
437,3,1072,209,660,214,-1,0,0,-1
438,1,-9,56,1147,440,-1,0,0,-1
438,2,790,351,328,113,-1,0,0,-1
438,3,1072,209,660,214,-1,0,0,-1
439,1,-9,57,1146,440,-1,0,0,-1
439,2,789,351,328,113,-1,0,0,-1
439,3,1067,207,667,216,-1,0,0,-1
440,1,-9,57,1146,440,-1,0,0,-1
440,2,788,351,328,113,-1,0,0,-1
440,3,1072,209,660,214,-1,0,0,-1
441,1,-9,57,1144,439,-1,0,0,-1
441,2,787,351,328,113,-1,0,0,-1
441,3,1072,209,660,214,-1,0,0,-1
442,1,-10,57,1143,439,-1,0,0,-1
442,2,786,351,327,113,-1,0,0,-1
442,3,1072,209,660,214,-1,0,0,-1
443,1,-10,57,1143,439,-1,0,0,-1
443,2,785,351,327,113,-1,0,0,-1
443,3,1072,209,660,214,-1,0,0,-1
444,1,-10,57,1143,438,-1,0,0,-1
444,2,784,351,327,112,-1,0,0,-1
444,3,1072,209,660,214,-1,0,0,-1
445,1,-10,57,1143,438,-1,0,0,-1
445,2,783,351,334,112,-1,0,0,-1
445,3,1072,209,660,214,-1,0,0,-1
446,1,-11,58,1140,437,-1,0,0,-1
446,2,782,351,334,112,-1,0,0,-1
446,3,1072,209,660,214,-1,0,0,-1
447,1,-11,58,1140,437,-1,0,0,-1
447,2,782,351,333,112,-1,0,0,-1
447,3,1072,209,660,214,-1,0,0,-1
448,1,-11,58,1140,437,-1,0,0,-1
448,2,781,351,332,111,-1,0,0,-1
448,3,1072,209,660,214,-1,0,0,-1
449,1,-11,58,1140,437,-1,0,0,-1
449,2,781,351,332,111,-1,0,0,-1
449,3,1072,209,660,214,-1,0,0,-1
450,1,-13,59,1136,436,-1,0,0,-1
450,2,780,351,333,112,-1,0,0,-1
450,3,1072,209,660,214,-1,0,0,-1
451,1,-13,59,1136,436,-1,0,0,-1
451,2,778,351,331,111,-1,0,0,-1
451,3,1072,209,660,214,-1,0,0,-1
452,1,-13,59,1136,436,-1,0,0,-1
452,2,777,351,331,111,-1,0,0,-1
452,3,1051,201,681,224,-1,0,0,-1
453,1,-13,59,1128,436,-1,0,0,-1
453,2,775,351,332,111,-1,0,0,-1
453,3,1051,201,681,224,-1,0,0,-1
454,1,0,59,1115,436,-1,0,0,-1
454,2,778,352,327,110,-1,0,0,-1
454,3,1051,201,681,224,-1,0,0,-1
455,1,0,59,1114,436,-1,0,0,-1
455,2,774,351,331,111,-1,0,0,-1
455,3,1051,201,681,224,-1,0,0,-1
456,1,0,59,1113,435,-1,0,0,-1
456,2,773,351,331,111,-1,0,0,-1
456,3,1051,201,681,224,-1,0,0,-1
457,1,0,60,1112,435,-1,0,0,-1
457,2,772,351,331,111,-1,0,0,-1
457,3,1051,201,681,224,-1,0,0,-1
458,1,0,60,1112,435,-1,0,0,-1
458,2,771,351,330,111,-1,0,0,-1
458,3,1051,201,681,224,-1,0,0,-1
459,1,-1,60,1111,435,-1,0,0,-1
459,2,770,351,330,111,-1,0,0,-1
459,3,1050,201,683,225,-1,0,0,-1
460,1,-1,59,1115,436,-1,0,0,-1
460,2,769,351,330,111,-1,0,0,-1
460,3,1051,201,681,224,-1,0,0,-1
461,1,1,62,1105,432,-1,0,0,-1
461,2,768,351,330,111,-1,0,0,-1
461,3,1051,201,681,224,-1,0,0,-1
462,1,-1,62,1105,432,-1,0,0,-1
462,2,767,351,330,111,-1,0,0,-1
462,3,1051,201,681,224,-1,0,0,-1
463,1,-1,59,1116,436,-1,0,0,-1
463,2,766,351,329,110,-1,0,0,-1
463,3,1051,201,681,224,-1,0,0,-1
464,1,-2,59,1114,436,-1,0,0,-1
464,2,765,351,329,110,-1,0,0,-1
464,3,1051,201,681,224,-1,0,0,-1
465,1,-2,58,1116,437,-1,0,0,-1
465,2,764,351,329,110,-1,0,0,-1
465,3,1051,201,681,224,-1,0,0,-1
466,1,-1,63,1100,430,-1,0,0,-1
466,2,763,351,329,110,-1,0,0,-1
466,3,1051,201,681,224,-1,0,0,-1
467,1,0,59,1115,436,-1,0,0,-1
467,2,762,351,328,110,-1,0,0,-1
467,3,1051,201,681,224,-1,0,0,-1
468,1,-1,59,1116,436,-1,0,0,-1
468,2,762,351,327,110,-1,0,0,-1
468,3,1051,201,681,224,-1,0,0,-1
469,1,0,59,1115,436,-1,0,0,-1
469,2,762,351,326,109,-1,0,0,-1
469,3,1051,201,681,224,-1,0,0,-1
470,1,0,59,1102,436,-1,0,0,-1
470,2,761,351,326,109,-1,0,0,-1
470,3,1051,201,681,224,-1,0,0,-1
471,1,0,59,1102,436,-1,0,0,-1
471,2,759,351,327,110,-1,0,0,-1
471,3,1051,201,681,224,-1,0,0,-1
472,1,0,59,1101,436,-1,0,0,-1
472,2,758,351,327,110,-1,0,0,-1
472,3,1051,201,681,224,-1,0,0,-1
473,1,-1,59,1101,436,-1,0,0,-1
473,2,757,351,327,110,-1,0,0,-1
473,3,1051,201,681,224,-1,0,0,-1
474,1,-1,60,1100,435,-1,0,0,-1
474,2,756,351,326,109,-1,0,0,-1
474,3,1051,201,681,224,-1,0,0,-1
475,1,0,60,1097,434,-1,0,0,-1
475,2,755,351,326,109,-1,0,0,-1
475,3,1051,201,681,224,-1,0,0,-1
476,1,-1,59,1101,436,-1,0,0,-1
476,2,754,351,326,109,-1,0,0,-1
476,3,1051,201,681,224,-1,0,0,-1
477,1,0,61,1096,434,-1,0,0,-1
477,2,753,351,326,109,-1,0,0,-1
477,3,1051,201,681,224,-1,0,0,-1
478,1,-1,59,1103,436,-1,0,0,-1
478,2,753,351,325,109,-1,0,0,-1
478,3,1051,201,681,224,-1,0,0,-1
479,1,0,62,1091,432,-1,0,0,-1
479,2,753,351,324,109,-1,0,0,-1
479,3,1051,201,681,224,-1,0,0,-1
480,1,-3,58,1105,437,-1,0,0,-1
480,2,751,351,325,109,-1,0,0,-1
480,3,1051,201,681,224,-1,0,0,-1
481,1,-1,59,1103,436,-1,0,0,-1
481,2,750,351,325,109,-1,0,0,-1
481,3,1051,201,681,224,-1,0,0,-1
482,1,-2,58,1104,437,-1,0,0,-1
482,2,749,351,325,109,-1,0,0,-1
482,3,1051,201,681,224,-1,0,0,-1
483,1,0,59,1102,436,-1,0,0,-1
483,2,748,351,324,109,-1,0,0,-1
483,3,1051,201,681,224,-1,0,0,-1
484,1,1,64,1085,429,-1,0,0,-1
484,2,748,351,324,109,-1,0,0,-1
484,3,1051,201,681,224,-1,0,0,-1
485,1,0,59,1103,436,-1,0,0,-1
485,2,747,351,324,109,-1,0,0,-1
485,3,1051,201,681,224,-1,0,0,-1
486,1,-1,64,1083,429,-1,0,0,-1
486,2,746,351,323,108,-1,0,0,-1
486,3,1051,201,681,224,-1,0,0,-1
487,1,-2,64,1083,429,-1,0,0,-1
487,2,745,351,323,108,-1,0,0,-1
487,3,1051,201,681,224,-1,0,0,-1
488,1,0,59,1083,436,-1,0,0,-1
488,2,744,351,323,108,-1,0,0,-1
488,3,1051,201,681,224,-1,0,0,-1
489,1,0,59,1083,436,-1,0,0,-1
489,2,743,351,323,108,-1,0,0,-1
489,3,1051,201,681,224,-1,0,0,-1
490,1,0,59,1082,436,-1,0,0,-1
490,2,742,351,322,108,-1,0,0,-1
490,3,1051,201,681,224,-1,0,0,-1
491,1,0,59,1082,435,-1,0,0,-1
491,2,742,351,322,108,-1,0,0,-1
491,3,1051,201,681,224,-1,0,0,-1
492,1,-1,59,1081,435,-1,0,0,-1
492,2,741,351,322,108,-1,0,0,-1
492,3,1051,201,681,224,-1,0,0,-1
493,1,-1,59,1083,436,-1,0,0,-1
493,2,740,351,322,108,-1,0,0,-1
493,3,1051,201,681,224,-1,0,0,-1
494,1,-1,60,1080,435,-1,0,0,-1
494,2,740,351,320,107,-1,0,0,-1
494,3,1051,201,681,224,-1,0,0,-1
495,1,-2,59,1084,436,-1,0,0,-1
495,2,738,351,321,108,-1,0,0,-1
495,3,1051,201,681,224,-1,0,0,-1
496,1,0,61,1075,433,-1,0,0,-1
496,2,738,351,321,108,-1,0,0,-1
496,3,1051,201,681,224,-1,0,0,-1
497,1,-1,59,1084,437,-1,0,0,-1
497,2,735,351,323,108,-1,0,0,-1
497,3,1051,201,682,224,-1,0,0,-1
498,1,-1,59,1084,436,-1,0,0,-1
498,2,736,351,320,107,-1,0,0,-1
498,3,1051,201,681,224,-1,0,0,-1
499,1,1,63,1071,431,-1,0,0,-1
499,2,735,351,320,107,-1,0,0,-1
499,3,1051,201,681,224,-1,0,0,-1
500,1,-1,59,1084,436,-1,0,0,-1
500,2,735,351,319,107,-1,0,0,-1
500,3,1051,201,681,224,-1,0,0,-1
501,1,1,63,1068,430,-1,0,0,-1
501,2,734,351,318,107,-1,0,0,-1
501,3,1051,201,681,224,-1,0,0,-1
502,1,1,63,1067,429,-1,0,0,-1
502,2,733,351,319,107,-1,0,0,-1
502,3,1051,201,681,224,-1,0,0,-1
503,1,0,63,1067,430,-1,0,0,-1
503,2,733,351,318,107,-1,0,0,-1
503,3,1051,201,681,224,-1,0,0,-1
504,1,0,64,1066,429,-1,0,0,-1
504,2,732,351,319,107,-1,0,0,-1
504,3,1051,201,681,224,-1,0,0,-1
505,1,0,59,1062,436,-1,0,0,-1
505,2,731,351,319,107,-1,0,0,-1
505,3,1051,201,681,224,-1,0,0,-1
506,1,0,59,1062,436,-1,0,0,-1
506,2,731,351,316,106,-1,0,0,-1
506,3,1051,201,681,224,-1,0,0,-1
507,1,0,59,1061,436,-1,0,0,-1
507,2,729,351,318,107,-1,0,0,-1
507,3,1051,201,681,224,-1,0,0,-1
508,1,0,59,1060,435,-1,0,0,-1
508,2,730,351,315,106,-1,0,0,-1
508,3,1051,201,681,224,-1,0,0,-1
509,1,0,59,1060,435,-1,0,0,-1
509,2,728,351,318,106,-1,0,0,-1
509,3,1051,201,681,224,-1,0,0,-1
510,1,-1,60,1060,435,-1,0,0,-1
510,2,727,351,316,106,-1,0,0,-1
510,3,1051,201,681,224,-1,0,0,-1
511,1,-1,60,1059,435,-1,0,0,-1
511,2,727,351,317,106,-1,0,0,-1
511,3,1051,201,681,224,-1,0,0,-1
512,1,-1,59,1062,436,-1,0,0,-1
512,2,726,351,317,106,-1,0,0,-1
512,3,1051,201,681,224,-1,0,0,-1
513,1,0,61,1055,433,-1,0,0,-1
513,2,725,351,317,106,-1,0,0,-1
513,3,1051,201,681,224,-1,0,0,-1
514,1,-2,59,1063,436,-1,0,0,-1
514,2,725,352,314,105,-1,0,0,-1
514,3,1051,201,681,224,-1,0,0,-1
515,1,-2,59,1060,435,-1,0,0,-1
515,2,724,351,316,106,-1,0,0,-1
515,3,1051,201,681,224,-1,0,0,-1
516,1,0,62,1052,432,-1,0,0,-1
516,2,720,350,320,107,-1,0,0,-1
516,3,1051,201,681,224,-1,0,0,-1
517,1,0,59,1062,436,-1,0,0,-1
517,2,722,351,316,106,-1,0,0,-1
517,3,1051,201,681,224,-1,0,0,-1
518,1,-1,59,1063,436,-1,0,0,-1
518,2,721,351,316,106,-1,0,0,-1
518,3,1051,201,681,224,-1,0,0,-1
519,1,-1,62,1050,431,-1,0,0,-1
519,2,718,350,319,107,-1,0,0,-1
519,3,1051,201,681,224,-1,0,0,-1
520,1,-1,63,1048,430,-1,0,0,-1
520,2,721,351,314,105,-1,0,0,-1
520,3,1051,201,681,224,-1,0,0,-1
521,1,-1,63,1047,430,-1,0,0,-1
521,2,719,351,314,105,-1,0,0,-1
521,3,1051,201,681,224,-1,0,0,-1
522,1,-1,63,1046,430,-1,0,0,-1
522,2,719,352,313,105,-1,0,0,-1
522,3,1051,201,681,224,-1,0,0,-1
523,1,0,59,1042,436,-1,0,0,-1
523,2,715,351,318,107,-1,0,0,-1
523,3,1051,201,681,224,-1,0,0,-1
524,1,0,59,1042,436,-1,0,0,-1
524,2,715,351,317,106,-1,0,0,-1
524,3,1051,201,681,224,-1,0,0,-1
525,1,0,59,1041,436,-1,0,0,-1
525,2,716,351,314,105,-1,0,0,-1
525,3,1051,201,681,224,-1,0,0,-1
526,1,0,59,1041,435,-1,0,0,-1
526,2,713,350,318,107,-1,0,0,-1
526,3,1051,201,681,224,-1,0,0,-1
527,1,0,60,1040,435,-1,0,0,-1
527,2,716,351,313,105,-1,0,0,-1
527,3,1051,201,681,224,-1,0,0,-1
528,1,0,60,1038,434,-1,0,0,-1
528,2,710,350,319,107,-1,0,0,-1
528,3,1051,201,681,224,-1,0,0,-1
529,1,0,60,1037,434,-1,0,0,-1
529,2,714,352,311,104,-1,0,0,-1
529,3,1051,201,681,224,-1,0,0,-1
530,1,0,60,1039,435,-1,0,0,-1
530,2,713,351,312,105,-1,0,0,-1
530,3,1051,201,681,224,-1,0,0,-1
531,1,-1,59,1041,436,-1,0,0,-1
531,2,713,352,311,104,-1,0,0,-1
531,3,1051,201,681,224,-1,0,0,-1
532,1,0,61,1035,433,-1,0,0,-1
532,2,712,351,312,105,-1,0,0,-1
532,3,1051,201,681,224,-1,0,0,-1
533,1,0,61,1036,433,-1,0,0,-1
533,2,712,352,311,104,-1,0,0,-1
533,3,1051,201,681,224,-1,0,0,-1
534,1,0,62,1033,432,-1,0,0,-1
534,2,711,351,312,105,-1,0,0,-1
534,3,1051,201,681,224,-1,0,0,-1
535,1,0,61,1034,433,-1,0,0,-1
535,2,711,352,311,104,-1,0,0,-1
535,3,1051,201,681,224,-1,0,0,-1
536,1,-3,58,1044,437,-1,0,0,-1
536,2,710,351,311,104,-1,0,0,-1
536,3,1051,201,681,224,-1,0,0,-1
537,1,-1,59,1028,436,-1,0,0,-1
537,2,710,352,309,104,-1,0,0,-1
537,3,1051,201,681,224,-1,0,0,-1
538,1,0,59,1027,436,-1,0,0,-1
538,2,708,351,311,104,-1,0,0,-1
538,3,1051,201,681,224,-1,0,0,-1
539,1,0,59,1026,436,-1,0,0,-1
539,2,707,352,311,104,-1,0,0,-1
539,3,1051,201,681,224,-1,0,0,-1
540,1,0,59,1026,436,-1,0,0,-1
540,2,701,350,319,107,-1,0,0,-1
540,3,1051,201,681,224,-1,0,0,-1
541,1,0,59,1026,435,-1,0,0,-1
541,2,705,351,312,105,-1,0,0,-1
541,3,1051,201,681,224,-1,0,0,-1
542,1,-1,59,1025,435,-1,0,0,-1
542,2,701,350,316,106,-1,0,0,-1
542,3,1051,201,681,224,-1,0,0,-1
543,1,0,60,1024,435,-1,0,0,-1
543,2,705,351,310,104,-1,0,0,-1
543,3,1051,201,681,224,-1,0,0,-1
544,1,0,60,1023,434,-1,0,0,-1
544,2,705,351,309,104,-1,0,0,-1
544,3,1051,201,681,224,-1,0,0,-1
545,1,-1,59,1027,436,-1,0,0,-1
545,2,700,350,314,105,-1,0,0,-1
545,3,1051,201,681,224,-1,0,0,-1
546,1,-1,59,1028,436,-1,0,0,-1
546,2,704,351,310,104,-1,0,0,-1
546,3,1051,201,681,224,-1,0,0,-1
547,1,-1,60,1023,434,-1,0,0,-1
547,2,703,352,306,103,-1,0,0,-1
547,3,1051,201,681,224,-1,0,0,-1
548,1,0,61,1026,433,-1,0,0,-1
548,2,697,350,316,106,-1,0,0,-1
548,3,1051,201,681,224,-1,0,0,-1
549,1,0,61,1026,433,-1,0,0,-1
549,2,702,351,308,103,-1,0,0,-1
549,3,1051,201,681,224,-1,0,0,-1
550,1,0,61,1025,433,-1,0,0,-1
550,2,700,352,308,103,-1,0,0,-1
550,3,1051,201,681,224,-1,0,0,-1
551,1,0,61,1025,433,-1,0,0,-1
551,2,702,352,304,102,-1,0,0,-1
551,3,1051,201,681,224,-1,0,0,-1
552,1,0,61,1025,433,-1,0,0,-1
552,2,700,352,308,103,-1,0,0,-1
552,3,1051,201,681,224,-1,0,0,-1
553,1,-1,61,1025,432,-1,0,0,-1
553,2,699,352,305,102,-1,0,0,-1
553,3,1051,201,681,224,-1,0,0,-1
554,1,-1,61,1018,433,-1,0,0,-1
554,2,698,351,308,103,-1,0,0,-1
554,3,1051,201,681,224,-1,0,0,-1
555,1,0,61,1017,433,-1,0,0,-1
555,2,698,352,304,102,-1,0,0,-1
555,3,1051,201,681,224,-1,0,0,-1
556,1,0,61,1016,433,-1,0,0,-1
556,2,697,351,308,103,-1,0,0,-1
556,3,1051,201,681,224,-1,0,0,-1
557,1,0,61,1016,433,-1,0,0,-1
557,2,696,350,309,106,-1,0,0,-1
557,3,1051,201,681,224,-1,0,0,-1
558,1,-1,61,1016,433,-1,0,0,-1
558,2,696,350,309,106,-1,0,0,-1
558,3,1051,201,681,224,-1,0,0,-1
559,1,0,62,1014,432,-1,0,0,-1
559,2,695,350,309,106,-1,0,0,-1
559,3,1051,201,681,224,-1,0,0,-1
560,1,-1,61,1017,433,-1,0,0,-1
560,2,694,350,309,106,-1,0,0,-1
560,3,1051,201,681,224,-1,0,0,-1
561,1,-1,62,1015,432,-1,0,0,-1
561,2,693,350,309,106,-1,0,0,-1
561,3,1051,201,681,224,-1,0,0,-1
562,1,0,63,1011,430,-1,0,0,-1
562,2,694,350,307,105,-1,0,0,-1
562,3,1051,201,681,224,-1,0,0,-1
563,1,-1,62,1014,432,-1,0,0,-1
563,2,693,350,306,105,-1,0,0,-1
563,3,1051,201,681,224,-1,0,0,-1
564,1,-1,63,1010,430,-1,0,0,-1
564,2,692,350,307,105,-1,0,0,-1
564,3,1051,201,681,224,-1,0,0,-1
565,1,-2,61,1012,433,-1,0,0,-1
565,2,691,350,307,105,-1,0,0,-1
565,3,1051,201,681,224,-1,0,0,-1
566,1,0,61,1010,433,-1,0,0,-1
566,2,691,350,306,105,-1,0,0,-1
566,3,1051,201,681,224,-1,0,0,-1
567,1,0,61,1009,433,-1,0,0,-1
567,2,690,350,306,105,-1,0,0,-1
567,3,1051,201,681,224,-1,0,0,-1
568,1,0,62,1008,432,-1,0,0,-1
568,2,689,350,306,105,-1,0,0,-1
568,3,1051,201,681,224,-1,0,0,-1
569,1,0,61,1009,432,-1,0,0,-1
569,2,689,350,306,105,-1,0,0,-1
569,3,1051,201,681,224,-1,0,0,-1
570,1,-1,61,1009,432,-1,0,0,-1
570,2,688,350,306,105,-1,0,0,-1
570,3,1051,201,681,224,-1,0,0,-1
571,1,-1,61,1008,432,-1,0,0,-1
571,2,688,350,305,105,-1,0,0,-1
571,3,1051,201,681,224,-1,0,0,-1
572,1,-1,61,1008,432,-1,0,0,-1
572,2,687,350,305,105,-1,0,0,-1
572,3,1051,201,681,224,-1,0,0,-1
573,1,-1,61,1010,433,-1,0,0,-1
573,2,686,350,305,105,-1,0,0,-1
573,3,1051,201,681,224,-1,0,0,-1
574,1,0,63,1004,430,-1,0,0,-1
574,2,685,350,305,105,-1,0,0,-1
574,3,1051,201,681,224,-1,0,0,-1
575,1,0,63,1003,430,-1,0,0,-1
575,2,684,350,305,105,-1,0,0,-1
575,3,1051,201,681,224,-1,0,0,-1
576,1,-1,63,1001,429,-1,0,0,-1
576,2,684,350,304,104,-1,0,0,-1
576,3,1051,201,681,224,-1,0,0,-1
577,1,-2,61,998,433,-1,0,0,-1
577,2,683,350,304,104,-1,0,0,-1
577,3,1051,201,681,224,-1,0,0,-1
578,1,0,61,996,433,-1,0,0,-1
578,2,682,350,304,104,-1,0,0,-1
578,3,1051,201,681,224,-1,0,0,-1
579,1,0,61,995,433,-1,0,0,-1
579,2,682,350,304,104,-1,0,0,-1
579,3,1051,201,681,224,-1,0,0,-1
580,1,0,61,995,433,-1,0,0,-1
580,2,681,350,304,104,-1,0,0,-1
580,3,1051,201,681,224,-1,0,0,-1
581,1,0,61,995,432,-1,0,0,-1
581,2,680,350,303,104,-1,0,0,-1
581,3,1051,201,681,224,-1,0,0,-1
582,1,-1,61,995,433,-1,0,0,-1
582,2,680,350,303,104,-1,0,0,-1
582,3,1051,201,681,224,-1,0,0,-1
583,1,0,62,993,432,-1,0,0,-1
583,2,679,350,303,104,-1,0,0,-1
583,3,1051,201,681,224,-1,0,0,-1
584,1,0,63,990,431,-1,0,0,-1
584,2,678,350,303,104,-1,0,0,-1
584,3,1051,201,681,224,-1,0,0,-1
585,1,-1,61,996,433,-1,0,0,-1
585,2,677,350,303,104,-1,0,0,-1
585,3,1051,201,681,224,-1,0,0,-1
586,1,-2,61,995,433,-1,0,0,-1
586,2,678,351,302,103,-1,0,0,-1
586,3,1051,201,681,224,-1,0,0,-1
587,1,-1,61,997,433,-1,0,0,-1
587,2,676,350,302,104,-1,0,0,-1
587,3,1051,201,681,224,-1,0,0,-1
588,1,0,64,986,429,-1,0,0,-1
588,2,676,350,302,104,-1,0,0,-1
588,3,1051,201,681,224,-1,0,0,-1
589,1,-1,61,997,433,-1,0,0,-1
589,2,675,350,302,104,-1,0,0,-1
589,3,1051,201,681,224,-1,0,0,-1
590,1,0,64,987,429,-1,0,0,-1
590,2,674,350,302,104,-1,0,0,-1
590,3,1051,201,681,224,-1,0,0,-1
591,1,-1,61,995,433,-1,0,0,-1
591,2,673,350,302,103,-1,0,0,-1
591,3,1051,201,681,224,-1,0,0,-1
592,1,-2,60,998,434,-1,0,0,-1
592,2,673,350,301,103,-1,0,0,-1
592,3,1051,201,681,224,-1,0,0,-1
593,1,0,66,981,426,-1,0,0,-1
593,2,672,350,301,103,-1,0,0,-1
593,3,1051,201,681,224,-1,0,0,-1
594,1,0,61,997,433,-1,0,0,-1
594,2,671,350,301,103,-1,0,0,-1
594,3,1051,201,681,224,-1,0,0,-1
595,1,0,61,996,433,-1,0,0,-1
595,2,670,350,301,103,-1,0,0,-1
595,3,1051,201,681,224,-1,0,0,-1
596,1,0,61,996,433,-1,0,0,-1
596,2,670,350,301,103,-1,0,0,-1
596,3,1051,201,681,224,-1,0,0,-1
597,1,0,61,996,433,-1,0,0,-1
597,2,670,351,299,102,-1,0,0,-1
597,3,1051,201,681,224,-1,0,0,-1
598,1,0,61,996,433,-1,0,0,-1
598,2,668,350,300,103,-1,0,0,-1
598,3,1051,201,681,224,-1,0,0,-1
599,1,0,61,996,433,-1,0,0,-1
599,2,668,350,300,103,-1,0,0,-1
599,3,1051,201,681,224,-1,0,0,-1
600,1,0,61,995,433,-1,0,0,-1
600,2,667,350,300,103,-1,0,0,-1
600,3,1051,201,681,224,-1,0,0,-1
601,1,0,61,995,433,-1,0,0,-1
601,2,666,350,300,103,-1,0,0,-1
601,3,1051,201,681,224,-1,0,0,-1
602,1,0,61,981,433,-1,0,0,-1
602,2,665,350,300,103,-1,0,0,-1
602,3,1051,201,681,224,-1,0,0,-1
603,1,0,61,981,433,-1,0,0,-1
603,2,666,351,297,102,-1,0,0,-1
603,3,1051,201,681,224,-1,0,0,-1
604,1,0,61,980,433,-1,0,0,-1
604,2,664,350,299,103,-1,0,0,-1
604,3,1051,201,681,224,-1,0,0,-1
605,1,0,61,980,433,-1,0,0,-1
605,2,664,350,298,102,-1,0,0,-1
605,3,1051,201,681,224,-1,0,0,-1
606,1,-1,61,981,433,-1,0,0,-1
606,2,663,350,298,102,-1,0,0,-1
606,3,1051,201,681,224,-1,0,0,-1
607,1,-1,61,981,433,-1,0,0,-1
607,2,662,350,298,102,-1,0,0,-1
607,3,1051,201,681,224,-1,0,0,-1
608,1,-1,62,979,432,-1,0,0,-1
608,2,661,350,299,102,-1,0,0,-1
608,3,1051,201,681,224,-1,0,0,-1
609,1,-1,61,982,433,-1,0,0,-1
609,2,659,350,300,103,-1,0,0,-1
609,3,1051,201,681,224,-1,0,0,-1
610,1,-2,61,981,433,-1,0,0,-1
610,2,659,350,298,102,-1,0,0,-1
610,3,1051,201,681,224,-1,0,0,-1
611,1,-2,61,982,433,-1,0,0,-1
611,2,661,351,294,101,-1,0,0,-1
611,3,1051,201,681,224,-1,0,0,-1
612,1,-2,60,983,434,-1,0,0,-1
612,2,658,350,297,102,-1,0,0,-1
612,3,1051,201,681,224,-1,0,0,-1
613,1,-4,60,984,434,-1,0,0,-1
613,2,657,350,297,102,-1,0,0,-1
613,3,1051,201,681,224,-1,0,0,-1
614,1,-2,61,981,433,-1,0,0,-1
614,2,656,350,297,102,-1,0,0,-1
614,3,1051,201,681,224,-1,0,0,-1
615,1,-1,61,970,433,-1,0,0,-1
615,2,655,350,298,102,-1,0,0,-1
615,3,1051,201,681,224,-1,0,0,-1
616,1,0,61,969,433,-1,0,0,-1
616,2,655,350,296,102,-1,0,0,-1
616,3,1051,201,681,224,-1,0,0,-1
617,1,0,61,968,433,-1,0,0,-1
617,2,654,350,296,102,-1,0,0,-1
617,3,1051,201,681,224,-1,0,0,-1
618,1,0,61,968,433,-1,0,0,-1
618,2,653,350,296,102,-1,0,0,-1
618,3,1051,201,681,224,-1,0,0,-1
619,1,-1,61,968,432,-1,0,0,-1
619,2,652,350,296,102,-1,0,0,-1
619,3,1051,201,681,224,-1,0,0,-1
620,1,-1,62,967,432,-1,0,0,-1
620,2,652,351,294,101,-1,0,0,-1
620,3,1051,201,681,224,-1,0,0,-1
621,1,-1,62,967,432,-1,0,0,-1
621,2,651,350,296,101,-1,0,0,-1
621,3,1051,201,681,224,-1,0,0,-1
622,1,-2,61,970,433,-1,0,0,-1
622,2,651,351,294,101,-1,0,0,-1
622,3,1051,201,681,224,-1,0,0,-1
623,1,-1,62,966,432,-1,0,0,-1
623,2,649,350,295,101,-1,0,0,-1
623,3,1051,201,681,224,-1,0,0,-1
624,1,-1,61,970,433,-1,0,0,-1
624,2,649,350,295,101,-1,0,0,-1
624,3,1051,201,681,224,-1,0,0,-1
625,1,-2,60,971,434,-1,0,0,-1
625,2,648,350,295,101,-1,0,0,-1
625,3,1051,201,681,224,-1,0,0,-1
626,1,-2,60,971,434,-1,0,0,-1
626,2,647,350,295,101,-1,0,0,-1
626,3,1051,201,681,224,-1,0,0,-1
627,1,-1,60,970,434,-1,0,0,-1
627,2,646,351,292,100,-1,0,0,-1
627,3,1051,201,681,224,-1,0,0,-1
628,1,-1,65,956,427,-1,0,0,-1
628,2,645,350,294,101,-1,0,0,-1
628,3,1051,201,681,224,-1,0,0,-1
629,1,-4,70,972,404,-1,0,0,-1
629,2,645,350,293,101,-1,0,0,-1
629,3,1051,201,681,224,-1,0,0,-1
630,1,0,70,955,404,-1,0,0,-1
630,2,644,350,293,101,-1,0,0,-1
630,3,1051,201,681,224,-1,0,0,-1
631,1,0,70,955,404,-1,0,0,-1
631,2,643,350,293,100,-1,0,0,-1
631,3,1051,201,681,224,-1,0,0,-1
632,1,0,70,954,404,-1,0,0,-1
632,2,642,350,293,101,-1,0,0,-1
632,3,1051,201,681,224,-1,0,0,-1
633,1,-1,70,954,404,-1,0,0,-1
633,2,641,350,292,100,-1,0,0,-1
633,3,1051,201,681,224,-1,0,0,-1
634,1,-1,70,954,403,-1,0,0,-1
634,2,641,350,292,100,-1,0,0,-1
634,3,1051,201,681,224,-1,0,0,-1
635,1,-1,71,951,402,-1,0,0,-1
635,2,638,350,295,101,-1,0,0,-1
635,3,1051,201,681,224,-1,0,0,-1
636,1,-1,71,952,403,-1,0,0,-1
636,2,639,350,292,100,-1,0,0,-1
636,3,1051,201,681,224,-1,0,0,-1
637,1,-2,71,953,403,-1,0,0,-1
637,2,638,350,291,100,-1,0,0,-1
637,3,1051,201,681,224,-1,0,0,-1
638,1,-1,72,948,401,-1,0,0,-1
638,2,637,350,291,100,-1,0,0,-1
638,3,1051,201,681,224,-1,0,0,-1
639,1,-2,72,948,401,-1,0,0,-1
639,2,637,350,291,100,-1,0,0,-1
639,3,1051,201,681,224,-1,0,0,-1
640,1,-2,72,946,400,-1,0,0,-1
640,2,636,350,291,100,-1,0,0,-1
640,3,1051,201,681,224,-1,0,0,-1
641,1,-3,70,940,404,-1,0,0,-1
641,2,635,350,291,100,-1,0,0,-1
641,3,1051,201,681,224,-1,0,0,-1
642,1,0,70,937,404,-1,0,0,-1
642,2,634,350,290,100,-1,0,0,-1
642,3,1051,201,681,224,-1,0,0,-1
643,1,0,70,936,404,-1,0,0,-1
643,2,631,350,294,101,-1,0,0,-1
643,3,1051,201,681,224,-1,0,0,-1
644,1,0,70,935,403,-1,0,0,-1
644,2,633,350,290,99,-1,0,0,-1
644,3,1051,201,681,224,-1,0,0,-1
645,1,-1,71,934,402,-1,0,0,-1
645,2,632,350,290,99,-1,0,0,-1
645,3,1051,201,681,224,-1,0,0,-1
646,1,-1,70,936,404,-1,0,0,-1
646,2,631,350,290,100,-1,0,0,-1
646,3,1051,201,681,224,-1,0,0,-1
647,1,-1,72,932,402,-1,0,0,-1
647,2,630,351,288,99,-1,0,0,-1
647,3,1051,201,681,224,-1,0,0,-1
648,1,-1,72,931,401,-1,0,0,-1
648,2,629,350,289,99,-1,0,0,-1
648,3,1051,201,681,224,-1,0,0,-1
649,1,-2,70,937,404,-1,0,0,-1
649,2,628,350,289,99,-1,0,0,-1
649,3,1051,201,681,224,-1,0,0,-1
650,1,-1,72,931,401,-1,0,0,-1
650,2,628,350,288,99,-1,0,0,-1
650,3,1051,201,681,224,-1,0,0,-1
651,1,-3,70,938,405,-1,0,0,-1
651,2,627,350,288,99,-1,0,0,-1
651,3,1051,201,681,224,-1,0,0,-1
652,1,-2,73,928,400,-1,0,0,-1
652,2,626,350,288,99,-1,0,0,-1
652,3,1051,201,681,224,-1,0,0,-1
653,1,-2,73,926,399,-1,0,0,-1
653,2,625,351,286,98,-1,0,0,-1
653,3,1051,201,681,224,-1,0,0,-1
654,1,-5,72,929,401,-1,0,0,-1
654,2,624,350,287,98,-1,0,0,-1
654,3,1051,201,681,224,-1,0,0,-1
655,1,-4,73,927,400,-1,0,0,-1
655,2,624,350,287,98,-1,0,0,-1
655,3,1051,201,681,224,-1,0,0,-1
656,1,-3,74,923,398,-1,0,0,-1
656,2,622,350,287,99,-1,0,0,-1
656,3,1051,201,681,224,-1,0,0,-1
657,1,-6,73,927,399,-1,0,0,-1
657,2,622,350,287,98,-1,0,0,-1
657,3,1051,201,681,224,-1,0,0,-1
658,1,-7,73,927,399,-1,0,0,-1
658,2,621,350,287,98,-1,0,0,-1
658,3,1051,201,681,224,-1,0,0,-1
659,1,-7,73,926,399,-1,0,0,-1
659,2,621,350,287,98,-1,0,0,-1
659,3,1051,201,681,224,-1,0,0,-1
660,1,-8,73,926,399,-1,0,0,-1
660,2,620,350,286,98,-1,0,0,-1
660,3,1051,201,681,224,-1,0,0,-1
661,1,-9,73,926,399,-1,0,0,-1
661,2,619,350,286,98,-1,0,0,-1
661,3,1051,201,681,224,-1,0,0,-1
662,1,-9,73,925,399,-1,0,0,-1
662,2,618,350,285,97,-1,0,0,-1
662,3,1051,201,681,224,-1,0,0,-1
663,1,-9,74,924,399,-1,0,0,-1
663,2,617,350,285,97,-1,0,0,-1
663,3,1051,201,681,224,-1,0,0,-1
664,1,-9,74,924,398,-1,0,0,-1
664,2,616,350,285,97,-1,0,0,-1
664,3,1051,201,681,224,-1,0,0,-1
665,1,-9,74,923,398,-1,0,0,-1
665,2,616,350,285,97,-1,0,0,-1
665,3,1051,201,681,224,-1,0,0,-1
666,1,-10,74,922,397,-1,0,0,-1
666,2,615,350,286,98,-1,0,0,-1
666,3,1051,201,681,224,-1,0,0,-1
667,1,-10,74,921,397,-1,0,0,-1
667,2,614,350,284,97,-1,0,0,-1
667,3,1051,201,681,224,-1,0,0,-1
668,1,-10,75,920,397,-1,0,0,-1
668,2,613,350,284,97,-1,0,0,-1
668,3,1051,201,681,224,-1,0,0,-1
669,1,-11,75,920,397,-1,0,0,-1
669,2,612,350,284,97,-1,0,0,-1
669,3,1051,201,681,224,-1,0,0,-1
670,1,-11,75,919,396,-1,0,0,-1
670,2,611,350,284,97,-1,0,0,-1
670,3,1051,201,681,224,-1,0,0,-1
671,1,-12,75,918,396,-1,0,0,-1
671,2,610,350,284,97,-1,0,0,-1
671,3,1051,201,681,224,-1,0,0,-1
672,1,-12,75,917,396,-1,0,0,-1
672,2,609,350,284,97,-1,0,0,-1
672,3,1051,201,681,224,-1,0,0,-1
673,1,-13,76,917,395,-1,0,0,-1
673,2,609,350,283,97,-1,0,0,-1
673,3,1051,201,681,224,-1,0,0,-1
674,1,-13,76,915,395,-1,0,0,-1
674,2,608,350,283,97,-1,0,0,-1
674,3,1051,201,681,224,-1,0,0,-1
675,1,-13,76,916,395,-1,0,0,-1
675,2,607,350,283,97,-1,0,0,-1
675,3,1051,201,681,224,-1,0,0,-1
676,1,-14,76,916,395,-1,0,0,-1
676,2,606,350,283,97,-1,0,0,-1
676,3,1051,201,681,224,-1,0,0,-1
677,1,-14,76,916,395,-1,0,0,-1
677,2,605,350,282,96,-1,0,0,-1
677,3,1051,201,681,224,-1,0,0,-1
678,1,-14,76,916,395,-1,0,0,-1
678,2,604,350,289,96,-1,0,0,-1
678,3,1051,201,681,224,-1,0,0,-1
679,1,-15,76,914,394,-1,0,0,-1
679,2,603,350,289,96,-1,0,0,-1
679,3,1051,201,681,224,-1,0,0,-1
680,1,-15,77,913,394,-1,0,0,-1
680,2,603,350,289,96,-1,0,0,-1
680,3,1051,201,681,224,-1,0,0,-1
681,1,-16,77,910,392,-1,0,0,-1
681,2,602,350,289,96,-1,0,0,-1
681,3,1051,201,681,224,-1,0,0,-1
682,1,-16,78,909,392,-1,0,0,-1
682,2,601,350,289,96,-1,0,0,-1
682,3,1051,201,681,224,-1,0,0,-1
683,1,-16,78,909,392,-1,0,0,-1
683,2,600,350,288,96,-1,0,0,-1
683,3,1051,201,681,224,-1,0,0,-1
684,1,-17,78,910,392,-1,0,0,-1
684,2,600,350,287,95,-1,0,0,-1
684,3,1051,201,681,224,-1,0,0,-1
685,1,-17,78,909,392,-1,0,0,-1
685,2,599,350,287,95,-1,0,0,-1
685,3,1051,201,681,224,-1,0,0,-1
686,1,-17,78,909,392,-1,0,0,-1
686,2,598,350,286,95,-1,0,0,-1
686,3,1051,201,681,224,-1,0,0,-1
687,1,-17,78,909,392,-1,0,0,-1
687,2,597,350,286,95,-1,0,0,-1
687,3,1051,201,681,224,-1,0,0,-1
688,1,-17,78,908,392,-1,0,0,-1
688,2,596,350,286,95,-1,0,0,-1
688,3,1051,201,681,224,-1,0,0,-1
689,1,-18,78,908,392,-1,0,0,-1
689,2,595,350,286,95,-1,0,0,-1
689,3,1051,201,681,224,-1,0,0,-1
690,1,-20,78,906,391,-1,0,0,-1
690,2,594,350,286,95,-1,0,0,-1
690,3,1051,201,681,224,-1,0,0,-1
691,1,-20,79,906,391,-1,0,0,-1
691,2,594,350,286,95,-1,0,0,-1
691,3,1051,201,681,224,-1,0,0,-1
692,1,-20,79,906,390,-1,0,0,-1
692,2,593,350,285,95,-1,0,0,-1
692,3,1051,201,681,224,-1,0,0,-1
693,1,-20,79,905,390,-1,0,0,-1
693,2,592,350,285,95,-1,0,0,-1
693,3,1051,201,681,224,-1,0,0,-1
694,1,-20,79,905,390,-1,0,0,-1
694,2,591,350,285,95,-1,0,0,-1
694,3,1051,201,681,224,-1,0,0,-1
695,1,-20,79,904,390,-1,0,0,-1
695,2,590,350,285,95,-1,0,0,-1
695,3,1051,201,681,224,-1,0,0,-1
696,1,-20,79,904,390,-1,0,0,-1
696,2,589,350,284,94,-1,0,0,-1
696,3,1051,201,681,224,-1,0,0,-1
697,1,-20,79,903,390,-1,0,0,-1
697,2,588,350,285,95,-1,0,0,-1
697,3,1051,201,681,224,-1,0,0,-1
698,1,-20,79,903,389,-1,0,0,-1
698,2,587,350,284,94,-1,0,0,-1
698,3,1051,201,681,224,-1,0,0,-1
699,1,-20,79,903,389,-1,0,0,-1
699,2,587,350,284,94,-1,0,0,-1
699,3,1051,201,681,224,-1,0,0,-1
700,1,-20,80,902,389,-1,0,0,-1
700,2,586,350,284,94,-1,0,0,-1
700,3,1051,201,681,224,-1,0,0,-1
701,1,-20,80,902,389,-1,0,0,-1
701,2,585,350,284,94,-1,0,0,-1
701,3,1051,201,681,224,-1,0,0,-1
702,1,-21,80,902,389,-1,0,0,-1
702,2,584,350,284,94,-1,0,0,-1
702,3,1051,201,681,224,-1,0,0,-1
703,1,-21,80,901,389,-1,0,0,-1
703,2,583,350,283,94,-1,0,0,-1
703,3,1051,201,681,224,-1,0,0,-1
704,1,-21,80,901,388,-1,0,0,-1
704,2,583,350,283,94,-1,0,0,-1
704,3,1051,201,681,224,-1,0,0,-1
705,1,-21,80,901,388,-1,0,0,-1
705,2,582,350,283,94,-1,0,0,-1
705,3,1051,201,681,224,-1,0,0,-1
706,1,-21,80,900,388,-1,0,0,-1
706,2,581,350,282,94,-1,0,0,-1
706,3,1051,201,681,224,-1,0,0,-1
707,1,-21,80,900,388,-1,0,0,-1
707,2,580,350,282,94,-1,0,0,-1
707,3,1051,201,681,224,-1,0,0,-1
708,1,-21,80,893,388,-1,0,0,-1
708,2,579,350,282,94,-1,0,0,-1
708,3,1051,201,681,224,-1,0,0,-1
709,1,0,80,872,388,-1,0,0,-1
709,2,579,350,281,93,-1,0,0,-1
709,3,1051,201,681,224,-1,0,0,-1
710,1,0,80,871,388,-1,0,0,-1
710,2,578,350,281,93,-1,0,0,-1
710,3,1051,201,681,224,-1,0,0,-1
711,1,-1,80,871,387,-1,0,0,-1
711,2,576,350,282,94,-1,0,0,-1
711,3,1051,201,681,224,-1,0,0,-1
712,1,-1,80,871,387,-1,0,0,-1
712,2,576,350,281,93,-1,0,0,-1
712,3,1051,201,681,224,-1,0,0,-1
713,1,-1,81,870,387,-1,0,0,-1
713,2,575,350,281,93,-1,0,0,-1
713,3,1051,201,681,224,-1,0,0,-1
714,1,-2,80,867,388,-1,0,0,-1
714,2,574,350,281,93,-1,0,0,-1
714,3,1051,201,681,224,-1,0,0,-1
715,1,0,80,865,388,-1,0,0,-1
715,2,573,350,280,93,-1,0,0,-1
715,3,1051,201,681,224,-1,0,0,-1
716,1,-1,80,864,388,-1,0,0,-1
716,2,572,350,281,93,-1,0,0,-1
716,3,1051,201,681,224,-1,0,0,-1
717,1,-1,80,864,388,-1,0,0,-1
717,2,572,350,279,93,-1,0,0,-1
717,3,1051,201,681,224,-1,0,0,-1
718,1,-1,81,863,387,-1,0,0,-1
718,2,571,350,280,93,-1,0,0,-1
718,3,1051,201,681,224,-1,0,0,-1
719,1,-1,80,864,387,-1,0,0,-1
719,2,570,350,280,93,-1,0,0,-1
719,3,1051,201,681,224,-1,0,0,-1
720,1,-2,80,863,387,-1,0,0,-1
720,2,569,350,279,93,-1,0,0,-1
720,3,1051,201,681,224,-1,0,0,-1
721,1,-1,82,859,386,-1,0,0,-1
721,2,568,350,279,93,-1,0,0,-1
721,3,1051,201,681,224,-1,0,0,-1
722,1,-3,80,864,387,-1,0,0,-1
722,2,567,350,279,93,-1,0,0,-1
722,3,1051,201,681,224,-1,0,0,-1
723,1,-2,82,858,385,-1,0,0,-1
723,2,567,350,278,92,-1,0,0,-1
723,3,1051,201,681,224,-1,0,0,-1
724,1,-5,81,860,386,-1,0,0,-1
724,2,566,350,278,93,-1,0,0,-1
724,3,1051,201,681,224,-1,0,0,-1
725,1,-7,77,862,391,-1,0,0,-1
725,2,565,350,278,92,-1,0,0,-1
725,3,1051,201,681,224,-1,0,0,-1
726,1,0,77,854,391,-1,0,0,-1
726,2,565,350,277,92,-1,0,0,-1
726,3,1051,201,681,224,-1,0,0,-1
727,1,0,77,854,391,-1,0,0,-1
727,2,564,351,275,92,-1,0,0,-1
727,3,1051,201,681,224,-1,0,0,-1
728,1,-1,77,854,390,-1,0,0,-1
728,2,563,350,277,92,-1,0,0,-1
728,3,1051,201,681,224,-1,0,0,-1
729,1,-1,78,853,390,-1,0,0,-1
729,2,562,350,277,92,-1,0,0,-1
729,3,1051,201,681,224,-1,0,0,-1
730,1,-1,78,851,389,-1,0,0,-1
730,2,561,350,276,92,-1,0,0,-1
730,3,1051,201,681,224,-1,0,0,-1
731,1,-1,78,850,389,-1,0,0,-1
731,2,559,350,277,92,-1,0,0,-1
731,3,1051,201,681,224,-1,0,0,-1
732,1,-1,79,849,388,-1,0,0,-1
732,2,559,350,276,92,-1,0,0,-1
732,3,1051,201,681,224,-1,0,0,-1
733,1,-1,79,848,388,-1,0,0,-1
733,2,559,350,275,91,-1,0,0,-1
733,3,1051,201,681,224,-1,0,0,-1
734,1,-2,79,847,388,-1,0,0,-1
734,2,558,350,275,91,-1,0,0,-1
734,3,1051,201,681,224,-1,0,0,-1
735,1,-2,80,846,387,-1,0,0,-1
735,2,557,350,275,91,-1,0,0,-1
735,3,1051,201,681,224,-1,0,0,-1
736,1,-2,80,845,386,-1,0,0,-1
736,2,556,350,275,91,-1,0,0,-1
736,3,1051,201,681,224,-1,0,0,-1
737,1,-2,80,844,386,-1,0,0,-1
737,2,556,350,274,91,-1,0,0,-1
737,3,1051,201,681,224,-1,0,0,-1
738,1,-2,81,843,386,-1,0,0,-1
738,2,555,350,274,91,-1,0,0,-1
738,3,1051,201,681,224,-1,0,0,-1
739,1,-2,82,841,384,-1,0,0,-1
739,2,554,350,273,91,-1,0,0,-1
739,3,1051,201,681,224,-1,0,0,-1
740,1,-1,82,839,384,-1,0,0,-1
740,2,553,350,273,91,-1,0,0,-1
740,3,1051,201,681,224,-1,0,0,-1
741,1,-4,81,841,385,-1,0,0,-1
741,2,552,350,273,91,-1,0,0,-1
741,3,1051,201,681,224,-1,0,0,-1
742,1,-7,80,845,386,-1,0,0,-1
742,2,552,350,272,90,-1,0,0,-1
742,3,1051,201,681,224,-1,0,0,-1
743,1,0,80,838,386,-1,0,0,-1
743,2,551,350,272,90,-1,0,0,-1
743,3,1051,201,681,224,-1,0,0,-1
744,1,0,80,837,386,-1,0,0,-1
744,2,551,350,271,90,-1,0,0,-1
744,3,1051,201,681,224,-1,0,0,-1
745,1,-1,80,837,385,-1,0,0,-1
745,2,550,350,271,90,-1,0,0,-1
745,3,1051,201,681,224,-1,0,0,-1
746,1,-1,80,837,385,-1,0,0,-1
746,2,549,350,271,90,-1,0,0,-1
746,3,1051,201,681,224,-1,0,0,-1
747,1,-1,81,836,385,-1,0,0,-1
747,2,548,350,270,89,-1,0,0,-1
747,3,1051,201,681,224,-1,0,0,-1
748,1,-1,82,832,383,-1,0,0,-1
748,2,547,350,270,89,-1,0,0,-1
748,3,1051,201,681,224,-1,0,0,-1
749,1,-2,80,839,386,-1,0,0,-1
749,2,547,350,269,89,-1,0,0,-1
749,3,1051,201,681,224,-1,0,0,-1
750,1,-2,82,831,383,-1,0,0,-1
750,2,546,350,270,89,-1,0,0,-1
750,3,1051,201,681,224,-1,0,0,-1
751,1,-2,82,830,383,-1,0,0,-1
751,2,545,350,270,89,-1,0,0,-1
751,3,1051,201,681,224,-1,0,0,-1
752,1,-3,79,840,387,-1,0,0,-1
752,2,544,350,269,89,-1,0,0,-1
752,3,1051,201,681,224,-1,0,0,-1
753,1,-3,82,830,382,-1,0,0,-1
753,2,543,350,269,89,-1,0,0,-1
753,3,1051,201,681,224,-1,0,0,-1
754,1,-4,82,830,382,-1,0,0,-1
754,2,542,350,269,89,-1,0,0,-1
754,3,1051,201,681,224,-1,0,0,-1
755,1,-1,84,825,380,-1,0,0,-1
755,2,542,350,268,89,-1,0,0,-1
755,3,1051,201,681,224,-1,0,0,-1
756,1,-3,84,826,380,-1,0,0,-1
756,2,541,350,268,89,-1,0,0,-1
756,3,1051,201,681,224,-1,0,0,-1
757,1,-5,83,828,381,-1,0,0,-1
757,2,540,350,268,89,-1,0,0,-1
757,3,1051,201,681,224,-1,0,0,-1
758,1,-6,83,828,382,-1,0,0,-1
758,2,539,350,267,88,-1,0,0,-1
758,3,1051,201,681,224,-1,0,0,-1
759,1,-6,83,827,381,-1,0,0,-1
759,2,538,350,267,88,-1,0,0,-1
759,3,1051,201,681,224,-1,0,0,-1
760,1,-8,83,828,381,-1,0,0,-1
760,2,538,350,267,88,-1,0,0,-1
760,3,1051,201,681,224,-1,0,0,-1
761,1,-8,83,828,381,-1,0,0,-1
761,2,537,350,267,88,-1,0,0,-1
761,3,1051,201,681,224,-1,0,0,-1
762,1,-9,83,827,381,-1,0,0,-1
762,2,536,350,266,88,-1,0,0,-1
762,3,1051,201,681,224,-1,0,0,-1
763,1,-10,83,827,381,-1,0,0,-1
763,2,535,350,266,88,-1,0,0,-1
763,3,1051,201,681,224,-1,0,0,-1
764,1,-10,84,826,380,-1,0,0,-1
764,2,534,350,266,88,-1,0,0,-1
764,3,1051,201,681,224,-1,0,0,-1
765,1,-10,84,825,380,-1,0,0,-1
765,2,534,350,266,88,-1,0,0,-1
765,3,1051,201,681,224,-1,0,0,-1
766,1,-11,84,825,380,-1,0,0,-1
766,2,533,350,265,88,-1,0,0,-1
766,3,1051,201,681,224,-1,0,0,-1
767,1,-11,84,825,380,-1,0,0,-1
767,2,532,350,265,88,-1,0,0,-1
767,3,1051,201,681,224,-1,0,0,-1
768,1,-11,84,824,380,-1,0,0,-1
768,2,532,351,264,87,-1,0,0,-1
768,3,1051,201,681,224,-1,0,0,-1
769,1,-11,84,824,380,-1,0,0,-1
769,2,530,350,265,88,-1,0,0,-1
769,3,1051,201,681,224,-1,0,0,-1
770,1,-12,84,824,379,-1,0,0,-1
770,2,530,350,264,87,-1,0,0,-1
770,3,1051,201,681,224,-1,0,0,-1
771,1,-12,85,820,378,-1,0,0,-1
771,2,529,350,264,87,-1,0,0,-1
771,3,1051,201,681,224,-1,0,0,-1
772,1,-12,85,820,378,-1,0,0,-1
772,2,528,350,264,87,-1,0,0,-1
772,3,1051,201,681,224,-1,0,0,-1
773,1,-12,86,819,377,-1,0,0,-1
773,2,528,351,263,87,-1,0,0,-1
773,3,1051,201,681,224,-1,0,0,-1
774,1,-13,86,819,377,-1,0,0,-1
774,2,528,351,262,87,-1,0,0,-1
774,3,1051,201,681,224,-1,0,0,-1
775,1,-13,86,819,377,-1,0,0,-1
775,2,526,350,263,87,-1,0,0,-1
775,3,1051,201,681,224,-1,0,0,-1
776,1,-14,86,819,377,-1,0,0,-1
776,2,525,350,263,87,-1,0,0,-1
776,3,1051,201,681,224,-1,0,0,-1
777,1,-15,86,818,377,-1,0,0,-1
777,2,525,350,262,87,-1,0,0,-1
777,3,1051,201,681,224,-1,0,0,-1
778,1,-15,86,817,377,-1,0,0,-1
778,2,524,351,261,86,-1,0,0,-1
778,3,1051,201,681,224,-1,0,0,-1
779,1,-15,86,817,376,-1,0,0,-1
779,2,523,350,262,87,-1,0,0,-1
779,3,1051,201,681,224,-1,0,0,-1
780,1,-15,86,817,376,-1,0,0,-1
780,2,522,351,261,86,-1,0,0,-1
780,3,1051,201,681,224,-1,0,0,-1
781,1,-15,86,817,376,-1,0,0,-1
781,2,521,350,262,87,-1,0,0,-1
781,3,1051,201,681,224,-1,0,0,-1
782,1,-15,87,816,376,-1,0,0,-1
782,2,521,350,261,86,-1,0,0,-1
782,3,1051,201,681,224,-1,0,0,-1
783,1,-15,87,816,376,-1,0,0,-1
783,2,521,351,260,86,-1,0,0,-1
783,3,1051,201,681,224,-1,0,0,-1
784,1,-16,87,816,376,-1,0,0,-1
784,2,519,351,261,86,-1,0,0,-1
784,3,1051,201,681,224,-1,0,0,-1
785,1,-16,87,816,376,-1,0,0,-1
785,2,518,351,260,86,-1,0,0,-1
785,3,1051,201,681,224,-1,0,0,-1
786,1,-16,87,815,376,-1,0,0,-1
786,2,519,351,258,85,-1,0,0,-1
786,3,1051,201,681,224,-1,0,0,-1
787,1,-16,87,815,375,-1,0,0,-1
787,2,517,351,259,86,-1,0,0,-1
787,3,1051,201,681,224,-1,0,0,-1
788,1,-16,87,815,375,-1,0,0,-1
788,2,516,351,260,86,-1,0,0,-1
788,3,1051,201,681,224,-1,0,0,-1
789,1,-16,87,815,375,-1,0,0,-1
789,2,512,350,263,87,-1,0,0,-1
789,3,1051,201,681,224,-1,0,0,-1
790,1,-16,87,803,375,-1,0,0,-1
790,2,515,351,259,86,-1,0,0,-1
790,3,1051,201,681,224,-1,0,0,-1
791,1,0,87,787,375,-1,0,0,-1
791,2,512,350,261,86,-1,0,0,-1
791,3,1051,201,681,224,-1,0,0,-1
792,1,0,87,786,375,-1,0,0,-1
792,2,513,351,258,85,-1,0,0,-1
792,3,1051,201,681,224,-1,0,0,-1
793,1,-1,87,786,374,-1,0,0,-1
793,2,513,351,258,85,-1,0,0,-1
793,3,1051,201,681,224,-1,0,0,-1
794,1,-1,87,787,375,-1,0,0,-1
794,2,512,351,256,85,-1,0,0,-1
794,3,1050,201,682,224,-1,0,0,-1
795,1,-1,88,785,374,-1,0,0,-1
795,2,507,350,262,87,-1,0,0,-1
795,3,1051,201,681,224,-1,0,0,-1
796,1,-1,88,783,373,-1,0,0,-1
796,2,510,351,258,85,-1,0,0,-1
796,3,1051,201,681,224,-1,0,0,-1
797,1,-1,89,782,373,-1,0,0,-1
797,2,509,351,257,85,-1,0,0,-1
797,3,1051,201,681,224,-1,0,0,-1
798,1,-2,89,781,372,-1,0,0,-1
798,2,508,351,257,85,-1,0,0,-1
798,3,1051,201,681,224,-1,0,0,-1
799,1,-3,87,787,375,-1,0,0,-1
799,2,508,351,257,85,-1,0,0,-1
799,3,1050,201,682,224,-1,0,0,-1
800,1,-2,90,779,371,-1,0,0,-1
800,2,507,351,256,85,-1,0,0,-1
800,3,1051,201,681,224,-1,0,0,-1
801,1,-2,90,778,371,-1,0,0,-1
801,2,506,351,257,85,-1,0,0,-1
801,3,1051,201,681,224,-1,0,0,-1
802,1,-5,89,781,372,-1,0,0,-1
802,2,505,351,256,85,-1,0,0,-1
802,3,1051,201,681,224,-1,0,0,-1
803,1,-1,91,775,369,-1,0,0,-1
803,2,504,351,256,85,-1,0,0,-1
803,3,1051,201,681,224,-1,0,0,-1
804,1,-6,89,780,371,-1,0,0,-1
804,2,504,351,255,84,-1,0,0,-1
804,3,1051,201,681,224,-1,0,0,-1
805,1,-6,89,780,371,-1,0,0,-1
805,2,500,350,259,86,-1,0,0,-1
805,3,1051,201,681,224,-1,0,0,-1
806,1,1,156,770,304,-1,0,0,-1
806,2,502,351,255,84,-1,0,0,-1
806,3,1051,201,681,224,-1,0,0,-1
807,1,1,156,770,304,-1,0,0,-1
807,2,502,351,254,84,-1,0,0,-1
807,3,1051,201,681,224,-1,0,0,-1
808,1,1,156,769,304,-1,0,0,-1
808,2,502,352,251,83,-1,0,0,-1
808,3,1051,201,681,224,-1,0,0,-1
809,1,0,156,770,304,-1,0,0,-1
809,2,500,351,254,84,-1,0,0,-1
809,3,1051,201,681,224,-1,0,0,-1
810,1,0,156,768,303,-1,0,0,-1
810,2,499,351,254,84,-1,0,0,-1
810,3,1051,201,681,224,-1,0,0,-1
811,1,0,157,767,303,-1,0,0,-1
811,2,499,351,252,83,-1,0,0,-1
811,3,1051,201,681,224,-1,0,0,-1
812,1,0,157,765,302,-1,0,0,-1
812,2,498,351,253,84,-1,0,0,-1
812,3,1051,201,681,224,-1,0,0,-1
813,1,0,157,766,302,-1,0,0,-1
813,2,499,351,252,83,-1,0,0,-1
813,3,1051,201,681,224,-1,0,0,-1
814,1,0,157,766,303,-1,0,0,-1
814,2,497,351,253,84,-1,0,0,-1
814,3,1051,201,681,224,-1,0,0,-1
815,1,0,158,763,301,-1,0,0,-1
815,2,496,351,252,84,-1,0,0,-1
815,3,1051,201,681,224,-1,0,0,-1
816,1,-1,158,762,301,-1,0,0,-1
816,2,495,351,252,83,-1,0,0,-1
816,3,1051,201,681,224,-1,0,0,-1
817,1,-2,180,760,280,-1,0,0,-1
817,2,494,351,252,84,-1,0,0,-1
817,3,1051,201,681,224,-1,0,0,-1
818,1,0,180,758,280,-1,0,0,-1
818,2,494,351,251,83,-1,0,0,-1
818,3,1051,201,681,224,-1,0,0,-1
819,1,0,180,757,280,-1,0,0,-1
819,2,493,351,250,83,-1,0,0,-1
819,3,1051,201,681,224,-1,0,0,-1
820,1,-1,180,757,280,-1,0,0,-1
820,2,492,351,251,83,-1,0,0,-1
820,3,1051,201,681,224,-1,0,0,-1
821,1,-1,180,757,279,-1,0,0,-1
821,2,491,351,251,83,-1,0,0,-1
821,3,1051,201,681,224,-1,0,0,-1
822,1,-1,181,754,279,-1,0,0,-1
822,2,491,352,249,82,-1,0,0,-1
822,3,1051,201,681,224,-1,0,0,-1
823,1,-1,180,756,279,-1,0,0,-1
823,2,490,351,251,83,-1,0,0,-1
823,3,1051,201,681,224,-1,0,0,-1
824,1,-2,180,756,279,-1,0,0,-1
824,2,487,350,254,85,-1,0,0,-1
824,3,1051,201,681,224,-1,0,0,-1
825,1,-2,181,752,278,-1,0,0,-1
825,2,486,350,254,85,-1,0,0,-1
825,3,1051,201,681,224,-1,0,0,-1
826,1,-2,181,752,278,-1,0,0,-1
826,2,486,350,253,85,-1,0,0,-1
826,3,1051,201,681,224,-1,0,0,-1
827,1,-6,179,753,281,-1,0,0,-1
827,2,485,350,253,85,-1,0,0,-1
827,3,1051,201,681,224,-1,0,0,-1
828,1,0,179,747,281,-1,0,0,-1
828,2,484,350,253,85,-1,0,0,-1
828,3,1051,201,681,224,-1,0,0,-1
829,1,0,179,746,281,-1,0,0,-1
829,2,484,350,253,85,-1,0,0,-1
829,3,1051,201,681,224,-1,0,0,-1
830,1,-1,179,746,280,-1,0,0,-1
830,2,483,350,252,84,-1,0,0,-1
830,3,1051,201,681,224,-1,0,0,-1
831,1,-1,179,745,280,-1,0,0,-1
831,2,482,350,252,84,-1,0,0,-1
831,3,1051,201,681,224,-1,0,0,-1
832,1,-1,180,744,280,-1,0,0,-1
832,2,481,350,252,84,-1,0,0,-1
832,3,1051,201,681,224,-1,0,0,-1
833,1,-1,180,744,280,-1,0,0,-1
833,2,481,350,251,84,-1,0,0,-1
833,3,1051,201,681,224,-1,0,0,-1
834,1,-1,180,742,279,-1,0,0,-1
834,2,480,350,251,84,-1,0,0,-1
834,3,1051,201,681,224,-1,0,0,-1
835,1,-2,180,741,279,-1,0,0,-1
835,2,479,350,251,84,-1,0,0,-1
835,3,1051,201,681,224,-1,0,0,-1
836,1,-3,180,742,279,-1,0,0,-1
836,2,479,350,251,84,-1,0,0,-1
836,3,1051,201,681,224,-1,0,0,-1
837,1,-3,180,741,279,-1,0,0,-1
837,2,478,350,250,84,-1,0,0,-1
837,3,1051,201,681,224,-1,0,0,-1
838,1,-4,191,743,269,-1,0,0,-1
838,2,477,350,250,84,-1,0,0,-1
838,3,1051,201,681,224,-1,0,0,-1
839,1,0,191,739,269,-1,0,0,-1
839,2,477,350,250,84,-1,0,0,-1
839,3,1051,201,681,224,-1,0,0,-1
840,1,-1,191,738,269,-1,0,0,-1
840,2,476,350,250,84,-1,0,0,-1
840,3,1051,201,681,224,-1,0,0,-1
841,1,-1,191,738,269,-1,0,0,-1
841,2,475,350,250,84,-1,0,0,-1
841,3,1051,201,681,224,-1,0,0,-1
842,1,-1,191,737,268,-1,0,0,-1
842,2,475,350,249,83,-1,0,0,-1
842,3,1051,201,681,224,-1,0,0,-1
843,1,-1,191,737,268,-1,0,0,-1
843,2,474,350,249,83,-1,0,0,-1
843,3,1051,201,681,224,-1,0,0,-1
844,1,-2,191,737,268,-1,0,0,-1
844,2,473,350,249,83,-1,0,0,-1
844,3,1051,201,681,224,-1,0,0,-1
845,1,-1,192,734,267,-1,0,0,-1
845,2,472,350,249,83,-1,0,0,-1
845,3,1051,201,681,224,-1,0,0,-1
846,1,-2,192,734,267,-1,0,0,-1
846,2,471,350,249,83,-1,0,0,-1
846,3,1051,201,682,224,-1,0,0,-1
847,1,-2,192,733,267,-1,0,0,-1
847,2,471,350,249,83,-1,0,0,-1
847,3,1051,201,681,224,-1,0,0,-1
848,1,-4,191,729,269,-1,0,0,-1
848,2,470,350,248,83,-1,0,0,-1
848,3,1051,201,681,224,-1,0,0,-1
849,1,0,191,725,269,-1,0,0,-1
849,2,469,350,248,83,-1,0,0,-1
849,3,1051,201,681,224,-1,0,0,-1
850,1,-1,191,725,269,-1,0,0,-1
850,2,469,350,248,83,-1,0,0,-1
850,3,1051,201,681,224,-1,0,0,-1
851,1,-1,191,724,269,-1,0,0,-1
851,2,468,350,248,83,-1,0,0,-1
851,3,1051,201,681,224,-1,0,0,-1
852,1,-1,191,724,269,-1,0,0,-1
852,2,467,350,248,83,-1,0,0,-1
852,3,1051,201,681,224,-1,0,0,-1
853,1,-2,191,726,269,-1,0,0,-1
853,2,467,350,248,83,-1,0,0,-1
853,3,1051,201,681,224,-1,0,0,-1
854,1,-2,191,724,268,-1,0,0,-1
854,2,466,350,248,83,-1,0,0,-1
854,3,1051,201,681,224,-1,0,0,-1
855,1,-2,191,726,269,-1,0,0,-1
855,2,465,350,248,83,-1,0,0,-1
855,3,1051,201,681,224,-1,0,0,-1
856,1,-2,192,720,267,-1,0,0,-1
856,2,464,350,248,83,-1,0,0,-1
856,3,1051,201,681,224,-1,0,0,-1
857,1,-2,192,722,268,-1,0,0,-1
857,2,463,350,249,83,-1,0,0,-1
857,3,1051,201,681,224,-1,0,0,-1
858,1,-4,190,719,270,-1,0,0,-1
858,2,463,350,247,83,-1,0,0,-1
858,3,1051,201,681,224,-1,0,0,-1
859,1,0,190,715,270,-1,0,0,-1
859,2,463,350,247,83,-1,0,0,-1
859,3,1051,201,681,224,-1,0,0,-1
860,1,-1,190,715,270,-1,0,0,-1
860,2,462,350,247,83,-1,0,0,-1
860,3,1051,201,681,224,-1,0,0,-1
861,1,-1,190,714,270,-1,0,0,-1
861,2,461,350,247,83,-1,0,0,-1
861,3,1051,201,681,224,-1,0,0,-1
862,1,-1,190,714,269,-1,0,0,-1
862,2,460,350,247,83,-1,0,0,-1
862,3,1051,201,681,224,-1,0,0,-1
863,1,-1,190,713,269,-1,0,0,-1
863,2,460,350,246,82,-1,0,0,-1
863,3,1051,201,681,224,-1,0,0,-1
864,1,-2,190,713,269,-1,0,0,-1
864,2,459,350,246,82,-1,0,0,-1
864,3,1051,201,681,224,-1,0,0,-1
865,1,-2,190,713,269,-1,0,0,-1
865,2,458,350,247,83,-1,0,0,-1
865,3,1051,201,681,224,-1,0,0,-1
866,1,-2,191,712,269,-1,0,0,-1
866,2,458,350,246,82,-1,0,0,-1
866,3,1051,201,681,224,-1,0,0,-1
867,1,-2,191,710,268,-1,0,0,-1
867,2,457,350,246,82,-1,0,0,-1
867,3,1051,201,681,224,-1,0,0,-1
868,1,-3,191,709,268,-1,0,0,-1
868,2,455,350,247,83,-1,0,0,-1
868,3,1051,201,681,224,-1,0,0,-1
869,1,-4,194,712,256,-1,0,0,-1
869,2,456,350,245,82,-1,0,0,-1
869,3,1051,201,681,224,-1,0,0,-1
870,1,0,194,708,256,-1,0,0,-1
870,2,455,350,246,82,-1,0,0,-1
870,3,1051,201,681,224,-1,0,0,-1
871,1,-1,194,708,256,-1,0,0,-1
871,2,455,350,245,82,-1,0,0,-1
871,3,1051,201,681,224,-1,0,0,-1
872,1,-1,194,707,256,-1,0,0,-1
872,2,453,350,246,82,-1,0,0,-1
872,3,1051,201,681,224,-1,0,0,-1
873,1,-1,194,706,255,-1,0,0,-1
873,2,453,350,245,82,-1,0,0,-1
873,3,1051,201,681,224,-1,0,0,-1
874,1,-2,194,707,256,-1,0,0,-1
874,2,452,350,245,82,-1,0,0,-1
874,3,1051,201,681,224,-1,0,0,-1
875,1,-1,195,705,255,-1,0,0,-1
875,2,452,350,244,82,-1,0,0,-1
875,3,1051,201,681,224,-1,0,0,-1
876,1,-2,194,707,256,-1,0,0,-1
876,2,451,350,245,82,-1,0,0,-1
876,3,1051,201,681,224,-1,0,0,-1
877,1,-3,194,708,256,-1,0,0,-1
877,2,450,350,245,82,-1,0,0,-1
877,3,1051,201,681,224,-1,0,0,-1
878,1,-4,195,705,255,-1,0,0,-1
878,2,450,350,244,82,-1,0,0,-1
878,3,1051,201,681,224,-1,0,0,-1
879,1,-1,196,700,253,-1,0,0,-1
879,2,449,350,244,82,-1,0,0,-1
879,3,1051,201,681,224,-1,0,0,-1
880,1,-5,195,704,255,-1,0,0,-1
880,2,448,350,245,82,-1,0,0,-1
880,3,1051,201,681,224,-1,0,0,-1
881,1,-5,195,704,254,-1,0,0,-1
881,2,447,350,244,82,-1,0,0,-1
881,3,1051,201,681,224,-1,0,0,-1
882,1,-6,195,703,254,-1,0,0,-1
882,2,446,350,245,82,-1,0,0,-1
882,3,1051,201,681,224,-1,0,0,-1
883,1,-4,196,700,253,-1,0,0,-1
883,2,446,350,244,82,-1,0,0,-1
883,3,1051,201,681,224,-1,0,0,-1
884,1,-5,196,701,253,-1,0,0,-1
884,2,445,350,244,82,-1,0,0,-1
884,3,1051,201,681,224,-1,0,0,-1
885,1,-7,195,702,254,-1,0,0,-1
885,2,445,350,244,81,-1,0,0,-1
885,3,1051,201,681,224,-1,0,0,-1
886,1,-8,195,702,254,-1,0,0,-1
886,2,444,350,244,82,-1,0,0,-1
886,3,1051,201,681,224,-1,0,0,-1
887,1,-8,195,702,254,-1,0,0,-1
887,2,443,350,244,82,-1,0,0,-1
887,3,1051,201,681,224,-1,0,0,-1
888,1,-9,195,701,254,-1,0,0,-1
888,2,443,350,243,81,-1,0,0,-1
888,3,1051,201,681,224,-1,0,0,-1
889,1,-9,196,701,253,-1,0,0,-1
889,2,442,350,243,81,-1,0,0,-1
889,3,1051,201,681,224,-1,0,0,-1
890,1,-10,196,700,253,-1,0,0,-1
890,2,441,350,243,81,-1,0,0,-1
890,3,1051,201,681,224,-1,0,0,-1
891,1,-10,196,700,253,-1,0,0,-1
891,2,440,350,243,81,-1,0,0,-1
891,3,1051,201,681,224,-1,0,0,-1
892,1,-10,205,700,244,-1,0,0,-1
892,2,440,350,243,81,-1,0,0,-1
892,3,1051,201,681,224,-1,0,0,-1
893,1,0,205,690,244,-1,0,0,-1
893,2,439,350,243,81,-1,0,0,-1
893,3,1051,201,681,224,-1,0,0,-1
894,1,-1,205,689,244,-1,0,0,-1
894,2,438,350,242,81,-1,0,0,-1
894,3,1051,201,681,224,-1,0,0,-1
895,1,-1,205,690,244,-1,0,0,-1
895,2,439,350,241,81,-1,0,0,-1
895,3,1051,201,681,224,-1,0,0,-1
896,1,-1,205,689,244,-1,0,0,-1
896,2,437,350,242,81,-1,0,0,-1
896,3,1051,201,681,224,-1,0,0,-1
897,1,-2,205,688,243,-1,0,0,-1
897,2,436,350,242,81,-1,0,0,-1
897,3,1051,201,681,224,-1,0,0,-1
898,1,-2,206,687,243,-1,0,0,-1
898,2,435,350,242,81,-1,0,0,-1
898,3,1051,201,681,224,-1,0,0,-1
899,1,-2,205,688,243,-1,0,0,-1
899,2,435,350,242,81,-1,0,0,-1
899,3,1051,201,681,224,-1,0,0,-1
900,1,-3,205,689,244,-1,0,0,-1
900,2,434,350,242,81,-1,0,0,-1
900,3,1051,201,681,224,-1,0,0,-1
901,1,-4,205,691,244,-1,0,0,-1
901,2,434,350,241,81,-1,0,0,-1
901,3,1051,201,681,224,-1,0,0,-1
902,1,-4,206,686,243,-1,0,0,-1
902,2,433,350,241,81,-1,0,0,-1
902,3,1051,201,681,224,-1,0,0,-1
903,1,-4,206,685,242,-1,0,0,-1
903,2,432,350,241,81,-1,0,0,-1
903,3,1051,201,681,224,-1,0,0,-1
904,1,-6,206,686,243,-1,0,0,-1
904,2,432,350,241,81,-1,0,0,-1
904,3,1051,201,681,224,-1,0,0,-1
905,1,-6,206,685,242,-1,0,0,-1
905,2,431,350,241,81,-1,0,0,-1
905,3,1051,201,681,224,-1,0,0,-1
906,1,-6,206,685,242,-1,0,0,-1
906,2,430,350,241,81,-1,0,0,-1
906,3,1051,201,681,224,-1,0,0,-1
907,1,-7,206,685,242,-1,0,0,-1
907,2,429,350,241,81,-1,0,0,-1
907,3,1051,201,681,224,-1,0,0,-1
908,1,-7,206,684,242,-1,0,0,-1
908,2,429,350,241,81,-1,0,0,-1
908,3,1051,201,681,224,-1,0,0,-1
909,1,-8,206,684,242,-1,0,0,-1
909,2,428,350,241,81,-1,0,0,-1
909,3,1051,201,681,224,-1,0,0,-1
910,1,-8,206,684,242,-1,0,0,-1
910,2,427,350,240,80,-1,0,0,-1
910,3,1051,201,681,224,-1,0,0,-1
911,1,-9,206,684,242,-1,0,0,-1
911,2,428,350,238,80,-1,0,0,-1
911,3,1051,201,681,224,-1,0,0,-1
912,1,-9,206,683,242,-1,0,0,-1
912,2,427,350,239,80,-1,0,0,-1
912,3,1051,201,681,224,-1,0,0,-1
913,1,-10,206,683,241,-1,0,0,-1
913,2,425,350,240,80,-1,0,0,-1
913,3,1051,201,681,224,-1,0,0,-1
914,1,-10,206,682,241,-1,0,0,-1
914,2,425,350,240,80,-1,0,0,-1
914,3,1051,201,681,224,-1,0,0,-1
915,1,-11,207,682,241,-1,0,0,-1
915,2,424,350,240,80,-1,0,0,-1
915,3,1051,201,681,224,-1,0,0,-1
916,1,-11,207,682,241,-1,0,0,-1
916,2,425,350,237,79,-1,0,0,-1
916,3,1051,201,681,224,-1,0,0,-1
917,1,-12,207,681,241,-1,0,0,-1
917,2,422,349,240,80,-1,0,0,-1
917,3,1051,201,681,224,-1,0,0,-1
918,1,-12,207,681,241,-1,0,0,-1
918,2,422,350,240,80,-1,0,0,-1
918,3,1051,201,681,224,-1,0,0,-1
919,1,-13,207,681,241,-1,0,0,-1
919,2,421,350,240,80,-1,0,0,-1
919,3,1051,201,681,224,-1,0,0,-1
920,1,-13,207,680,241,-1,0,0,-1
920,2,420,349,240,80,-1,0,0,-1
920,3,1051,201,681,224,-1,0,0,-1
921,1,-13,207,680,241,-1,0,0,-1
921,2,420,349,239,80,-1,0,0,-1
921,3,1051,201,681,224,-1,0,0,-1
922,1,-14,207,680,240,-1,0,0,-1
922,2,419,349,239,80,-1,0,0,-1
922,3,1051,201,681,224,-1,0,0,-1
923,1,-14,207,679,240,-1,0,0,-1
923,2,418,349,239,80,-1,0,0,-1
923,3,1051,201,681,224,-1,0,0,-1
924,1,-15,207,679,240,-1,0,0,-1
924,2,418,349,239,80,-1,0,0,-1
924,3,1051,201,681,224,-1,0,0,-1
925,1,-15,207,679,240,-1,0,0,-1
925,2,417,349,239,80,-1,0,0,-1
925,3,1051,201,681,224,-1,0,0,-1
926,1,-16,207,678,240,-1,0,0,-1
926,2,416,349,238,80,-1,0,0,-1
926,3,1051,201,681,224,-1,0,0,-1
927,1,-16,207,678,240,-1,0,0,-1
927,2,416,349,238,80,-1,0,0,-1
927,3,1051,201,681,224,-1,0,0,-1
928,1,-17,207,677,240,-1,0,0,-1
928,2,415,349,238,80,-1,0,0,-1
928,3,1051,201,681,224,-1,0,0,-1
929,1,-17,207,677,239,-1,0,0,-1
929,2,414,349,238,80,-1,0,0,-1
929,3,1051,201,681,224,-1,0,0,-1
930,1,-17,208,675,239,-1,0,0,-1
930,2,414,349,238,80,-1,0,0,-1
930,3,1051,201,681,224,-1,0,0,-1
931,1,-18,208,676,239,-1,0,0,-1
931,2,413,349,238,80,-1,0,0,-1
931,3,1051,201,681,224,-1,0,0,-1
932,1,-18,208,676,239,-1,0,0,-1
932,2,412,349,238,80,-1,0,0,-1
932,3,1051,201,681,224,-1,0,0,-1
933,1,-19,208,676,239,-1,0,0,-1
933,2,412,349,237,79,-1,0,0,-1
933,3,1051,201,681,224,-1,0,0,-1
934,1,-19,208,675,239,-1,0,0,-1
934,2,414,349,235,80,-1,0,0,-1
934,3,1051,201,681,224,-1,0,0,-1
935,1,-19,208,675,239,-1,0,0,-1
935,2,413,349,238,80,-1,0,0,-1
935,3,1051,201,681,224,-1,0,0,-1
936,1,-20,208,675,239,-1,0,0,-1
936,2,412,349,238,80,-1,0,0,-1
936,3,1051,201,681,224,-1,0,0,-1
937,1,-20,208,674,238,-1,0,0,-1
937,2,412,349,238,80,-1,0,0,-1
937,3,1051,201,681,224,-1,0,0,-1
938,1,-21,208,674,238,-1,0,0,-1
938,2,411,349,238,80,-1,0,0,-1
938,3,1051,201,681,224,-1,0,0,-1
939,1,-21,208,674,238,-1,0,0,-1
939,2,411,349,237,80,-1,0,0,-1
939,3,1051,201,681,224,-1,0,0,-1
940,1,-22,208,673,238,-1,0,0,-1
940,2,410,349,237,80,-1,0,0,-1
940,3,1051,201,681,224,-1,0,0,-1
941,1,-22,208,673,238,-1,0,0,-1
941,2,409,349,237,80,-1,0,0,-1
941,3,1051,201,681,224,-1,0,0,-1
942,1,-23,208,673,238,-1,0,0,-1
942,2,409,349,237,80,-1,0,0,-1
942,3,1051,201,681,224,-1,0,0,-1
943,1,-23,208,672,238,-1,0,0,-1
943,2,408,349,237,80,-1,0,0,-1
943,3,1051,201,681,224,-1,0,0,-1
944,1,-24,208,672,238,-1,0,0,-1
944,2,407,349,237,80,-1,0,0,-1
944,3,1051,201,681,224,-1,0,0,-1
945,1,-24,208,672,238,-1,0,0,-1
945,2,407,349,236,79,-1,0,0,-1
945,3,1051,201,681,224,-1,0,0,-1
946,1,-25,209,671,237,-1,0,0,-1
946,2,406,349,236,79,-1,0,0,-1
946,3,1051,201,681,224,-1,0,0,-1
947,1,-25,208,672,237,-1,0,0,-1
947,2,405,349,236,79,-1,0,0,-1
947,3,1051,201,681,224,-1,0,0,-1
948,1,-26,209,671,237,-1,0,0,-1
948,2,405,349,236,79,-1,0,0,-1
948,3,1051,201,681,224,-1,0,0,-1
949,1,-26,209,671,237,-1,0,0,-1
949,2,404,349,236,79,-1,0,0,-1
949,3,1051,201,681,224,-1,0,0,-1
950,1,-27,209,671,237,-1,0,0,-1
950,2,403,349,236,79,-1,0,0,-1
950,3,1051,201,681,224,-1,0,0,-1
951,1,-27,209,670,237,-1,0,0,-1
951,2,403,349,236,79,-1,0,0,-1
951,3,1051,201,681,224,-1,0,0,-1
952,1,-27,209,670,237,-1,0,0,-1
952,2,402,349,236,79,-1,0,0,-1
952,3,1051,201,681,224,-1,0,0,-1
953,1,-28,209,670,237,-1,0,0,-1
953,2,401,349,236,79,-1,0,0,-1
953,3,1051,201,681,224,-1,0,0,-1
954,1,-28,209,669,237,-1,0,0,-1
954,2,401,349,236,79,-1,0,0,-1
954,3,1051,201,681,224,-1,0,0,-1
955,1,-29,209,669,237,-1,0,0,-1
955,2,400,349,236,79,-1,0,0,-1
955,3,1051,201,681,224,-1,0,0,-1
956,1,-30,209,669,237,-1,0,0,-1
956,2,399,349,235,79,-1,0,0,-1
956,3,1051,201,681,224,-1,0,0,-1
957,1,-30,209,669,236,-1,0,0,-1
957,2,399,349,235,79,-1,0,0,-1
957,3,1051,201,681,224,-1,0,0,-1
958,1,-30,209,668,236,-1,0,0,-1
958,2,398,349,235,79,-1,0,0,-1
958,3,1051,201,681,224,-1,0,0,-1
959,1,-31,209,668,236,-1,0,0,-1
959,2,397,349,235,79,-1,0,0,-1
959,3,1051,201,681,224,-1,0,0,-1
960,1,-31,209,667,236,-1,0,0,-1
960,2,397,349,235,79,-1,0,0,-1
960,3,1051,201,681,224,-1,0,0,-1
961,1,-32,209,668,236,-1,0,0,-1
961,2,396,349,235,79,-1,0,0,-1
961,3,1051,201,681,224,-1,0,0,-1
962,1,-32,209,666,236,-1,0,0,-1
962,2,396,349,234,79,-1,0,0,-1
962,3,1051,201,681,224,-1,0,0,-1
963,1,-32,210,666,235,-1,0,0,-1
963,2,395,349,234,79,-1,0,0,-1
963,3,1051,201,681,224,-1,0,0,-1
964,1,-32,210,665,235,-1,0,0,-1
964,2,394,349,234,79,-1,0,0,-1
964,3,1051,201,681,224,-1,0,0,-1
965,1,-32,210,664,235,-1,0,0,-1
965,2,394,349,234,79,-1,0,0,-1
965,3,1051,201,681,224,-1,0,0,-1
966,1,-34,210,665,235,-1,0,0,-1
966,2,393,349,234,79,-1,0,0,-1
966,3,1051,201,681,224,-1,0,0,-1
967,1,-34,210,665,235,-1,0,0,-1
967,2,392,349,233,78,-1,0,0,-1
967,3,1051,201,681,224,-1,0,0,-1
968,1,-34,210,664,235,-1,0,0,-1
968,2,392,349,233,78,-1,0,0,-1
968,3,1051,201,681,224,-1,0,0,-1
969,1,-34,210,663,234,-1,0,0,-1
969,2,391,349,233,78,-1,0,0,-1
969,3,1051,201,681,224,-1,0,0,-1
970,1,-35,210,663,234,-1,0,0,-1
970,2,390,349,233,78,-1,0,0,-1
970,3,1051,201,681,224,-1,0,0,-1
971,1,-35,210,662,234,-1,0,0,-1
971,2,390,349,232,78,-1,0,0,-1
971,3,1051,201,681,224,-1,0,0,-1
972,1,-36,210,661,234,-1,0,0,-1
972,2,389,349,233,78,-1,0,0,-1
972,3,1051,201,681,224,-1,0,0,-1
973,1,-36,210,661,234,-1,0,0,-1
973,2,388,349,232,78,-1,0,0,-1
973,3,1051,201,681,224,-1,0,0,-1
974,1,-37,210,662,234,-1,0,0,-1
974,2,387,349,232,78,-1,0,0,-1
974,3,1051,201,681,224,-1,0,0,-1
975,1,-37,210,661,234,-1,0,0,-1
975,2,387,349,231,78,-1,0,0,-1
975,3,1051,201,681,224,-1,0,0,-1
976,1,-38,210,660,234,-1,0,0,-1
976,2,386,349,231,78,-1,0,0,-1
976,3,1051,201,681,224,-1,0,0,-1
977,1,-38,211,659,233,-1,0,0,-1
977,2,385,349,231,78,-1,0,0,-1
977,3,1051,201,681,224,-1,0,0,-1
978,1,-38,211,659,233,-1,0,0,-1
978,2,385,349,231,78,-1,0,0,-1
978,3,1051,201,681,224,-1,0,0,-1
979,1,-38,211,659,233,-1,0,0,-1
979,2,384,349,231,78,-1,0,0,-1
979,3,1051,201,681,224,-1,0,0,-1
980,1,-39,211,659,233,-1,0,0,-1
980,2,384,349,230,77,-1,0,0,-1
980,3,1051,201,681,224,-1,0,0,-1
981,1,-40,211,658,233,-1,0,0,-1
981,2,383,349,230,77,-1,0,0,-1
981,3,1051,201,681,224,-1,0,0,-1
982,1,-40,211,657,232,-1,0,0,-1
982,2,383,349,228,77,-1,0,0,-1
982,3,1051,201,681,224,-1,0,0,-1
983,1,-38,212,654,231,-1,0,0,-1
983,2,382,349,229,77,-1,0,0,-1
983,3,1051,201,681,224,-1,0,0,-1
984,1,-41,211,657,232,-1,0,0,-1
984,2,381,349,229,77,-1,0,0,-1
984,3,1051,201,681,224,-1,0,0,-1
985,1,-41,211,656,232,-1,0,0,-1
985,2,381,349,228,77,-1,0,0,-1
985,3,1051,201,681,224,-1,0,0,-1
986,1,-40,212,654,231,-1,0,0,-1
986,2,379,349,229,77,-1,0,0,-1
986,3,1051,201,681,224,-1,0,0,-1
987,1,-40,212,653,231,-1,0,0,-1
987,2,378,349,229,77,-1,0,0,-1
987,3,1051,201,681,224,-1,0,0,-1
988,1,-42,212,654,231,-1,0,0,-1
988,2,379,349,227,76,-1,0,0,-1
988,3,1051,201,681,224,-1,0,0,-1
989,1,-43,212,655,232,-1,0,0,-1
989,2,378,349,227,76,-1,0,0,-1
989,3,1051,201,681,224,-1,0,0,-1
990,1,-41,212,651,230,-1,0,0,-1
990,2,378,349,226,76,-1,0,0,-1
990,3,1051,201,681,224,-1,0,0,-1
991,1,-44,212,654,231,-1,0,0,-1
991,2,377,350,226,76,-1,0,0,-1
991,3,1051,201,681,224,-1,0,0,-1
992,1,-45,211,656,232,-1,0,0,-1
992,2,374,349,229,77,-1,0,0,-1
992,3,1051,201,681,224,-1,0,0,-1
993,1,-45,212,653,231,-1,0,0,-1
993,2,375,349,227,76,-1,0,0,-1
993,3,1051,201,681,224,-1,0,0,-1
994,1,-42,213,649,230,-1,0,0,-1
994,2,375,350,225,76,-1,0,0,-1
994,3,1051,201,681,224,-1,0,0,-1
995,1,-43,213,649,229,-1,0,0,-1
995,2,374,349,226,76,-1,0,0,-1
995,3,1051,201,681,224,-1,0,0,-1
996,1,-43,213,649,229,-1,0,0,-1
996,2,374,350,225,75,-1,0,0,-1
996,3,1051,201,681,224,-1,0,0,-1
997,1,-43,213,648,229,-1,0,0,-1
997,2,372,349,226,76,-1,0,0,-1
997,3,1051,201,681,224,-1,0,0,-1
998,1,-44,213,648,229,-1,0,0,-1
998,2,373,350,223,75,-1,0,0,-1
998,3,1051,201,681,224,-1,0,0,-1
999,1,-44,213,648,229,-1,0,0,-1
999,2,371,350,224,75,-1,0,0,-1
999,3,1051,201,681,224,-1,0,0,-1
1000,1,-47,213,650,230,-1,0,0,-1
1000,2,370,349,225,76,-1,0,0,-1
1000,3,1051,201,681,224,-1,0,0,-1
1001,1,-48,213,649,230,-1,0,0,-1
1001,2,367,349,228,77,-1,0,0,-1
1001,3,1051,201,681,224,-1,0,0,-1
1002,1,-48,213,649,230,-1,0,0,-1
1002,2,366,349,228,77,-1,0,0,-1
1002,3,1051,201,681,224,-1,0,0,-1
1003,1,-48,213,649,229,-1,0,0,-1
1003,2,368,349,224,75,-1,0,0,-1
1003,3,1051,201,681,224,-1,0,0,-1
1004,1,-48,213,649,229,-1,0,0,-1
1004,2,369,350,222,75,-1,0,0,-1
1004,3,1051,201,681,224,-1,0,0,-1
1005,1,-49,213,648,229,-1,0,0,-1
1005,2,368,350,225,74,-1,0,0,-1
1005,3,1051,201,681,224,-1,0,0,-1
1006,1,-49,213,648,229,-1,0,0,-1
1006,2,367,350,225,74,-1,0,0,-1
1006,3,1051,201,681,224,-1,0,0,-1
1007,1,-49,213,647,229,-1,0,0,-1
1007,2,367,350,224,74,-1,0,0,-1
1007,3,1051,201,681,224,-1,0,0,-1
1008,1,-49,213,647,229,-1,0,0,-1
1008,2,366,350,224,74,-1,0,0,-1
1008,3,1051,201,681,224,-1,0,0,-1
1009,1,-49,213,647,229,-1,0,0,-1
1009,2,366,350,223,73,-1,0,0,-1
1009,3,1051,201,681,224,-1,0,0,-1
1010,1,-50,213,646,229,-1,0,0,-1
1010,2,365,350,223,73,-1,0,0,-1
1010,3,1051,201,681,224,-1,0,0,-1
1011,1,-50,213,646,228,-1,0,0,-1
1011,2,364,350,223,73,-1,0,0,-1
1011,3,1051,201,681,224,-1,0,0,-1
1012,1,-50,213,646,228,-1,0,0,-1
1012,2,364,350,222,73,-1,0,0,-1
1012,3,1051,201,681,224,-1,0,0,-1
1013,1,-50,213,646,228,-1,0,0,-1
1013,2,363,350,222,73,-1,0,0,-1
1013,3,1051,201,681,224,-1,0,0,-1
1014,1,-51,213,645,228,-1,0,0,-1
1014,2,362,350,222,73,-1,0,0,-1
1014,3,1051,201,681,224,-1,0,0,-1
1015,1,-51,214,645,228,-1,0,0,-1
1015,2,362,350,221,73,-1,0,0,-1
1015,3,1051,201,681,224,-1,0,0,-1
1016,1,-51,214,645,228,-1,0,0,-1
1016,2,361,350,221,73,-1,0,0,-1
1016,3,1051,201,681,224,-1,0,0,-1
1017,1,-51,214,645,228,-1,0,0,-1
1017,2,360,348,226,77,-1,0,0,-1
1017,3,1051,201,681,224,-1,0,0,-1
1018,1,-52,214,645,228,-1,0,0,-1
1018,2,359,348,226,77,-1,0,0,-1
1018,3,1051,201,681,224,-1,0,0,-1
1019,1,-52,214,644,228,-1,0,0,-1
1019,2,359,348,225,77,-1,0,0,-1
1019,3,1051,201,682,224,-1,0,0,-1
1020,1,-52,214,644,228,-1,0,0,-1
1020,2,358,348,225,77,-1,0,0,-1
1020,3,1051,201,681,224,-1,0,0,-1
1021,1,-52,214,644,228,-1,0,0,-1
1021,2,358,348,225,76,-1,0,0,-1
1021,3,1051,201,681,224,-1,0,0,-1
1022,1,-52,214,644,228,-1,0,0,-1
1022,2,357,348,224,76,-1,0,0,-1
1022,3,1051,201,681,224,-1,0,0,-1
1023,1,-53,214,643,227,-1,0,0,-1
1023,2,356,348,224,76,-1,0,0,-1
1023,3,1051,201,681,224,-1,0,0,-1
1024,1,-53,214,643,227,-1,0,0,-1
1024,2,356,348,224,76,-1,0,0,-1
1024,3,1051,201,682,224,-1,0,0,-1
1025,1,-53,214,643,227,-1,0,0,-1
1025,2,355,348,223,76,-1,0,0,-1
1025,3,1051,201,681,224,-1,0,0,-1
1026,1,-53,214,642,227,-1,0,0,-1
1026,2,354,348,223,76,-1,0,0,-1
1026,3,1051,201,681,224,-1,0,0,-1
1027,1,-54,214,642,227,-1,0,0,-1
1027,2,354,348,223,76,-1,0,0,-1
1027,3,1051,201,681,224,-1,0,0,-1
1028,1,-54,214,642,227,-1,0,0,-1
1028,2,353,348,222,76,-1,0,0,-1
1028,3,1051,201,681,224,-1,0,0,-1
1029,1,-54,214,642,227,-1,0,0,-1
1029,2,353,348,222,76,-1,0,0,-1
1029,3,1051,201,681,224,-1,0,0,-1
1030,1,-54,214,642,227,-1,0,0,-1
1030,2,352,348,221,75,-1,0,0,-1
1030,3,1051,201,681,224,-1,0,0,-1
1031,1,-55,214,642,227,-1,0,0,-1
1031,2,351,348,221,75,-1,0,0,-1
1031,3,1051,201,681,224,-1,0,0,-1
1032,1,-55,214,641,227,-1,0,0,-1
1032,2,351,348,221,75,-1,0,0,-1
1032,3,1051,201,681,224,-1,0,0,-1
1033,1,-55,214,641,227,-1,0,0,-1
1033,2,350,348,221,75,-1,0,0,-1
1033,3,1051,201,681,224,-1,0,0,-1
1034,1,-55,215,641,227,-1,0,0,-1
1034,2,349,348,220,75,-1,0,0,-1
1034,3,1051,201,681,224,-1,0,0,-1
1035,1,-56,215,641,227,-1,0,0,-1
1035,2,349,349,220,75,-1,0,0,-1
1035,3,1051,201,681,224,-1,0,0,-1
1036,1,-56,215,641,227,-1,0,0,-1
1036,2,348,348,220,75,-1,0,0,-1
1036,3,1051,201,681,224,-1,0,0,-1
1037,1,-56,215,641,227,-1,0,0,-1
1037,2,348,349,220,75,-1,0,0,-1
1037,3,1051,201,681,224,-1,0,0,-1
1038,1,-56,215,628,226,-1,0,0,-1
1038,2,347,349,219,75,-1,0,0,-1
1038,3,1051,201,681,224,-1,0,0,-1
1039,1,0,215,572,226,-1,0,0,-1
1039,2,347,349,219,75,-1,0,0,-1
1039,3,1051,201,681,224,-1,0,0,-1
1040,1,-1,215,572,226,-1,0,0,-1
1040,2,346,349,219,75,-1,0,0,-1
1040,3,1051,201,681,224,-1,0,0,-1
1041,1,-1,215,571,226,-1,0,0,-1
1041,2,345,349,218,74,-1,0,0,-1
1041,3,1051,201,681,224,-1,0,0,-1
1042,1,-1,215,571,226,-1,0,0,-1
1042,2,345,349,218,74,-1,0,0,-1
1042,3,1051,201,681,224,-1,0,0,-1
1043,1,-2,215,570,225,-1,0,0,-1
1043,2,344,349,218,74,-1,0,0,-1
1043,3,1051,201,681,224,-1,0,0,-1
1044,1,-2,215,570,225,-1,0,0,-1
1044,2,344,349,218,74,-1,0,0,-1
1044,3,1051,201,681,224,-1,0,0,-1
1045,1,-3,215,571,226,-1,0,0,-1
1045,2,343,349,217,74,-1,0,0,-1
1045,3,1051,201,681,224,-1,0,0,-1
1046,1,-4,215,570,225,-1,0,0,-1
1046,2,343,349,217,74,-1,0,0,-1
1046,3,1051,201,681,224,-1,0,0,-1
1047,1,-3,216,568,225,-1,0,0,-1
1047,2,342,349,217,74,-1,0,0,-1
1047,3,1051,201,681,224,-1,0,0,-1
1048,1,-4,216,569,225,-1,0,0,-1
1048,2,341,349,217,74,-1,0,0,-1
1048,3,1051,201,681,224,-1,0,0,-1
1049,1,-5,216,569,225,-1,0,0,-1
1049,2,341,349,217,74,-1,0,0,-1
1049,3,1051,201,681,224,-1,0,0,-1
1050,1,-5,216,569,225,-1,0,0,-1
1050,2,340,349,217,74,-1,0,0,-1
1050,3,1051,201,681,224,-1,0,0,-1
1051,1,-6,216,569,225,-1,0,0,-1
1051,2,340,349,217,74,-1,0,0,-1
1051,3,1051,201,682,224,-1,0,0,-1
1052,1,-6,216,568,225,-1,0,0,-1
1052,2,339,349,216,74,-1,0,0,-1
1052,3,1051,201,681,224,-1,0,0,-1
1053,1,-7,216,568,225,-1,0,0,-1
1053,2,338,349,217,74,-1,0,0,-1
1053,3,1051,201,681,224,-1,0,0,-1
1054,1,-7,216,568,224,-1,0,0,-1
1054,2,338,349,217,74,-1,0,0,-1
1054,3,1051,201,681,224,-1,0,0,-1
1055,1,-8,216,568,224,-1,0,0,-1
1055,2,337,349,216,74,-1,0,0,-1
1055,3,1051,201,681,224,-1,0,0,-1
1056,1,-8,216,567,224,-1,0,0,-1
1056,2,336,348,217,74,-1,0,0,-1
1056,3,1051,201,681,224,-1,0,0,-1
1057,1,-9,216,567,224,-1,0,0,-1
1057,2,336,348,217,74,-1,0,0,-1
1057,3,1051,201,681,224,-1,0,0,-1
1058,1,-9,216,567,224,-1,0,0,-1
1058,2,335,348,216,74,-1,0,0,-1
1058,3,1051,201,681,224,-1,0,0,-1
1059,1,-10,216,567,224,-1,0,0,-1
1059,2,335,348,217,74,-1,0,0,-1
1059,3,1051,201,681,224,-1,0,0,-1
1060,1,-10,216,567,224,-1,0,0,-1
1060,2,334,348,216,74,-1,0,0,-1
1060,3,1051,201,681,224,-1,0,0,-1
1061,1,-10,216,566,224,-1,0,0,-1
1061,2,333,348,217,74,-1,0,0,-1
1061,3,1051,201,681,224,-1,0,0,-1
1062,1,-11,216,566,224,-1,0,0,-1
1062,2,333,348,216,74,-1,0,0,-1
1062,3,1051,201,681,224,-1,0,0,-1
1063,1,-11,216,566,223,-1,0,0,-1
1063,2,332,348,216,74,-1,0,0,-1
1063,3,1051,201,681,224,-1,0,0,-1
1064,1,-12,216,566,224,-1,0,0,-1
1064,2,332,348,216,74,-1,0,0,-1
1064,3,1051,201,681,224,-1,0,0,-1
1065,1,-12,216,565,223,-1,0,0,-1
1065,2,331,348,216,74,-1,0,0,-1
1065,3,1051,201,681,224,-1,0,0,-1
1066,1,-13,217,565,223,-1,0,0,-1
1066,2,331,348,216,73,-1,0,0,-1
1066,3,1051,201,681,224,-1,0,0,-1
1067,1,-13,217,565,223,-1,0,0,-1
1067,2,330,348,215,73,-1,0,0,-1
1067,3,1051,201,681,224,-1,0,0,-1
1068,1,-14,217,565,223,-1,0,0,-1
1068,2,329,348,215,73,-1,0,0,-1
1068,3,1051,201,681,224,-1,0,0,-1
1069,1,-14,217,565,223,-1,0,0,-1
1069,2,329,348,215,73,-1,0,0,-1
1069,3,1051,201,681,224,-1,0,0,-1
1070,1,-15,217,565,223,-1,0,0,-1
1070,2,328,348,216,74,-1,0,0,-1
1070,3,1051,201,681,224,-1,0,0,-1
1071,1,-15,217,564,223,-1,0,0,-1
1071,2,328,348,215,73,-1,0,0,-1
1071,3,1051,201,681,224,-1,0,0,-1
1072,1,-15,217,564,223,-1,0,0,-1
1072,2,327,348,216,73,-1,0,0,-1
1072,3,1051,201,681,224,-1,0,0,-1
1073,1,-16,217,563,223,-1,0,0,-1
1073,2,326,348,215,73,-1,0,0,-1
1073,3,1051,201,681,224,-1,0,0,-1
1074,1,-16,217,563,223,-1,0,0,-1
1074,2,326,348,215,73,-1,0,0,-1
1074,3,1051,201,681,224,-1,0,0,-1
1075,1,-17,217,563,223,-1,0,0,-1
1075,2,325,348,215,73,-1,0,0,-1
1075,3,1051,201,681,224,-1,0,0,-1
1076,1,-17,217,562,222,-1,0,0,-1
1076,2,325,348,214,73,-1,0,0,-1
1076,3,1051,201,681,224,-1,0,0,-1
1077,1,-17,218,561,222,-1,0,0,-1
1077,2,324,348,214,73,-1,0,0,-1
1077,3,1051,201,681,224,-1,0,0,-1
1078,1,-18,217,562,222,-1,0,0,-1
1078,2,324,348,214,73,-1,0,0,-1
1078,3,1051,201,681,224,-1,0,0,-1
1079,1,-19,217,562,222,-1,0,0,-1
1079,2,323,348,213,73,-1,0,0,-1
1079,3,1051,201,681,224,-1,0,0,-1
1080,1,-19,217,562,222,-1,0,0,-1
1080,2,322,348,214,73,-1,0,0,-1
1080,3,1051,201,681,224,-1,0,0,-1
1081,1,-20,217,562,222,-1,0,0,-1
1081,2,322,348,214,73,-1,0,0,-1
1081,3,1051,201,681,224,-1,0,0,-1
1082,1,-20,217,561,222,-1,0,0,-1
1082,2,321,348,214,73,-1,0,0,-1
1082,3,1051,201,681,224,-1,0,0,-1
1083,1,-21,217,561,222,-1,0,0,-1
1083,2,321,348,213,73,-1,0,0,-1
1083,3,1051,201,681,224,-1,0,0,-1
1084,1,-21,217,561,222,-1,0,0,-1
1084,2,320,348,214,73,-1,0,0,-1
1084,3,1051,201,681,224,-1,0,0,-1
1085,1,-22,217,561,222,-1,0,0,-1
1085,2,318,348,215,73,-1,0,0,-1
1085,3,1051,201,681,224,-1,0,0,-1
1086,1,-22,218,560,221,-1,0,0,-1
1086,2,318,348,214,73,-1,0,0,-1
1086,3,1051,201,681,224,-1,0,0,-1
1087,1,-22,218,560,221,-1,0,0,-1
1087,2,318,348,213,73,-1,0,0,-1
1087,3,1051,201,681,224,-1,0,0,-1
1088,1,-22,218,559,221,-1,0,0,-1
1088,2,318,348,213,73,-1,0,0,-1
1088,3,1051,201,681,224,-1,0,0,-1
1089,1,-23,218,560,221,-1,0,0,-1
1089,2,317,348,213,73,-1,0,0,-1
1089,3,1051,201,681,224,-1,0,0,-1
1090,1,-24,218,560,221,-1,0,0,-1
1090,2,317,348,213,72,-1,0,0,-1
1090,3,1051,201,681,224,-1,0,0,-1
1091,1,-24,218,560,221,-1,0,0,-1
1091,2,316,348,213,73,-1,0,0,-1
1091,3,1051,201,681,224,-1,0,0,-1
1092,1,-24,218,559,221,-1,0,0,-1
1092,2,316,348,213,72,-1,0,0,-1
1092,3,1051,201,681,224,-1,0,0,-1
1093,1,-25,218,559,221,-1,0,0,-1
1093,2,315,348,213,72,-1,0,0,-1
1093,3,1051,201,681,224,-1,0,0,-1
1094,1,-25,218,558,221,-1,0,0,-1
1094,2,314,348,213,72,-1,0,0,-1
1094,3,1051,201,681,224,-1,0,0,-1
1095,1,-26,218,559,221,-1,0,0,-1
1095,2,314,348,213,72,-1,0,0,-1
1095,3,1051,201,681,224,-1,0,0,-1
1096,1,-25,219,556,220,-1,0,0,-1
1096,2,313,348,213,73,-1,0,0,-1
1096,3,1051,201,681,224,-1,0,0,-1
1097,1,-26,218,558,220,-1,0,0,-1
1097,2,312,348,213,72,-1,0,0,-1
1097,3,1051,201,681,224,-1,0,0,-1
1098,1,-27,218,558,220,-1,0,0,-1
1098,2,312,348,212,72,-1,0,0,-1
1098,3,1051,201,681,224,-1,0,0,-1
1099,1,-28,218,558,220,-1,0,0,-1
1099,2,311,348,212,72,-1,0,0,-1
1099,3,1051,201,681,224,-1,0,0,-1
1100,1,-28,218,557,220,-1,0,0,-1
1100,2,311,348,212,72,-1,0,0,-1
1100,3,1051,201,681,224,-1,0,0,-1
1101,1,-29,218,557,220,-1,0,0,-1
1101,2,310,348,212,72,-1,0,0,-1
1101,3,1051,201,681,224,-1,0,0,-1
1102,1,-29,219,557,220,-1,0,0,-1
1102,2,310,348,212,72,-1,0,0,-1
1102,3,1051,201,681,224,-1,0,0,-1
1103,1,-29,219,556,220,-1,0,0,-1
1103,2,309,348,212,72,-1,0,0,-1
1103,3,1051,201,681,224,-1,0,0,-1
1104,1,-29,219,556,220,-1,0,0,-1
1104,2,309,348,211,72,-1,0,0,-1
1104,3,1051,201,681,224,-1,0,0,-1
1105,1,-29,219,555,219,-1,0,0,-1
1105,2,308,348,212,72,-1,0,0,-1
1105,3,1051,201,681,224,-1,0,0,-1
1106,1,-31,219,556,220,-1,0,0,-1
1106,2,308,348,211,72,-1,0,0,-1
1106,3,1051,201,681,224,-1,0,0,-1
1107,1,-31,219,556,220,-1,0,0,-1
1107,2,307,348,212,72,-1,0,0,-1
1107,3,1051,201,681,224,-1,0,0,-1
1108,1,-31,219,555,219,-1,0,0,-1
1108,2,306,348,212,72,-1,0,0,-1
1108,3,1051,201,681,224,-1,0,0,-1
1109,1,-32,219,555,219,-1,0,0,-1
1109,2,306,348,212,72,-1,0,0,-1
1109,3,1051,201,681,224,-1,0,0,-1
1110,1,-33,219,555,219,-1,0,0,-1
1110,2,305,348,212,72,-1,0,0,-1
1110,3,1051,201,681,224,-1,0,0,-1
1111,1,-33,219,554,219,-1,0,0,-1
1111,2,304,348,212,72,-1,0,0,-1
1111,3,1051,201,681,224,-1,0,0,-1
1112,1,-34,219,555,219,-1,0,0,-1
1112,2,304,348,211,72,-1,0,0,-1
1112,3,1051,201,681,224,-1,0,0,-1
1113,1,-34,219,554,219,-1,0,0,-1
1113,2,303,348,212,72,-1,0,0,-1
1113,3,1051,201,681,224,-1,0,0,-1
1114,1,-34,219,554,219,-1,0,0,-1
1114,2,303,348,211,72,-1,0,0,-1
1114,3,1051,201,681,224,-1,0,0,-1
1115,1,-35,219,554,219,-1,0,0,-1
1115,2,302,348,211,72,-1,0,0,-1
1115,3,1051,201,681,224,-1,0,0,-1
1116,1,-35,219,554,219,-1,0,0,-1
1116,2,301,348,211,72,-1,0,0,-1
1116,3,1051,201,681,224,-1,0,0,-1
1117,1,-36,219,554,219,-1,0,0,-1
1117,2,301,348,211,72,-1,0,0,-1
1117,3,1051,201,681,224,-1,0,0,-1
1118,1,-36,220,552,218,-1,0,0,-1
1118,2,300,348,211,72,-1,0,0,-1
1118,3,1051,201,681,224,-1,0,0,-1
1119,1,-37,219,553,219,-1,0,0,-1
1119,2,300,348,211,72,-1,0,0,-1
1119,3,1051,201,681,224,-1,0,0,-1
1120,1,-37,220,553,218,-1,0,0,-1
1120,2,299,348,210,72,-1,0,0,-1
1120,3,1051,201,681,224,-1,0,0,-1
1121,1,-38,220,552,218,-1,0,0,-1
1121,2,299,348,210,72,-1,0,0,-1
1121,3,1051,201,681,224,-1,0,0,-1
1122,1,-38,220,552,218,-1,0,0,-1
1122,2,298,348,210,71,-1,0,0,-1
1122,3,1051,201,681,224,-1,0,0,-1
1123,1,-39,220,552,218,-1,0,0,-1
1123,2,297,348,210,72,-1,0,0,-1
1123,3,1051,201,681,224,-1,0,0,-1
1124,1,-38,220,550,217,-1,0,0,-1
1124,2,297,348,210,71,-1,0,0,-1
1124,3,1051,201,681,224,-1,0,0,-1
1125,1,-40,220,552,218,-1,0,0,-1
1125,2,296,348,209,71,-1,0,0,-1
1125,3,1051,201,681,224,-1,0,0,-1
