3,1,18,7,1371,643,-1,-1,-1,-1
3,2,1301,578,299,190,-1,-1,-1,-1
4,1,15,6,1374,642,-1,-1,-1,-1
4,2,1299,577,302,190,-1,-1,-1,-1
5,1,17,5,1369,642,-1,-1,-1,-1
5,2,1300,578,298,188,-1,-1,-1,-1
6,1,14,5,1372,642,-1,-1,-1,-1
6,2,1294,577,304,189,-1,-1,-1,-1
7,1,17,4,1368,644,-1,-1,-1,-1
7,2,1293,576,305,190,-1,-1,-1,-1
8,1,18,5,1368,643,-1,-1,-1,-1
8,2,1293,575,305,191,-1,-1,-1,-1
9,1,17,4,1368,644,-1,-1,-1,-1
9,2,1291,576,304,190,-1,-1,-1,-1
10,1,16,5,1370,643,-1,-1,-1,-1
10,2,1291,575,303,191,-1,-1,-1,-1
11,1,16,5,1369,642,-1,-1,-1,-1
11,2,1292,575,300,191,-1,-1,-1,-1
12,1,16,5,1368,641,-1,-1,-1,-1
12,2,1290,573,300,192,-1,-1,-1,-1
13,1,15,4,1369,641,-1,-1,-1,-1
13,2,1287,574,301,191,-1,-1,-1,-1
14,1,15,4,1368,643,-1,-1,-1,-1
14,2,1287,574,301,190,-1,-1,-1,-1
15,1,14,5,1369,641,-1,-1,-1,-1
15,2,1287,573,298,189,-1,-1,-1,-1
16,1,15,5,1367,640,-1,-1,-1,-1
16,2,1284,569,302,194,-1,-1,-1,-1
17,1,14,4,1368,640,-1,-1,-1,-1
17,2,1284,572,301,191,-1,-1,-1,-1
18,1,13,4,1366,639,-1,-1,-1,-1
18,2,1284,569,299,192,-1,-1,-1,-1
19,1,13,4,1366,639,-1,-1,-1,-1
19,2,1282,571,300,191,-1,-1,-1,-1
20,1,16,5,1360,633,-1,-1,-1,-1
20,2,1281,570,297,191,-1,-1,-1,-1
21,1,17,4,1357,633,-1,-1,-1,-1
21,2,1282,569,296,192,-1,-1,-1,-1
22,1,17,4,1355,633,-1,-1,-1,-1
22,2,1281,570,297,192,-1,-1,-1,-1
23,1,17,5,1357,631,-1,-1,-1,-1
23,2,1279,569,296,192,-1,-1,-1,-1
24,1,19,5,1354,629,-1,-1,-1,-1
24,2,1275,566,299,195,-1,-1,-1,-1
25,1,19,4,1351,625,-1,-1,-1,-1
25,2,1268,564,306,197,-1,-1,-1,-1
26,1,21,4,1347,625,-1,-1,-1,-1
26,2,1268,562,303,197,-1,-1,-1,-1
27,1,21,4,1346,633,-1,-1,-1,-1
27,2,1271,558,299,200,-1,-1,-1,-1
28,1,19,5,1348,632,-1,-1,-1,-1
28,2,1265,553,303,206,-1,-1,-1,-1
29,1,15,5,1352,631,-1,-1,-1,-1
29,2,1263,547,306,211,-1,-1,-1,-1
30,1,15,6,1350,629,-1,-1,-1,-1
30,2,1267,559,299,200,-1,-1,-1,-1
31,1,16,5,1349,631,-1,-1,-1,-1
31,2,1262,549,300,208,-1,-1,-1,-1
32,1,17,6,1347,630,-1,-1,-1,-1
32,2,1260,547,302,211,-1,-1,-1,-1
33,1,19,5,1345,632,-1,-1,-1,-1
33,2,1259,549,300,208,-1,-1,-1,-1
34,1,20,5,1343,632,-1,-1,-1,-1
34,2,1259,549,300,207,-1,-1,-1,-1
35,1,19,6,1346,627,-1,-1,-1,-1
35,2,1260,552,299,204,-1,-1,-1,-1
36,1,20,6,1344,624,-1,-1,-1,-1
36,2,1256,547,300,208,-1,-1,-1,-1
37,1,27,4,1335,626,-1,-1,-1,-1
37,2,1256,548,299,207,-1,-1,-1,-1
38,1,25,5,1339,618,-1,-1,-1,-1
38,2,1259,556,295,198,-1,-1,-1,-1
39,1,25,4,1338,614,-1,-1,-1,-1
39,2,1260,556,291,196,-1,-1,-1,-1
40,1,21,4,1342,613,-1,-1,-1,-1
40,2,1259,555,291,197,-1,-1,-1,-1
41,1,18,3,1342,615,-1,-1,-1,-1
41,2,1258,556,292,196,-1,-1,-1,-1
42,1,19,4,1341,617,-1,-1,-1,-1
42,2,1258,556,293,195,-1,-1,-1,-1
43,1,20,5,1338,618,-1,-1,-1,-1
43,2,1257,555,291,194,-1,-1,-1,-1
44,1,18,6,1340,614,-1,-1,-1,-1
44,2,1255,557,295,193,-1,-1,-1,-1
45,1,19,5,1338,618,-1,-1,-1,-1
45,2,1251,558,291,191,-1,-1,-1,-1
46,1,21,5,1336,619,-1,-1,-1,-1
46,2,1248,555,295,194,-1,-1,-1,-1
47,1,18,6,1338,618,-1,-1,-1,-1
47,2,1249,557,289,192,-1,-1,-1,-1
48,1,14,6,1340,616,-1,-1,-1,-1
48,2,1248,555,286,192,-1,-1,-1,-1
49,1,15,5,1336,616,-1,-1,-1,-1
49,2,1250,557,287,189,-1,-1,-1,-1
50,1,13,6,1338,615,-1,-1,-1,-1
50,2,1245,555,287,190,-1,-1,-1,-1
51,1,15,7,1334,616,-1,-1,-1,-1
51,2,1241,553,290,190,-1,-1,-1,-1
52,1,15,6,1334,617,-1,-1,-1,-1
52,2,1239,552,291,190,-1,-1,-1,-1
53,1,15,6,1334,616,-1,-1,-1,-1
53,2,1232,551,297,191,-1,-1,-1,-1
54,1,15,6,1334,615,-1,-1,-1,-1
54,2,1231,551,296,192,-1,-1,-1,-1
55,1,14,6,1334,614,-1,-1,-1,-1
55,2,1218,544,305,198,-1,-1,-1,-1
56,1,14,6,1332,614,-1,-1,-1,-1
56,2,1227,551,295,189,-1,-1,-1,-1
57,1,13,7,1333,613,-1,-1,-1,-1
57,2,1226,549,295,190,-1,-1,-1,-1
58,1,15,7,1330,614,-1,-1,-1,-1
58,2,1228,553,291,186,-1,-1,-1,-1
59,1,13,7,1330,614,-1,-1,-1,-1
59,2,1222,544,297,195,-1,-1,-1,-1
60,1,12,6,1331,615,-1,-1,-1,-1
60,2,1227,550,291,188,-1,-1,-1,-1
61,1,11,5,1330,616,-1,-1,-1,-1
61,2,1225,550,289,186,-1,-1,-1,-1
62,1,11,6,1329,615,-1,-1,-1,-1
62,2,1217,548,294,188,-1,-1,-1,-1
63,1,12,6,1327,614,-1,-1,-1,-1
63,2,1215,543,294,193,-1,-1,-1,-1
64,1,13,6,1324,614,-1,-1,-1,-1
64,2,1216,542,294,195,-1,-1,-1,-1
65,1,11,6,1325,612,-1,-1,-1,-1
65,2,1219,539,289,195,-1,-1,-1,-1
66,1,11,5,1323,613,-1,-1,-1,-1
66,2,1212,535,291,201,-1,-1,-1,-1
67,1,9,5,1326,612,-1,-1,-1,-1
67,2,1208,523,293,212,-1,-1,-1,-1
68,1,10,5,1322,611,-1,-1,-1,-1
68,2,1205,529,297,208,-1,-1,-1,-1
69,1,10,6,1322,610,-1,-1,-1,-1
69,2,1207,529,294,205,-1,-1,-1,-1
70,1,9,6,1321,606,-1,-1,-1,-1
70,2,1204,529,297,205,-1,-1,-1,-1
71,1,10,4,1319,609,-1,-1,-1,-1
71,2,1203,519,296,214,-1,-1,-1,-1
72,1,12,5,1316,607,-1,-1,-1,-1
72,2,1206,531,294,202,-1,-1,-1,-1
73,1,12,5,1313,610,-1,-1,-1,-1
73,2,1207,538,286,194,-1,-1,-1,-1
74,1,11,5,1314,607,-1,-1,-1,-1
74,2,1204,537,287,193,-1,-1,-1,-1
75,1,10,4,1312,610,-1,-1,-1,-1
75,2,1200,527,293,203,-1,-1,-1,-1
76,1,10,5,1312,610,-1,-1,-1,-1
76,2,1201,531,293,198,-1,-1,-1,-1
77,1,11,6,1312,605,-1,-1,-1,-1
77,2,1204,537,282,191,-1,-1,-1,-1
78,1,12,5,1308,606,-1,-1,-1,-1
78,2,1205,537,279,190,-1,-1,-1,-1
79,1,9,5,1312,605,-1,-1,-1,-1
79,2,1197,532,286,194,-1,-1,-1,-1
80,1,11,5,1307,606,-1,-1,-1,-1
80,2,1189,525,293,201,-1,-1,-1,-1
81,1,9,6,1307,604,-1,-1,-1,-1
81,2,1195,521,285,204,-1,-1,-1,-1
82,1,9,5,1305,603,-1,-1,-1,-1
82,2,1189,521,288,205,-1,-1,-1,-1
83,1,9,5,1303,602,-1,-1,-1,-1
83,2,1191,527,283,197,-1,-1,-1,-1
84,1,11,5,1301,599,-1,-1,-1,-1
84,2,1187,525,284,199,-1,-1,-1,-1
85,1,11,4,1301,600,-1,-1,-1,-1
85,2,1187,531,285,193,-1,-1,-1,-1
86,1,9,4,1303,600,-1,-1,-1,-1
86,2,1183,524,286,199,-1,-1,-1,-1
87,1,8,4,1304,596,-1,-1,-1,-1
87,2,1183,522,285,201,-1,-1,-1,-1
88,1,9,3,1302,597,-1,-1,-1,-1
88,2,1178,519,289,203,-1,-1,-1,-1
89,1,8,3,1304,597,-1,-1,-1,-1
89,2,1175,519,291,203,-1,-1,-1,-1
90,1,8,4,1302,599,-1,-1,-1,-1
90,2,1173,520,290,201,-1,-1,-1,-1
91,1,7,5,1302,598,-1,-1,-1,-1
91,2,1176,520,283,201,-1,-1,-1,-1
92,1,8,5,1302,595,-1,-1,-1,-1
92,2,1176,519,281,200,-1,-1,-1,-1
93,1,7,4,1300,595,-1,-1,-1,-1
93,2,1175,521,280,198,-1,-1,-1,-1
94,1,8,4,1299,595,-1,-1,-1,-1
94,2,1172,517,280,201,-1,-1,-1,-1
95,1,6,4,1300,596,-1,-1,-1,-1
95,2,1169,524,281,191,-1,-1,-1,-1
96,1,7,3,1297,598,-1,-1,-1,-1
96,2,1167,520,281,195,-1,-1,-1,-1
97,1,6,4,1297,596,-1,-1,-1,-1
97,2,1172,528,274,187,-1,-1,-1,-1
98,1,2,5,1302,593,-1,-1,-1,-1
98,2,1169,528,274,186,-1,-1,-1,-1
99,1,2,4,1301,593,-1,-1,-1,-1
99,2,1170,529,275,186,-1,-1,-1,-1
100,1,4,5,1296,592,-1,-1,-1,-1
100,2,1164,526,279,187,-1,-1,-1,-1
101,1,3,4,1296,593,-1,-1,-1,-1
101,2,1161,523,281,190,-1,-1,-1,-1
102,1,2,4,1296,593,-1,-1,-1,-1
102,2,1157,523,282,190,-1,-1,-1,-1
103,1,2,4,1294,592,-1,-1,-1,-1
103,2,1160,529,276,181,-1,-1,-1,-1
104,1,4,3,1292,594,-1,-1,-1,-1
104,2,1158,521,276,189,-1,-1,-1,-1
105,1,3,4,1292,592,-1,-1,-1,-1
105,2,1159,524,273,186,-1,-1,-1,-1
106,1,4,3,1289,593,-1,-1,-1,-1
106,2,1160,525,270,184,-1,-1,-1,-1
107,1,4,3,1289,593,-1,-1,-1,-1
107,2,1157,518,272,190,-1,-1,-1,-1
108,1,5,3,1287,593,-1,-1,-1,-1
108,2,1154,517,272,191,-1,-1,-1,-1
109,1,3,4,1291,592,-1,-1,-1,-1
109,2,1155,527,271,181,-1,-1,-1,-1
110,1,2,3,1289,593,-1,-1,-1,-1
110,2,1151,518,272,189,-1,-1,-1,-1
111,1,1,4,1289,592,-1,-1,-1,-1
111,2,1149,514,271,190,-1,-1,-1,-1
112,1,2,3,1286,592,-1,-1,-1,-1
112,2,1145,508,276,196,-1,-1,-1,-1
113,1,1,4,1286,591,-1,-1,-1,-1
113,2,1138,505,282,200,-1,-1,-1,-1
114,1,1,4,1285,591,-1,-1,-1,-1
114,2,1138,506,276,199,-1,-1,-1,-1
115,1,2,5,1284,590,-1,-1,-1,-1
115,2,1139,507,275,196,-1,-1,-1,-1
116,1,2,4,1283,590,-1,-1,-1,-1
116,2,1138,516,273,186,-1,-1,-1,-1
117,1,1,5,1284,589,-1,-1,-1,-1
117,2,1141,518,266,183,-1,-1,-1,-1
118,1,2,5,1282,588,-1,-1,-1,-1
118,2,1138,518,268,181,-1,-1,-1,-1
119,1,3,6,1280,585,-1,-1,-1,-1
119,2,1136,516,266,183,-1,-1,-1,-1
120,1,4,5,1276,585,-1,-1,-1,-1
120,2,1131,512,271,187,-1,-1,-1,-1
121,1,3,6,1277,584,-1,-1,-1,-1
121,2,1134,517,266,181,-1,-1,-1,-1
122,1,3,5,1274,585,-1,-1,-1,-1
122,2,1131,521,271,176,-1,-1,-1,-1
123,1,2,4,1277,586,-1,-1,-1,-1
123,2,1126,512,267,186,-1,-1,-1,-1
124,1,3,5,1273,585,-1,-1,-1,-1
124,2,1127,517,268,180,-1,-1,-1,-1
125,1,3,5,1271,587,-1,-1,-1,-1
125,2,1126,514,264,182,-1,-1,-1,-1
126,1,2,6,1272,584,-1,-1,-1,-1
126,2,1126,514,264,182,-1,-1,-1,-1
127,1,3,5,1269,584,-1,-1,-1,-1
127,2,1119,509,268,186,-1,-1,-1,-1
128,1,2,6,1269,583,-1,-1,-1,-1
128,2,1120,509,264,185,-1,-1,-1,-1
129,1,3,5,1266,584,-1,-1,-1,-1
129,2,1119,508,263,185,-1,-1,-1,-1
130,1,3,5,1265,585,-1,-1,-1,-1
130,2,1115,504,265,189,-1,-1,-1,-1
131,1,3,5,1265,586,-1,-1,-1,-1
131,2,1110,506,270,188,-1,-1,-1,-1
132,1,2,5,1265,585,-1,-1,-1,-1
132,2,1108,503,270,191,-1,-1,-1,-1
133,1,2,5,1266,584,-1,-1,-1,-1
133,2,1105,502,273,191,-1,-1,-1,-1
134,1,2,5,1266,581,-1,-1,-1,-1
134,2,1109,502,267,190,-1,-1,-1,-1
135,1,4,4,1262,582,-1,-1,-1,-1
135,2,1104,498,271,194,-1,-1,-1,-1
136,1,3,4,1263,582,-1,-1,-1,-1
136,2,1104,499,271,193,-1,-1,-1,-1
137,1,3,5,1261,583,-1,-1,-1,-1
137,2,1103,499,271,192,-1,-1,-1,-1
138,1,2,5,1261,582,-1,-1,-1,-1
138,2,1103,500,270,190,-1,-1,-1,-1
139,1,2,5,1261,581,-1,-1,-1,-1
139,2,1102,501,268,187,-1,-1,-1,-1
140,1,3,4,1258,579,-1,-1,-1,-1
140,2,1104,501,265,186,-1,-1,-1,-1
141,1,4,4,1256,579,-1,-1,-1,-1
141,2,1100,498,264,189,-1,-1,-1,-1
142,1,2,4,1257,577,-1,-1,-1,-1
142,2,1090,495,270,191,-1,-1,-1,-1
143,1,1,3,1255,575,-1,-1,-1,-1
143,2,1090,491,265,193,-1,-1,-1,-1
144,1,1,2,1253,575,-1,-1,-1,-1
144,2,1084,490,273,195,-1,-1,-1,-1
145,1,1,2,1252,576,-1,-1,-1,-1
145,2,1090,494,264,191,-1,-1,-1,-1
146,1,1,2,1252,578,-1,-1,-1,-1
146,2,1085,496,267,189,-1,-1,-1,-1
147,1,0,2,1253,576,-1,-1,-1,-1
147,2,1089,497,261,186,-1,-1,-1,-1
148,1,1,2,1250,575,-1,-1,-1,-1
148,2,1085,498,262,184,-1,-1,-1,-1
149,1,0,3,1252,568,-1,-1,-1,-1
149,2,1083,497,262,184,-1,-1,-1,-1
150,1,2,2,1248,571,-1,-1,-1,-1
150,2,1074,495,269,186,-1,-1,-1,-1
151,1,2,2,1245,573,-1,-1,-1,-1
151,2,1077,496,267,184,-1,-1,-1,-1
152,1,0,3,1247,572,-1,-1,-1,-1
152,2,1074,495,268,184,-1,-1,-1,-1
153,1,1,3,1245,571,-1,-1,-1,-1
153,2,1080,497,264,181,-1,-1,-1,-1
154,1,2,2,1242,571,-1,-1,-1,-1
154,2,1065,496,275,181,-1,-1,-1,-1
155,1,2,2,1240,572,-1,-1,-1,-1
155,2,1064,495,279,182,-1,-1,-1,-1
156,1,2,2,1239,573,-1,-1,-1,-1
156,2,1062,495,277,181,-1,-1,-1,-1
157,1,2,2,1239,574,-1,-1,-1,-1
157,2,1060,492,275,182,-1,-1,-1,-1
158,1,1,2,1239,572,-1,-1,-1,-1
158,2,1047,489,285,183,-1,-1,-1,-1
159,1,2,2,1236,573,-1,-1,-1,-1
159,2,1051,492,281,181,-1,-1,-1,-1
160,1,1,3,1237,571,-1,-1,-1,-1
160,2,1056,490,278,181,-1,-1,-1,-1
161,1,2,2,1234,571,-1,-1,-1,-1
161,2,1054,489,274,182,-1,-1,-1,-1
162,1,1,2,1236,571,-1,-1,-1,-1
162,2,1057,490,270,181,-1,-1,-1,-1
163,1,1,2,1235,570,-1,-1,-1,-1
163,2,1055,488,264,181,-1,-1,-1,-1
164,1,1,3,1234,569,-1,-1,-1,-1
164,2,1052,488,266,181,-1,-1,-1,-1
165,1,1,3,1233,568,-1,-1,-1,-1
165,2,1024,484,293,183,-1,-1,-1,-1
166,1,2,2,1230,568,-1,-1,-1,-1
166,2,1051,486,265,182,-1,-1,-1,-1
167,1,2,2,1228,568,-1,-1,-1,-1
167,2,1037,484,276,182,-1,-1,-1,-1
168,1,2,2,1227,568,-1,-1,-1,-1
168,2,1046,482,264,184,-1,-1,-1,-1
169,1,1,3,1229,567,-1,-1,-1,-1
169,2,1050,486,256,181,-1,-1,-1,-1
170,1,2,2,1225,567,-1,-1,-1,-1
170,2,1049,486,256,180,-1,-1,-1,-1
171,1,2,2,1224,567,-1,-1,-1,-1
171,2,1045,483,259,182,-1,-1,-1,-1
172,1,1,3,1225,561,-1,-1,-1,-1
172,2,1049,486,254,179,-1,-1,-1,-1
173,1,3,2,1221,565,-1,-1,-1,-1
173,2,1042,485,259,178,-1,-1,-1,-1
174,1,3,3,1217,564,-1,-1,-1,-1
174,2,1025,482,278,180,-1,-1,-1,-1
175,1,3,3,1216,563,-1,-1,-1,-1
175,2,1029,483,273,180,-1,-1,-1,-1
176,1,3,2,1215,564,-1,-1,-1,-1
176,2,1038,483,256,180,-1,-1,-1,-1
177,1,3,3,1215,562,-1,-1,-1,-1
177,2,1032,485,266,176,-1,-1,-1,-1
178,1,4,2,1212,562,-1,-1,-1,-1
178,2,1034,488,262,172,-1,-1,-1,-1
179,1,4,2,1210,562,-1,-1,-1,-1
179,2,1026,486,268,173,-1,-1,-1,-1
180,1,2,3,1212,560,-1,-1,-1,-1
180,2,1028,485,266,174,-1,-1,-1,-1
181,1,2,3,1213,558,-1,-1,-1,-1
181,2,1026,485,264,173,-1,-1,-1,-1
182,1,3,2,1210,560,-1,-1,-1,-1
182,2,1025,484,265,173,-1,-1,-1,-1
183,1,3,2,1209,560,-1,-1,-1,-1
183,2,1024,484,263,173,-1,-1,-1,-1
184,1,2,3,1210,555,-1,-1,-1,-1
184,2,1023,483,263,174,-1,-1,-1,-1
185,1,3,2,1209,555,-1,-1,-1,-1
185,2,1022,482,261,173,-1,-1,-1,-1
186,1,2,3,1209,553,-1,-1,-1,-1
186,2,1021,482,260,174,-1,-1,-1,-1
187,1,2,3,1209,550,-1,-1,-1,-1
187,2,1019,483,261,172,-1,-1,-1,-1
188,1,2,2,1207,552,-1,-1,-1,-1
188,2,1019,484,258,170,-1,-1,-1,-1
189,1,1,3,1210,546,-1,-1,-1,-1
189,2,1018,482,259,171,-1,-1,-1,-1
190,1,3,2,1205,550,-1,-1,-1,-1
190,2,1018,482,256,171,-1,-1,-1,-1
191,1,2,3,1206,547,-1,-1,-1,-1
191,2,1012,481,261,171,-1,-1,-1,-1
192,1,3,2,1203,553,-1,-1,-1,-1
192,2,1015,480,254,172,-1,-1,-1,-1
193,1,1,3,1205,550,-1,-1,-1,-1
193,2,1012,483,254,168,-1,-1,-1,-1
194,1,1,3,1205,548,-1,-1,-1,-1
194,2,1011,481,255,167,-1,-1,-1,-1
195,1,2,2,1202,548,-1,-1,-1,-1
195,2,991,478,271,172,-1,-1,-1,-1
196,1,2,2,1200,546,-1,-1,-1,-1
196,2,1005,479,256,170,-1,-1,-1,-1
197,1,1,2,1201,545,-1,-1,-1,-1
197,2,992,481,263,168,-1,-1,-1,-1
198,1,3,2,1199,548,-1,-1,-1,-1
198,2,978,482,276,166,-1,-1,-1,-1
199,1,3,2,1197,549,-1,-1,-1,-1
199,2,994,479,263,167,-1,-1,-1,-1
200,1,3,1,1197,554,-1,-1,-1,-1
200,2,1007,481,248,165,-1,-1,-1,-1
201,1,2,2,1198,551,-1,-1,-1,-1
201,2,1004,482,246,163,-1,-1,-1,-1
202,1,1,2,1199,549,-1,-1,-1,-1
202,2,1002,483,245,163,-1,-1,-1,-1
203,1,3,1,1193,551,-1,-1,-1,-1
203,2,995,480,250,164,-1,-1,-1,-1
204,1,2,2,1194,549,-1,-1,-1,-1
204,2,1001,483,245,160,-1,-1,-1,-1
205,1,2,2,1192,547,-1,-1,-1,-1
205,2,999,485,246,156,-1,-1,-1,-1
206,1,3,1,1188,547,-1,-1,-1,-1
206,2,997,479,238,161,-1,-1,-1,-1
207,1,2,2,1190,546,-1,-1,-1,-1
207,2,993,480,247,160,-1,-1,-1,-1
208,1,3,2,1186,547,-1,-1,-1,-1
208,2,993,482,248,158,-1,-1,-1,-1
209,1,2,2,1188,545,-1,-1,-1,-1
209,2,991,479,243,159,-1,-1,-1,-1
210,1,2,2,1187,543,-1,-1,-1,-1
210,2,989,480,251,159,-1,-1,-1,-1
211,1,2,2,1186,542,-1,-1,-1,-1
211,2,988,477,249,161,-1,-1,-1,-1
212,1,3,1,1183,542,-1,-1,-1,-1
212,2,988,479,249,161,-1,-1,-1,-1
213,1,2,2,1185,541,-1,-1,-1,-1
213,2,984,478,249,160,-1,-1,-1,-1
214,1,3,2,1183,544,-1,-1,-1,-1
214,2,981,479,254,159,-1,-1,-1,-1
215,1,2,2,1185,542,-1,-1,-1,-1
215,2,982,477,249,158,-1,-1,-1,-1
216,1,3,2,1182,542,-1,-1,-1,-1
216,2,977,476,251,160,-1,-1,-1,-1
217,1,3,1,1181,545,-1,-1,-1,-1
217,2,974,478,242,158,-1,-1,-1,-1
218,1,3,1,1179,545,-1,-1,-1,-1
218,2,978,478,248,157,-1,-1,-1,-1
219,1,2,2,1181,544,-1,-1,-1,-1
219,2,977,477,243,159,-1,-1,-1,-1
220,1,3,1,1178,544,-1,-1,-1,-1
220,2,969,475,254,160,-1,-1,-1,-1
221,1,2,2,1176,538,-1,-1,-1,-1
221,2,975,475,244,161,-1,-1,-1,-1
222,1,3,1,1174,540,-1,-1,-1,-1
222,2,968,471,251,162,-1,-1,-1,-1
223,1,3,3,1173,541,-1,-1,-1,-1
223,2,968,470,251,164,-1,-1,-1,-1
224,1,2,4,1173,540,-1,-1,-1,-1
224,2,968,470,244,163,-1,-1,-1,-1
225,1,1,4,1173,538,-1,-1,-1,-1
225,2,962,463,249,169,-1,-1,-1,-1
226,1,1,3,1172,539,-1,-1,-1,-1
226,2,961,465,248,168,-1,-1,-1,-1
227,1,1,4,1173,537,-1,-1,-1,-1
227,2,955,466,254,166,-1,-1,-1,-1
228,1,2,3,1170,538,-1,-1,-1,-1
228,2,961,469,235,162,-1,-1,-1,-1
229,1,0,3,1172,537,-1,-1,-1,-1
229,2,962,467,226,161,-1,-1,-1,-1
230,1,2,3,1167,538,-1,-1,-1,-1
230,2,962,466,239,162,-1,-1,-1,-1
231,1,0,3,1170,537,-1,-1,-1,-1
231,2,960,466,244,162,-1,-1,-1,-1
232,1,2,2,1166,538,-1,-1,-1,-1
232,2,958,467,242,161,-1,-1,-1,-1
233,1,1,2,1167,538,-1,-1,-1,-1
233,2,960,466,238,160,-1,-1,-1,-1
234,1,0,3,1169,537,-1,-1,-1,-1
234,2,955,464,238,162,-1,-1,-1,-1
235,1,1,2,1166,537,-1,-1,-1,-1
235,2,951,462,244,163,-1,-1,-1,-1
236,1,1,2,1164,538,-1,-1,-1,-1
236,2,952,460,237,164,-1,-1,-1,-1
237,1,0,3,1166,537,-1,-1,-1,-1
237,2,920,458,274,166,-1,-1,-1,-1
238,1,1,2,1163,537,-1,-1,-1,-1
238,2,896,455,298,170,-1,-1,-1,-1
239,1,1,2,1161,538,-1,-1,-1,-1
239,2,927,460,266,164,-1,-1,-1,-1
240,1,0,3,1161,537,-1,-1,-1,-1
240,2,923,461,267,161,-1,-1,-1,-1
241,1,0,2,1161,536,-1,-1,-1,-1
241,2,937,461,252,162,-1,-1,-1,-1
242,1,0,2,1161,532,-1,-1,-1,-1
242,2,947,461,242,161,-1,-1,-1,-1
243,1,1,1,1158,533,-1,-1,-1,-1
243,2,934,461,255,160,-1,-1,-1,-1
244,1,1,1,1157,534,-1,-1,-1,-1
244,2,932,461,256,160,-1,-1,-1,-1
245,1,0,2,1159,533,-1,-1,-1,-1
245,2,932,460,256,159,-1,-1,-1,-1
246,1,1,1,1156,533,-1,-1,-1,-1
246,2,920,459,268,160,-1,-1,-1,-1
247,1,1,1,1156,533,-1,-1,-1,-1
247,2,936,460,249,158,-1,-1,-1,-1
248,1,1,1,1155,534,-1,-1,-1,-1
248,2,915,459,266,158,-1,-1,-1,-1
249,1,1,1,1154,535,-1,-1,-1,-1
249,2,933,459,249,159,-1,-1,-1,-1
250,1,0,1,1155,535,-1,-1,-1,-1
250,2,933,458,244,158,-1,-1,-1,-1
251,1,0,2,1154,534,-1,-1,-1,-1
251,2,929,459,248,157,-1,-1,-1,-1
252,1,0,1,1155,532,-1,-1,-1,-1
252,2,927,457,246,160,-1,-1,-1,-1
253,1,0,1,1152,528,-1,-1,-1,-1
253,2,928,457,245,159,-1,-1,-1,-1
254,1,3,0,1147,529,-1,-1,-1,-1
254,2,926,457,245,158,-1,-1,-1,-1
255,1,0,1,1152,527,-1,-1,-1,-1
255,2,926,456,243,158,-1,-1,-1,-1
256,1,0,2,1149,525,-1,-1,-1,-1
256,2,923,456,245,156,-1,-1,-1,-1
257,1,0,1,1148,525,-1,-1,-1,-1
257,2,925,457,244,157,-1,-1,-1,-1
258,1,3,0,1141,527,-1,-1,-1,-1
258,2,927,457,239,155,-1,-1,-1,-1
259,1,1,2,1143,522,-1,-1,-1,-1
259,2,924,457,243,155,-1,-1,-1,-1
260,1,3,1,1139,522,-1,-1,-1,-1
260,2,922,456,240,153,-1,-1,-1,-1
261,1,2,1,1138,523,-1,-1,-1,-1
261,2,918,457,241,152,-1,-1,-1,-1
262,1,2,1,1137,525,-1,-1,-1,-1
262,2,920,456,238,152,-1,-1,-1,-1
263,1,3,1,1136,526,-1,-1,-1,-1
263,2,916,455,243,154,-1,-1,-1,-1
264,1,1,2,1138,523,-1,-1,-1,-1
264,2,917,455,239,154,-1,-1,-1,-1
265,1,1,2,1137,518,-1,-1,-1,-1
265,2,919,456,235,152,-1,-1,-1,-1
266,1,2,1,1135,518,-1,-1,-1,-1
266,2,917,455,236,152,-1,-1,-1,-1
267,1,2,1,1134,521,-1,-1,-1,-1
267,2,916,455,233,152,-1,-1,-1,-1
268,1,1,2,1135,518,-1,-1,-1,-1
268,2,907,452,241,155,-1,-1,-1,-1
269,1,2,1,1133,519,-1,-1,-1,-1
269,2,910,453,235,154,-1,-1,-1,-1
270,1,2,1,1132,520,-1,-1,-1,-1
270,2,908,454,238,152,-1,-1,-1,-1
271,1,1,2,1134,519,-1,-1,-1,-1
271,2,907,454,237,152,-1,-1,-1,-1
272,1,1,2,1134,517,-1,-1,-1,-1
272,2,910,454,235,151,-1,-1,-1,-1
273,1,3,1,1130,517,-1,-1,-1,-1
273,2,909,454,233,152,-1,-1,-1,-1
274,1,2,1,1131,518,-1,-1,-1,-1
274,2,908,455,230,151,-1,-1,-1,-1
275,1,3,1,1128,519,-1,-1,-1,-1
275,2,904,454,231,149,-1,-1,-1,-1
276,1,2,2,1127,517,-1,-1,-1,-1
276,2,902,454,235,148,-1,-1,-1,-1
277,1,2,2,1126,516,-1,-1,-1,-1
277,2,904,453,231,149,-1,-1,-1,-1
278,1,2,1,1122,519,-1,-1,-1,-1
278,2,899,451,234,150,-1,-1,-1,-1
279,1,2,1,1121,518,-1,-1,-1,-1
279,2,901,451,219,149,-1,-1,-1,-1
280,1,3,0,1118,519,-1,-1,-1,-1
280,2,900,452,233,147,-1,-1,-1,-1
281,1,3,0,1118,520,-1,-1,-1,-1
281,2,900,451,234,147,-1,-1,-1,-1
282,1,2,0,1118,521,-1,-1,-1,-1
282,2,897,450,233,148,-1,-1,-1,-1
283,1,1,0,1119,522,-1,-1,-1,-1
283,2,895,450,237,146,-1,-1,-1,-1
284,1,1,1,1119,519,-1,-1,-1,-1
284,2,891,449,234,148,-1,-1,-1,-1
285,1,1,0,1118,519,-1,-1,-1,-1
285,2,891,447,233,149,-1,-1,-1,-1
286,1,0,1,1117,515,-1,-1,-1,-1
286,2,888,449,228,148,-1,-1,-1,-1
287,1,1,0,1115,516,-1,-1,-1,-1
287,2,891,448,225,149,-1,-1,-1,-1
288,1,1,0,1114,517,-1,-1,-1,-1
288,2,887,448,233,149,-1,-1,-1,-1
289,1,0,1,1115,513,-1,-1,-1,-1
289,2,886,447,237,149,-1,-1,-1,-1
290,1,0,1,1114,511,-1,-1,-1,-1
290,2,886,448,235,148,-1,-1,-1,-1
291,1,0,2,1114,508,-1,-1,-1,-1
291,2,884,447,233,148,-1,-1,-1,-1
292,1,1,0,1111,516,-1,-1,-1,-1
292,2,880,447,237,147,-1,-1,-1,-1
293,1,0,1,1113,515,-1,-1,-1,-1
293,2,881,448,227,145,-1,-1,-1,-1
294,1,0,1,1112,514,-1,-1,-1,-1
294,2,878,447,235,146,-1,-1,-1,-1
295,1,0,2,1110,511,-1,-1,-1,-1
295,2,878,449,233,144,-1,-1,-1,-1
296,1,1,1,1108,511,-1,-1,-1,-1
296,2,877,448,235,143,-1,-1,-1,-1
297,1,1,1,1108,511,-1,-1,-1,-1
297,2,878,448,233,143,-1,-1,-1,-1
298,1,1,1,1107,512,-1,-1,-1,-1
298,2,878,447,232,143,-1,-1,-1,-1
299,1,0,1,1109,511,-1,-1,-1,-1
299,2,878,447,229,142,-1,-1,-1,-1
300,1,0,2,1108,509,-1,-1,-1,-1
300,2,875,447,231,142,-1,-1,-1,-1
301,1,0,2,1109,507,-1,-1,-1,-1
301,2,872,445,236,144,-1,-1,-1,-1
302,1,2,2,1105,507,-1,-1,-1,-1
302,2,870,444,235,145,-1,-1,-1,-1
303,1,2,2,1104,509,-1,-1,-1,-1
303,2,869,444,233,143,-1,-1,-1,-1
304,1,2,3,1104,508,-1,-1,-1,-1
304,2,868,444,231,143,-1,-1,-1,-1
305,1,1,3,1104,508,-1,-1,-1,-1
305,2,869,443,231,141,-1,-1,-1,-1
306,1,2,2,1101,509,-1,-1,-1,-1
306,2,867,444,226,140,-1,-1,-1,-1
307,1,1,2,1102,507,-1,-1,-1,-1
307,2,867,444,223,139,-1,-1,-1,-1
308,1,1,2,1102,505,-1,-1,-1,-1
308,2,861,443,220,141,-1,-1,-1,-1
309,1,2,3,1100,502,-1,-1,-1,-1
309,2,864,442,218,140,-1,-1,-1,-1
310,1,2,3,1099,500,-1,-1,-1,-1
310,2,861,442,221,139,-1,-1,-1,-1
311,1,2,3,1097,497,-1,-1,-1,-1
311,2,861,442,220,140,-1,-1,-1,-1
312,1,4,2,1094,498,-1,-1,-1,-1
312,2,858,443,223,138,-1,-1,-1,-1
313,1,3,3,1095,495,-1,-1,-1,-1
313,2,856,438,212,144,-1,-1,-1,-1
314,1,3,2,1091,498,-1,-1,-1,-1
314,2,857,439,222,143,-1,-1,-1,-1
315,1,3,3,1091,493,-1,-1,-1,-1
315,2,846,438,236,144,-1,-1,-1,-1
316,1,4,2,1089,496,-1,-1,-1,-1
316,2,855,439,224,143,-1,-1,-1,-1
317,1,4,2,1088,499,-1,-1,-1,-1
317,2,850,439,226,143,-1,-1,-1,-1
318,1,3,3,1090,496,-1,-1,-1,-1
318,2,848,438,228,142,-1,-1,-1,-1
319,1,2,4,1090,492,-1,-1,-1,-1
319,2,847,438,230,143,-1,-1,-1,-1
320,1,2,2,1089,495,-1,-1,-1,-1
320,2,844,437,228,142,-1,-1,-1,-1
321,1,3,3,1089,491,-1,-1,-1,-1
321,2,839,436,236,143,-1,-1,-1,-1
322,1,4,3,1087,490,-1,-1,-1,-1
322,2,846,437,219,141,-1,-1,-1,-1
323,1,3,3,1087,487,-1,-1,-1,-1
323,2,839,437,229,140,-1,-1,-1,-1
324,1,4,3,1084,486,-1,-1,-1,-1
324,2,842,437,222,141,-1,-1,-1,-1
325,1,4,4,1086,484,-1,-1,-1,-1
325,2,840,438,231,139,-1,-1,-1,-1
326,1,6,3,1083,485,-1,-1,-1,-1
326,2,835,437,226,140,-1,-1,-1,-1
327,1,6,4,1082,484,-1,-1,-1,-1
327,2,841,438,219,139,-1,-1,-1,-1
328,1,6,3,1080,485,-1,-1,-1,-1
328,2,844,438,216,137,-1,-1,-1,-1
329,1,5,3,1081,490,-1,-1,-1,-1
329,2,839,438,223,137,-1,-1,-1,-1
330,1,6,3,1079,490,-1,-1,-1,-1
330,2,838,438,223,136,-1,-1,-1,-1
331,1,5,3,1078,491,-1,-1,-1,-1
331,2,837,437,223,136,-1,-1,-1,-1
332,1,4,3,1079,486,-1,-1,-1,-1
332,2,837,436,223,137,-1,-1,-1,-1
333,1,4,2,1078,486,-1,-1,-1,-1
333,2,835,434,224,138,-1,-1,-1,-1
334,1,3,3,1078,485,-1,-1,-1,-1
334,2,832,435,227,138,-1,-1,-1,-1
335,1,5,3,1074,485,-1,-1,-1,-1
335,2,832,435,224,137,-1,-1,-1,-1
336,1,3,3,1077,483,-1,-1,-1,-1
336,2,824,432,233,138,-1,-1,-1,-1
337,1,4,2,1074,485,-1,-1,-1,-1
337,2,828,432,223,139,-1,-1,-1,-1
338,1,4,2,1071,487,-1,-1,-1,-1
338,2,825,431,227,138,-1,-1,-1,-1
339,1,3,3,1074,481,-1,-1,-1,-1
339,2,824,432,222,137,-1,-1,-1,-1
340,1,5,2,1069,482,-1,-1,-1,-1
340,2,824,433,222,136,-1,-1,-1,-1
341,1,5,2,1068,484,-1,-1,-1,-1
341,2,820,433,224,136,-1,-1,-1,-1
342,1,6,2,1065,484,-1,-1,-1,-1
342,2,808,433,234,137,-1,-1,-1,-1
343,1,6,2,1065,485,-1,-1,-1,-1
343,2,816,432,222,136,-1,-1,-1,-1
344,1,7,3,1066,483,-1,-1,-1,-1
344,2,818,433,220,135,-1,-1,-1,-1
345,1,7,2,1065,483,-1,-1,-1,-1
345,2,813,434,223,133,-1,-1,-1,-1
346,1,5,3,1067,482,-1,-1,-1,-1
346,2,813,435,222,133,-1,-1,-1,-1
347,1,5,2,1066,482,-1,-1,-1,-1
347,2,815,434,222,134,-1,-1,-1,-1
348,1,5,2,1065,482,-1,-1,-1,-1
348,2,815,433,220,134,-1,-1,-1,-1
349,1,3,3,1070,479,-1,-1,-1,-1
349,2,816,431,221,135,-1,-1,-1,-1
350,1,5,2,1066,481,-1,-1,-1,-1
350,2,813,431,225,136,-1,-1,-1,-1
351,1,4,1,1063,484,-1,-1,-1,-1
351,2,809,433,224,136,-1,-1,-1,-1
352,1,3,2,1065,483,-1,-1,-1,-1
352,2,811,431,221,136,-1,-1,-1,-1
353,1,3,2,1063,485,-1,-1,-1,-1
353,2,806,429,228,137,-1,-1,-1,-1
354,1,4,2,1061,486,-1,-1,-1,-1
354,2,809,429,224,137,-1,-1,-1,-1
355,1,3,2,1061,482,-1,-1,-1,-1
355,2,806,429,227,136,-1,-1,-1,-1
356,1,3,2,1061,480,-1,-1,-1,-1
356,2,806,429,222,135,-1,-1,-1,-1
357,1,3,2,1061,479,-1,-1,-1,-1
357,2,806,428,223,136,-1,-1,-1,-1
358,1,3,2,1059,476,-1,-1,-1,-1
358,2,805,429,220,136,-1,-1,-1,-1
359,1,5,1,1056,477,-1,-1,-1,-1
359,2,802,430,225,134,-1,-1,-1,-1
360,1,5,1,1056,479,-1,-1,-1,-1
360,2,805,428,213,134,-1,-1,-1,-1
361,1,4,2,1058,477,-1,-1,-1,-1
361,2,805,428,221,135,-1,-1,-1,-1
362,1,5,1,1055,478,-1,-1,-1,-1
362,2,801,426,223,136,-1,-1,-1,-1
363,1,4,1,1055,480,-1,-1,-1,-1
363,2,802,428,218,135,-1,-1,-1,-1
364,1,2,2,1058,479,-1,-1,-1,-1
364,2,798,428,208,133,-1,-1,-1,-1
365,1,4,1,1055,480,-1,-1,-1,-1
365,2,796,427,208,132,-1,-1,-1,-1
366,1,2,2,1057,479,-1,-1,-1,-1
366,2,795,428,220,132,-1,-1,-1,-1
367,1,2,2,1055,477,-1,-1,-1,-1
367,2,792,426,219,132,-1,-1,-1,-1
368,1,2,2,1054,476,-1,-1,-1,-1
368,2,774,424,239,134,-1,-1,-1,-1
369,1,3,1,1052,479,-1,-1,-1,-1
369,2,789,426,228,134,-1,-1,-1,-1
370,1,2,2,1053,475,-1,-1,-1,-1
370,2,783,425,230,133,-1,-1,-1,-1
371,1,3,1,1050,476,-1,-1,-1,-1
371,2,783,427,233,134,-1,-1,-1,-1
372,1,3,1,1049,478,-1,-1,-1,-1
372,2,788,424,221,133,-1,-1,-1,-1
373,1,3,2,1049,479,-1,-1,-1,-1
373,2,791,424,212,133,-1,-1,-1,-1
374,1,2,3,1049,477,-1,-1,-1,-1
374,2,785,422,224,135,-1,-1,-1,-1
375,1,3,2,1046,479,-1,-1,-1,-1
375,2,786,422,222,135,-1,-1,-1,-1
376,1,3,3,1045,479,-1,-1,-1,-1
376,2,785,422,221,135,-1,-1,-1,-1
377,1,2,3,1046,475,-1,-1,-1,-1
377,2,785,421,222,135,-1,-1,-1,-1
378,1,3,3,1044,474,-1,-1,-1,-1
378,2,775,421,234,136,-1,-1,-1,-1
379,1,4,2,1041,476,-1,-1,-1,-1
379,2,780,421,230,136,-1,-1,-1,-1
380,1,4,2,1041,477,-1,-1,-1,-1
380,2,781,421,215,134,-1,-1,-1,-1
381,1,4,2,1042,479,-1,-1,-1,-1
381,2,777,421,221,134,-1,-1,-1,-1
382,1,3,3,1043,478,-1,-1,-1,-1
382,2,779,422,207,132,-1,-1,-1,-1
383,1,3,3,1042,477,-1,-1,-1,-1
383,2,780,421,208,132,-1,-1,-1,-1
384,1,4,3,1040,476,-1,-1,-1,-1
384,2,776,419,201,133,-1,-1,-1,-1
385,1,2,3,1043,476,-1,-1,-1,-1
385,2,771,418,210,134,-1,-1,-1,-1
386,1,3,2,1040,476,-1,-1,-1,-1
386,2,774,418,205,134,-1,-1,-1,-1
387,1,2,2,1041,476,-1,-1,-1,-1
387,2,772,418,201,134,-1,-1,-1,-1
388,1,2,3,1040,474,-1,-1,-1,-1
388,2,774,418,197,133,-1,-1,-1,-1
389,1,3,2,1038,476,-1,-1,-1,-1
389,2,774,418,212,132,-1,-1,-1,-1
390,1,3,2,1037,479,-1,-1,-1,-1
390,2,769,418,215,131,-1,-1,-1,-1
391,1,2,3,1039,476,-1,-1,-1,-1
391,2,769,418,201,130,-1,-1,-1,-1
392,1,2,3,1038,474,-1,-1,-1,-1
392,2,769,416,206,131,-1,-1,-1,-1
393,1,2,3,1037,472,-1,-1,-1,-1
393,2,766,416,209,131,-1,-1,-1,-1
394,1,3,2,1033,472,-1,-1,-1,-1
394,2,765,416,200,132,-1,-1,-1,-1
395,1,3,1,1034,473,-1,-1,-1,-1
395,2,765,414,199,133,-1,-1,-1,-1
396,1,3,2,1033,473,-1,-1,-1,-1
396,2,762,415,223,131,-1,-1,-1,-1
397,1,1,3,1033,471,-1,-1,-1,-1
397,2,765,415,214,131,-1,-1,-1,-1
398,1,3,2,1030,472,-1,-1,-1,-1
398,2,762,417,199,129,-1,-1,-1,-1
399,1,1,2,1030,468,-1,-1,-1,-1
399,2,760,417,196,128,-1,-1,-1,-1
400,1,2,2,1028,468,-1,-1,-1,-1
400,2,762,416,203,128,-1,-1,-1,-1
401,1,1,2,1029,467,-1,-1,-1,-1
401,2,763,415,194,128,-1,-1,-1,-1
402,1,1,2,1029,466,-1,-1,-1,-1
402,2,758,415,202,129,-1,-1,-1,-1
