3,1,76,172,836,215,-1,-1,-1,-1
3,2,1383,276,536,181,-1,-1,-1,-1
3,3,325,267,84,124,-1,-1,-1,-1
4,1,77,173,834,214,-1,-1,-1,-1
4,2,1381,273,538,185,-1,-1,-1,-1
4,3,326,268,81,122,-1,-1,-1,-1
5,1,77,172,834,216,-1,-1,-1,-1
5,2,1379,273,540,185,-1,-1,-1,-1
5,3,324,267,84,123,-1,-1,-1,-1
6,1,79,172,829,216,-1,-1,-1,-1
6,2,1381,271,537,185,-1,-1,-1,-1
6,3,323,268,86,122,-1,-1,-1,-1
7,1,77,172,832,216,-1,-1,-1,-1
7,2,1380,268,537,188,-1,-1,-1,-1
7,3,325,268,82,121,-1,-1,-1,-1
8,1,77,172,833,215,-1,-1,-1,-1
8,2,1378,265,541,191,-1,-1,-1,-1
8,3,326,268,81,121,-1,-1,-1,-1
9,1,79,173,830,214,-1,-1,-1,-1
9,2,1377,265,541,191,-1,-1,-1,-1
9,3,326,268,81,121,-1,-1,-1,-1
10,1,78,172,832,216,-1,-1,-1,-1
10,2,1376,260,541,195,-1,-1,-1,-1
10,3,324,267,83,123,-1,-1,-1,-1
11,1,79,173,832,215,-1,-1,-1,-1
11,2,1369,254,550,200,-1,-1,-1,-1
11,3,326,267,82,124,-1,-1,-1,-1
12,1,79,172,834,217,-1,-1,-1,-1
12,2,1364,254,555,201,-1,-1,-1,-1
12,3,326,268,82,123,-1,-1,-1,-1
13,1,77,172,836,217,-1,-1,-1,-1
13,2,1370,254,548,202,-1,-1,-1,-1
13,3,327,266,80,124,-1,-1,-1,-1
14,1,78,172,833,217,-1,-1,-1,-1
14,2,1365,259,553,195,-1,-1,-1,-1
14,3,327,265,81,125,-1,-1,-1,-1
15,1,78,172,833,217,-1,-1,-1,-1
15,2,1367,259,551,195,-1,-1,-1,-1
15,3,327,265,82,126,-1,-1,-1,-1
16,1,79,172,833,217,-1,-1,-1,-1
16,2,1364,261,555,194,-1,-1,-1,-1
16,3,327,265,82,126,-1,-1,-1,-1
17,1,79,172,832,217,-1,-1,-1,-1
17,2,1359,261,560,193,-1,-1,-1,-1
17,3,327,265,82,126,-1,-1,-1,-1
18,1,80,172,831,217,-1,-1,-1,-1
18,2,1361,258,558,196,-1,-1,-1,-1
18,3,327,267,81,124,-1,-1,-1,-1
19,1,79,172,832,217,-1,-1,-1,-1
19,2,1355,259,564,196,-1,-1,-1,-1
19,3,327,268,81,122,-1,-1,-1,-1
20,1,78,172,833,216,-1,-1,-1,-1
20,2,1356,260,563,195,-1,-1,-1,-1
20,3,328,268,80,122,-1,-1,-1,-1
21,1,79,173,831,215,-1,-1,-1,-1
21,2,1353,260,566,194,-1,-1,-1,-1
21,3,326,268,83,123,-1,-1,-1,-1
22,1,78,172,833,217,-1,-1,-1,-1
22,2,1338,258,581,196,-1,-1,-1,-1
22,3,328,268,79,122,-1,-1,-1,-1
23,1,78,172,832,217,-1,-1,-1,-1
23,2,1339,258,579,196,-1,-1,-1,-1
23,3,329,267,79,123,-1,-1,-1,-1
24,1,79,172,830,217,-1,-1,-1,-1
24,2,1331,258,586,195,-1,-1,-1,-1
24,3,327,266,80,124,-1,-1,-1,-1
25,1,79,172,826,217,-1,-1,-1,-1
25,2,1327,258,590,195,-1,-1,-1,-1
25,3,327,265,81,125,-1,-1,-1,-1
26,1,79,172,825,217,-1,-1,-1,-1
26,2,1329,258,588,194,-1,-1,-1,-1
26,3,326,266,82,124,-1,-1,-1,-1
27,1,78,172,827,217,-1,-1,-1,-1
27,2,1327,259,589,193,-1,-1,-1,-1
27,3,328,267,79,124,-1,-1,-1,-1
28,1,78,172,827,217,-1,-1,-1,-1
28,2,1325,258,590,194,-1,-1,-1,-1
28,3,327,266,81,126,-1,-1,-1,-1
29,1,78,172,827,216,-1,-1,-1,-1
29,2,1326,256,589,194,-1,-1,-1,-1
29,3,327,266,82,126,-1,-1,-1,-1
30,1,79,173,825,214,-1,-1,-1,-1
30,2,1325,258,591,193,-1,-1,-1,-1
30,3,326,266,83,126,-1,-1,-1,-1
31,1,79,173,826,214,-1,-1,-1,-1
31,2,1326,258,588,192,-1,-1,-1,-1
31,3,328,266,80,125,-1,-1,-1,-1
32,1,80,173,824,215,-1,-1,-1,-1
32,2,1325,258,587,192,-1,-1,-1,-1
32,3,326,265,83,127,-1,-1,-1,-1
33,1,79,172,826,217,-1,-1,-1,-1
33,2,1326,259,582,191,-1,-1,-1,-1
33,3,326,266,83,126,-1,-1,-1,-1
34,1,77,172,836,217,-1,-1,-1,-1
34,2,1325,259,590,191,-1,-1,-1,-1
34,3,324,266,84,125,-1,-1,-1,-1
35,1,78,172,834,217,-1,-1,-1,-1
35,2,1324,259,586,190,-1,-1,-1,-1
35,3,325,267,82,124,-1,-1,-1,-1
36,1,77,172,835,217,-1,-1,-1,-1
36,2,1324,259,592,190,-1,-1,-1,-1
36,3,324,267,84,124,-1,-1,-1,-1
37,1,77,172,836,217,-1,-1,-1,-1
37,2,1319,258,598,191,-1,-1,-1,-1
37,3,324,268,83,123,-1,-1,-1,-1
38,1,77,172,836,216,-1,-1,-1,-1
38,2,1320,258,599,190,-1,-1,-1,-1
38,3,324,267,84,124,-1,-1,-1,-1
39,1,79,173,833,214,-1,-1,-1,-1
39,2,1318,259,600,189,-1,-1,-1,-1
39,3,328,266,80,125,-1,-1,-1,-1
40,1,78,173,836,214,-1,-1,-1,-1
40,2,1318,259,597,188,-1,-1,-1,-1
40,3,327,265,82,127,-1,-1,-1,-1
41,1,79,173,835,214,-1,-1,-1,-1
41,2,1315,259,602,189,-1,-1,-1,-1
41,3,326,265,83,127,-1,-1,-1,-1
42,1,78,173,837,214,-1,-1,-1,-1
42,2,1313,259,596,189,-1,-1,-1,-1
42,3,326,265,83,126,-1,-1,-1,-1
43,1,78,173,836,214,-1,-1,-1,-1
43,2,1314,259,603,189,-1,-1,-1,-1
43,3,326,265,82,125,-1,-1,-1,-1
44,1,78,173,836,214,-1,-1,-1,-1
44,2,1312,258,604,190,-1,-1,-1,-1
44,3,325,264,84,127,-1,-1,-1,-1
45,1,79,173,835,214,-1,-1,-1,-1
45,2,1311,258,604,190,-1,-1,-1,-1
45,3,326,265,82,126,-1,-1,-1,-1
46,1,78,173,837,214,-1,-1,-1,-1
46,2,1302,259,609,190,-1,-1,-1,-1
46,3,325,265,84,127,-1,-1,-1,-1
47,1,78,173,836,214,-1,-1,-1,-1
47,2,1305,259,608,190,-1,-1,-1,-1
47,3,326,266,82,126,-1,-1,-1,-1
48,1,78,173,836,214,-1,-1,-1,-1
48,2,1304,260,598,188,-1,-1,-1,-1
48,3,326,266,82,125,-1,-1,-1,-1
49,1,77,172,839,215,-1,-1,-1,-1
49,2,1304,260,600,188,-1,-1,-1,-1
49,3,326,267,82,123,-1,-1,-1,-1
50,1,78,173,837,214,-1,-1,-1,-1
50,2,1301,259,604,189,-1,-1,-1,-1
50,3,326,267,81,124,-1,-1,-1,-1
51,1,77,172,834,215,-1,-1,-1,-1
51,2,1303,259,583,188,-1,-1,-1,-1
51,3,328,267,80,123,-1,-1,-1,-1
52,1,78,173,832,213,-1,-1,-1,-1
52,2,1302,259,582,187,-1,-1,-1,-1
52,3,327,266,81,124,-1,-1,-1,-1
53,1,78,173,833,213,-1,-1,-1,-1
53,2,1302,259,583,188,-1,-1,-1,-1
53,3,327,265,81,125,-1,-1,-1,-1
54,1,77,173,835,213,-1,-1,-1,-1
54,2,1301,260,583,186,-1,-1,-1,-1
54,3,326,265,84,125,-1,-1,-1,-1
55,1,78,173,834,213,-1,-1,-1,-1
55,2,1296,260,591,186,-1,-1,-1,-1
55,3,326,266,84,124,-1,-1,-1,-1
56,1,78,173,834,213,-1,-1,-1,-1
56,2,1292,261,588,184,-1,-1,-1,-1
56,3,327,266,82,123,-1,-1,-1,-1
57,1,77,173,835,213,-1,-1,-1,-1
57,2,1293,260,593,185,-1,-1,-1,-1
57,3,326,266,83,124,-1,-1,-1,-1
58,1,78,173,834,213,-1,-1,-1,-1
58,2,1289,259,600,187,-1,-1,-1,-1
58,3,325,266,84,125,-1,-1,-1,-1
59,1,78,173,835,214,-1,-1,-1,-1
59,2,1288,259,601,188,-1,-1,-1,-1
59,3,325,266,84,124,-1,-1,-1,-1
60,1,76,172,838,216,-1,-1,-1,-1
60,2,1287,259,599,187,-1,-1,-1,-1
60,3,325,267,83,122,-1,-1,-1,-1
61,1,77,172,837,216,-1,-1,-1,-1
61,2,1284,259,601,186,-1,-1,-1,-1
61,3,325,267,83,122,-1,-1,-1,-1
62,1,77,172,837,215,-1,-1,-1,-1
62,2,1280,259,606,187,-1,-1,-1,-1
62,3,325,267,84,123,-1,-1,-1,-1
63,1,77,173,833,215,-1,-1,-1,-1
63,2,1279,259,599,186,-1,-1,-1,-1
63,3,325,268,83,121,-1,-1,-1,-1
64,1,76,172,836,216,-1,-1,-1,-1
64,2,1278,258,596,186,-1,-1,-1,-1
64,3,327,268,80,122,-1,-1,-1,-1
65,1,78,173,833,215,-1,-1,-1,-1
65,2,1274,258,582,187,-1,-1,-1,-1
65,3,327,267,81,123,-1,-1,-1,-1
66,1,76,172,837,216,-1,-1,-1,-1
66,2,1278,259,576,185,-1,-1,-1,-1
66,3,326,266,82,124,-1,-1,-1,-1
67,1,76,172,837,216,-1,-1,-1,-1
67,2,1278,259,549,184,-1,-1,-1,-1
67,3,327,267,80,122,-1,-1,-1,-1
68,1,77,172,836,216,-1,-1,-1,-1
68,2,1276,260,542,183,-1,-1,-1,-1
68,3,327,267,81,123,-1,-1,-1,-1
69,1,78,172,835,216,-1,-1,-1,-1
69,2,1278,260,521,183,-1,-1,-1,-1
69,3,326,267,83,123,-1,-1,-1,-1
70,1,77,172,836,216,-1,-1,-1,-1
70,2,1274,259,512,183,-1,-1,-1,-1
70,3,327,267,80,123,-1,-1,-1,-1
71,1,78,172,835,216,-1,-1,-1,-1
71,2,1276,259,502,182,-1,-1,-1,-1
71,3,326,266,82,125,-1,-1,-1,-1
72,1,77,172,836,216,-1,-1,-1,-1
72,2,1264,258,514,183,-1,-1,-1,-1
72,3,326,268,82,122,-1,-1,-1,-1
73,1,77,172,836,215,-1,-1,-1,-1
73,2,1268,260,505,180,-1,-1,-1,-1
73,3,326,268,82,121,-1,-1,-1,-1
74,1,78,173,835,213,-1,-1,-1,-1
74,2,1264,260,537,180,-1,-1,-1,-1
74,3,326,268,82,121,-1,-1,-1,-1
75,1,77,172,837,214,-1,-1,-1,-1
75,2,1267,260,542,181,-1,-1,-1,-1
75,3,326,268,81,122,-1,-1,-1,-1
76,1,78,173,835,212,-1,-1,-1,-1
76,2,1263,260,533,181,-1,-1,-1,-1
76,3,325,267,82,123,-1,-1,-1,-1
77,1,78,173,835,213,-1,-1,-1,-1
77,2,1260,259,529,182,-1,-1,-1,-1
77,3,325,266,83,125,-1,-1,-1,-1
78,1,78,173,835,213,-1,-1,-1,-1
78,2,1261,260,515,180,-1,-1,-1,-1
78,3,326,266,82,124,-1,-1,-1,-1
79,1,78,173,835,213,-1,-1,-1,-1
79,2,1258,260,512,180,-1,-1,-1,-1
79,3,326,265,83,126,-1,-1,-1,-1
80,1,78,173,835,213,-1,-1,-1,-1
80,2,1255,259,508,181,-1,-1,-1,-1
80,3,325,267,84,124,-1,-1,-1,-1
81,1,79,173,834,213,-1,-1,-1,-1
81,2,1254,259,508,181,-1,-1,-1,-1
81,3,325,267,83,123,-1,-1,-1,-1
82,1,79,173,835,214,-1,-1,-1,-1
82,2,1252,258,526,182,-1,-1,-1,-1
82,3,324,267,85,124,-1,-1,-1,-1
83,1,78,172,836,216,-1,-1,-1,-1
83,2,1253,259,528,181,-1,-1,-1,-1
83,3,327,266,81,124,-1,-1,-1,-1
84,1,78,172,836,215,-1,-1,-1,-1
84,2,1249,259,517,181,-1,-1,-1,-1
84,3,325,266,85,125,-1,-1,-1,-1
85,1,80,173,833,214,-1,-1,-1,-1
85,2,1249,259,512,180,-1,-1,-1,-1
85,3,325,266,85,125,-1,-1,-1,-1
86,1,79,172,834,216,-1,-1,-1,-1
86,2,1250,260,506,178,-1,-1,-1,-1
86,3,325,266,85,125,-1,-1,-1,-1
87,1,78,172,836,216,-1,-1,-1,-1
87,2,1248,260,507,179,-1,-1,-1,-1
87,3,325,266,85,125,-1,-1,-1,-1
88,1,81,172,825,216,-1,-1,-1,-1
88,2,1243,259,494,178,-1,-1,-1,-1
88,3,326,266,83,125,-1,-1,-1,-1
89,1,78,172,832,216,-1,-1,-1,-1
89,2,1241,258,492,179,-1,-1,-1,-1
89,3,327,268,82,123,-1,-1,-1,-1
90,1,78,172,835,216,-1,-1,-1,-1
90,2,1239,259,496,178,-1,-1,-1,-1
90,3,328,267,80,123,-1,-1,-1,-1
91,1,78,172,834,216,-1,-1,-1,-1
91,2,1225,259,502,178,-1,-1,-1,-1
91,3,327,266,82,124,-1,-1,-1,-1
92,1,77,172,835,216,-1,-1,-1,-1
92,2,1227,260,504,177,-1,-1,-1,-1
92,3,328,266,81,124,-1,-1,-1,-1
93,1,77,172,836,216,-1,-1,-1,-1
93,2,1217,260,508,176,-1,-1,-1,-1
93,3,327,266,82,125,-1,-1,-1,-1
94,1,77,172,837,216,-1,-1,-1,-1
94,2,1218,259,502,177,-1,-1,-1,-1
94,3,327,266,82,124,-1,-1,-1,-1
95,1,78,172,829,216,-1,-1,-1,-1
95,2,1209,259,512,177,-1,-1,-1,-1
95,3,328,265,80,125,-1,-1,-1,-1
96,1,78,172,827,216,-1,-1,-1,-1
96,2,1218,259,500,178,-1,-1,-1,-1
96,3,325,266,84,125,-1,-1,-1,-1
97,1,78,172,827,216,-1,-1,-1,-1
97,2,1224,259,488,177,-1,-1,-1,-1
97,3,325,266,84,125,-1,-1,-1,-1
98,1,78,172,827,216,-1,-1,-1,-1
98,2,1216,259,495,177,-1,-1,-1,-1
98,3,326,267,82,123,-1,-1,-1,-1
99,1,78,172,829,216,-1,-1,-1,-1
99,2,1214,260,496,175,-1,-1,-1,-1
99,3,327,266,81,124,-1,-1,-1,-1
100,1,77,172,837,216,-1,-1,-1,-1
100,2,1217,259,499,176,-1,-1,-1,-1
100,3,326,266,83,125,-1,-1,-1,-1
101,1,77,173,837,215,-1,-1,-1,-1
101,2,1215,259,510,176,-1,-1,-1,-1
101,3,328,267,81,124,-1,-1,-1,-1
102,1,78,174,835,213,-1,-1,-1,-1
102,2,1215,257,510,178,-1,-1,-1,-1
102,3,329,268,79,122,-1,-1,-1,-1
103,1,78,174,835,213,-1,-1,-1,-1
103,2,1211,257,509,179,-1,-1,-1,-1
103,3,329,268,79,123,-1,-1,-1,-1
104,1,79,174,825,214,-1,-1,-1,-1
104,2,1209,259,506,176,-1,-1,-1,-1
104,3,329,268,79,123,-1,-1,-1,-1
105,1,78,174,827,215,-1,-1,-1,-1
105,2,1211,260,505,174,-1,-1,-1,-1
105,3,329,267,79,123,-1,-1,-1,-1
106,1,77,173,838,215,-1,-1,-1,-1
106,2,1209,260,509,175,-1,-1,-1,-1
106,3,327,266,82,124,-1,-1,-1,-1
107,1,78,174,835,214,-1,-1,-1,-1
107,2,1208,261,514,173,-1,-1,-1,-1
107,3,326,267,83,124,-1,-1,-1,-1
108,1,78,173,837,215,-1,-1,-1,-1
108,2,1207,259,507,176,-1,-1,-1,-1
108,3,326,268,83,123,-1,-1,-1,-1
109,1,79,174,826,213,-1,-1,-1,-1
109,2,1206,257,509,177,-1,-1,-1,-1
109,3,327,268,81,122,-1,-1,-1,-1
110,1,78,173,826,214,-1,-1,-1,-1
110,2,1205,259,500,175,-1,-1,-1,-1
110,3,326,268,83,122,-1,-1,-1,-1
111,1,77,173,828,215,-1,-1,-1,-1
111,2,1204,259,506,174,-1,-1,-1,-1
111,3,326,267,82,123,-1,-1,-1,-1
112,1,78,174,825,214,-1,-1,-1,-1
112,2,1204,259,508,175,-1,-1,-1,-1
112,3,325,267,84,123,-1,-1,-1,-1
113,1,78,174,825,215,-1,-1,-1,-1
113,2,1206,260,481,173,-1,-1,-1,-1
113,3,326,268,82,121,-1,-1,-1,-1
114,1,78,174,826,215,-1,-1,-1,-1
114,2,1206,259,483,175,-1,-1,-1,-1
114,3,327,268,81,122,-1,-1,-1,-1
115,1,78,173,827,215,-1,-1,-1,-1
115,2,1206,260,464,171,-1,-1,-1,-1
115,3,327,268,82,123,-1,-1,-1,-1
116,1,78,173,835,214,-1,-1,-1,-1
116,2,1205,257,461,174,-1,-1,-1,-1
116,3,327,269,81,122,-1,-1,-1,-1
117,1,79,173,832,213,-1,-1,-1,-1
117,2,1204,260,469,171,-1,-1,-1,-1
117,3,327,268,82,123,-1,-1,-1,-1
118,1,78,172,834,214,-1,-1,-1,-1
118,2,1202,261,489,171,-1,-1,-1,-1
118,3,327,269,81,122,-1,-1,-1,-1
119,1,78,173,835,214,-1,-1,-1,-1
119,2,1201,260,483,173,-1,-1,-1,-1
119,3,327,268,81,123,-1,-1,-1,-1
120,1,77,173,836,215,-1,-1,-1,-1
120,2,1198,259,491,175,-1,-1,-1,-1
120,3,326,267,82,123,-1,-1,-1,-1
121,1,78,174,835,213,-1,-1,-1,-1
121,2,1193,258,486,174,-1,-1,-1,-1
121,3,326,266,83,125,-1,-1,-1,-1
122,1,77,173,837,214,-1,-1,-1,-1
122,2,1191,259,485,173,-1,-1,-1,-1
122,3,328,266,81,125,-1,-1,-1,-1
123,1,78,173,826,214,-1,-1,-1,-1
123,2,1191,258,486,174,-1,-1,-1,-1
123,3,328,266,82,125,-1,-1,-1,-1
124,1,78,172,834,215,-1,-1,-1,-1
124,2,1181,260,484,172,-1,-1,-1,-1
124,3,326,267,84,123,-1,-1,-1,-1
125,1,78,172,834,214,-1,-1,-1,-1
125,2,1185,261,480,171,-1,-1,-1,-1
125,3,327,268,82,122,-1,-1,-1,-1
126,1,79,173,825,214,-1,-1,-1,-1
126,2,1178,260,511,172,-1,-1,-1,-1
126,3,328,266,81,124,-1,-1,-1,-1
127,1,78,173,826,215,-1,-1,-1,-1
127,2,1174,260,515,171,-1,-1,-1,-1
127,3,327,265,83,126,-1,-1,-1,-1
128,1,79,173,824,214,-1,-1,-1,-1
128,2,1173,260,517,171,-1,-1,-1,-1
128,3,327,265,83,126,-1,-1,-1,-1
129,1,79,173,826,215,-1,-1,-1,-1
129,2,1136,259,557,172,-1,-1,-1,-1
129,3,326,265,83,126,-1,-1,-1,-1
130,1,80,174,824,214,-1,-1,-1,-1
130,2,1152,258,529,174,-1,-1,-1,-1
130,3,325,265,84,126,-1,-1,-1,-1
131,1,77,173,837,214,-1,-1,-1,-1
131,2,1137,258,516,174,-1,-1,-1,-1
131,3,327,266,82,125,-1,-1,-1,-1
132,1,79,172,835,214,-1,-1,-1,-1
132,2,1175,259,491,173,-1,-1,-1,-1
132,3,327,265,82,125,-1,-1,-1,-1
133,1,78,172,837,214,-1,-1,-1,-1
133,2,1163,259,491,172,-1,-1,-1,-1
133,3,326,265,84,126,-1,-1,-1,-1
134,1,77,173,838,214,-1,-1,-1,-1
134,2,1159,259,505,171,-1,-1,-1,-1
134,3,329,266,81,125,-1,-1,-1,-1
135,1,78,173,837,214,-1,-1,-1,-1
135,2,1167,259,470,171,-1,-1,-1,-1
135,3,328,267,81,124,-1,-1,-1,-1
136,1,79,173,826,215,-1,-1,-1,-1
136,2,1172,258,488,172,-1,-1,-1,-1
136,3,329,266,80,124,-1,-1,-1,-1
137,1,77,173,838,214,-1,-1,-1,-1
137,2,1141,258,515,172,-1,-1,-1,-1
137,3,329,265,80,126,-1,-1,-1,-1
138,1,79,174,826,213,-1,-1,-1,-1
138,2,1173,258,458,171,-1,-1,-1,-1
138,3,327,266,82,125,-1,-1,-1,-1
139,1,77,173,836,214,-1,-1,-1,-1
139,2,1173,259,482,170,-1,-1,-1,-1
139,3,326,267,83,124,-1,-1,-1,-1
140,1,79,173,827,214,-1,-1,-1,-1
140,2,1169,261,469,169,-1,-1,-1,-1
140,3,327,266,81,124,-1,-1,-1,-1
141,1,79,173,826,214,-1,-1,-1,-1
141,2,1170,259,473,171,-1,-1,-1,-1
141,3,327,265,81,126,-1,-1,-1,-1
142,1,77,172,839,215,-1,-1,-1,-1
142,2,1169,259,448,171,-1,-1,-1,-1
142,3,325,268,83,123,-1,-1,-1,-1
143,1,77,173,839,214,-1,-1,-1,-1
143,2,1170,260,462,169,-1,-1,-1,-1
143,3,325,269,83,121,-1,-1,-1,-1
144,1,80,173,826,213,-1,-1,-1,-1
144,2,1163,260,467,169,-1,-1,-1,-1
144,3,327,269,81,121,-1,-1,-1,-1
145,1,78,173,827,214,-1,-1,-1,-1
145,2,1164,258,491,172,-1,-1,-1,-1
145,3,327,269,81,121,-1,-1,-1,-1
146,1,79,173,828,213,-1,-1,-1,-1
146,2,1164,258,488,172,-1,-1,-1,-1
146,3,327,268,81,122,-1,-1,-1,-1
147,1,77,172,836,214,-1,-1,-1,-1
147,2,1165,260,439,168,-1,-1,-1,-1
147,3,330,267,78,123,-1,-1,-1,-1
148,1,77,172,838,214,-1,-1,-1,-1
148,2,1165,261,442,166,-1,-1,-1,-1
148,3,329,266,80,125,-1,-1,-1,-1
149,1,78,172,837,214,-1,-1,-1,-1
149,2,1157,260,458,167,-1,-1,-1,-1
149,3,330,266,79,125,-1,-1,-1,-1
150,1,78,173,836,214,-1,-1,-1,-1
150,2,1151,261,459,165,-1,-1,-1,-1
150,3,329,267,80,124,-1,-1,-1,-1
151,1,78,172,833,216,-1,-1,-1,-1
151,2,1147,260,451,167,-1,-1,-1,-1
151,3,328,267,81,123,-1,-1,-1,-1
152,1,77,173,837,215,-1,-1,-1,-1
152,2,1142,260,466,167,-1,-1,-1,-1
152,3,329,267,79,123,-1,-1,-1,-1
153,1,78,174,835,214,-1,-1,-1,-1
153,2,1129,260,466,167,-1,-1,-1,-1
153,3,328,266,81,125,-1,-1,-1,-1
154,1,78,174,836,214,-1,-1,-1,-1
154,2,1130,260,452,168,-1,-1,-1,-1
154,3,329,266,79,125,-1,-1,-1,-1
155,1,78,174,835,215,-1,-1,-1,-1
155,2,1131,260,457,167,-1,-1,-1,-1
155,3,329,266,80,125,-1,-1,-1,-1
156,1,77,173,838,215,-1,-1,-1,-1
156,2,1150,261,427,166,-1,-1,-1,-1
156,3,328,266,81,125,-1,-1,-1,-1
157,1,77,173,834,214,-1,-1,-1,-1
157,2,1132,260,442,168,-1,-1,-1,-1
157,3,329,267,80,124,-1,-1,-1,-1
158,1,76,172,837,216,-1,-1,-1,-1
158,2,1149,259,425,169,-1,-1,-1,-1
158,3,329,268,79,122,-1,-1,-1,-1
159,1,76,173,839,215,-1,-1,-1,-1
159,2,1141,259,432,168,-1,-1,-1,-1
159,3,328,268,80,122,-1,-1,-1,-1
160,1,76,172,841,215,-1,-1,-1,-1
160,2,1150,259,419,168,-1,-1,-1,-1
160,3,329,267,79,123,-1,-1,-1,-1
161,1,77,173,837,214,-1,-1,-1,-1
161,2,1152,259,414,168,-1,-1,-1,-1
161,3,329,266,79,124,-1,-1,-1,-1
162,1,76,172,838,216,-1,-1,-1,-1
162,2,1154,260,412,167,-1,-1,-1,-1
162,3,328,265,81,126,-1,-1,-1,-1
163,1,77,172,837,216,-1,-1,-1,-1
163,2,1152,260,411,166,-1,-1,-1,-1
163,3,327,265,82,126,-1,-1,-1,-1
164,1,78,172,835,216,-1,-1,-1,-1
164,2,1143,260,418,166,-1,-1,-1,-1
164,3,327,266,82,125,-1,-1,-1,-1
165,1,77,173,839,215,-1,-1,-1,-1
165,2,1117,260,439,165,-1,-1,-1,-1
165,3,328,267,81,124,-1,-1,-1,-1
166,1,78,173,837,214,-1,-1,-1,-1
166,2,1148,260,407,165,-1,-1,-1,-1
166,3,326,266,84,125,-1,-1,-1,-1
167,1,78,172,837,216,-1,-1,-1,-1
167,2,1119,258,436,165,-1,-1,-1,-1
167,3,326,266,84,125,-1,-1,-1,-1
168,1,77,173,838,215,-1,-1,-1,-1
168,2,1124,259,432,164,-1,-1,-1,-1
168,3,327,266,82,124,-1,-1,-1,-1
169,1,77,173,837,215,-1,-1,-1,-1
169,2,1138,261,414,162,-1,-1,-1,-1
169,3,325,265,84,126,-1,-1,-1,-1
170,1,76,172,839,216,-1,-1,-1,-1
170,2,1141,260,428,164,-1,-1,-1,-1
170,3,325,266,84,125,-1,-1,-1,-1
171,1,77,172,838,215,-1,-1,-1,-1
171,2,1122,260,435,164,-1,-1,-1,-1
171,3,324,267,85,124,-1,-1,-1,-1
172,1,78,173,838,215,-1,-1,-1,-1
172,2,1137,260,430,164,-1,-1,-1,-1
172,3,325,268,83,122,-1,-1,-1,-1
173,1,79,173,826,215,-1,-1,-1,-1
173,2,1137,260,422,165,-1,-1,-1,-1
173,3,327,267,81,123,-1,-1,-1,-1
174,1,78,172,827,216,-1,-1,-1,-1
174,2,1129,259,421,164,-1,-1,-1,-1
174,3,326,267,83,123,-1,-1,-1,-1
175,1,77,172,838,215,-1,-1,-1,-1
175,2,1123,260,429,163,-1,-1,-1,-1
175,3,328,266,81,124,-1,-1,-1,-1
176,1,78,172,838,215,-1,-1,-1,-1
176,2,1117,260,431,164,-1,-1,-1,-1
176,3,327,265,83,126,-1,-1,-1,-1
177,1,78,173,836,215,-1,-1,-1,-1
177,2,1117,260,438,163,-1,-1,-1,-1
177,3,327,266,83,125,-1,-1,-1,-1
178,1,78,173,835,215,-1,-1,-1,-1
178,2,1114,260,429,164,-1,-1,-1,-1
178,3,327,266,83,125,-1,-1,-1,-1
179,1,77,172,839,217,-1,-1,-1,-1
179,2,1116,260,426,163,-1,-1,-1,-1
179,3,327,266,82,124,-1,-1,-1,-1
180,1,76,172,840,217,-1,-1,-1,-1
180,2,1117,261,439,161,-1,-1,-1,-1
180,3,327,265,82,126,-1,-1,-1,-1
181,1,78,173,827,216,-1,-1,-1,-1
181,2,1116,260,447,161,-1,-1,-1,-1
181,3,327,265,82,126,-1,-1,-1,-1
182,1,79,173,825,215,-1,-1,-1,-1
182,2,1115,262,430,160,-1,-1,-1,-1
182,3,326,265,83,126,-1,-1,-1,-1
183,1,78,172,827,217,-1,-1,-1,-1
183,2,1114,261,416,161,-1,-1,-1,-1
183,3,326,266,83,125,-1,-1,-1,-1
184,1,77,172,828,217,-1,-1,-1,-1
184,2,1115,261,413,161,-1,-1,-1,-1
184,3,325,265,85,126,-1,-1,-1,-1
185,1,78,172,833,217,-1,-1,-1,-1
185,2,1117,261,409,161,-1,-1,-1,-1
185,3,324,265,86,126,-1,-1,-1,-1
186,1,77,172,836,217,-1,-1,-1,-1
186,2,1115,261,408,161,-1,-1,-1,-1
186,3,325,265,84,126,-1,-1,-1,-1
187,1,77,172,837,217,-1,-1,-1,-1
187,2,1116,261,404,161,-1,-1,-1,-1
187,3,323,266,87,125,-1,-1,-1,-1
188,1,78,172,836,217,-1,-1,-1,-1
188,2,1114,261,407,161,-1,-1,-1,-1
188,3,324,266,85,124,-1,-1,-1,-1
189,1,78,173,835,216,-1,-1,-1,-1
189,2,1118,261,402,161,-1,-1,-1,-1
189,3,325,265,84,125,-1,-1,-1,-1
190,1,79,173,834,215,-1,-1,-1,-1
190,2,1115,260,406,162,-1,-1,-1,-1
190,3,325,265,85,126,-1,-1,-1,-1
191,1,78,173,834,216,-1,-1,-1,-1
191,2,1116,261,402,160,-1,-1,-1,-1
191,3,325,266,84,125,-1,-1,-1,-1
192,1,79,174,831,214,-1,-1,-1,-1
192,2,1115,261,404,160,-1,-1,-1,-1
192,3,325,266,84,125,-1,-1,-1,-1
193,1,78,173,837,215,-1,-1,-1,-1
193,2,1114,260,405,162,-1,-1,-1,-1
193,3,326,266,84,125,-1,-1,-1,-1
194,1,78,172,834,217,-1,-1,-1,-1
194,2,1107,260,412,163,-1,-1,-1,-1
194,3,327,267,82,123,-1,-1,-1,-1
195,1,78,173,835,216,-1,-1,-1,-1
195,2,1107,260,412,163,-1,-1,-1,-1
195,3,327,267,82,123,-1,-1,-1,-1
196,1,77,172,837,217,-1,-1,-1,-1
196,2,1108,260,428,162,-1,-1,-1,-1
196,3,326,266,83,124,-1,-1,-1,-1
197,1,77,172,837,217,-1,-1,-1,-1
197,2,1106,261,421,161,-1,-1,-1,-1
197,3,325,266,85,125,-1,-1,-1,-1
198,1,77,172,835,217,-1,-1,-1,-1
198,2,1110,262,408,159,-1,-1,-1,-1
198,3,327,266,81,125,-1,-1,-1,-1
199,1,76,173,837,216,-1,-1,-1,-1
199,2,1104,261,415,160,-1,-1,-1,-1
199,3,326,265,83,127,-1,-1,-1,-1
200,1,79,174,828,214,-1,-1,-1,-1
200,2,1105,260,423,161,-1,-1,-1,-1
200,3,326,265,82,127,-1,-1,-1,-1
201,1,78,173,827,215,-1,-1,-1,-1
201,2,1102,260,425,161,-1,-1,-1,-1
201,3,324,268,85,123,-1,-1,-1,-1
202,1,76,172,838,215,-1,-1,-1,-1
202,2,1101,259,426,163,-1,-1,-1,-1
202,3,326,268,82,122,-1,-1,-1,-1
203,1,78,173,835,213,-1,-1,-1,-1
203,2,1102,259,407,162,-1,-1,-1,-1
203,3,328,267,81,123,-1,-1,-1,-1
204,1,79,173,835,213,-1,-1,-1,-1
204,2,1101,261,410,159,-1,-1,-1,-1
204,3,326,267,83,124,-1,-1,-1,-1
205,1,80,173,834,213,-1,-1,-1,-1
205,2,1099,262,403,158,-1,-1,-1,-1
205,3,327,267,81,123,-1,-1,-1,-1
206,1,79,173,833,214,-1,-1,-1,-1
206,2,1097,260,406,161,-1,-1,-1,-1
206,3,327,267,82,124,-1,-1,-1,-1
207,1,78,172,835,215,-1,-1,-1,-1
207,2,1095,260,409,162,-1,-1,-1,-1
207,3,328,267,80,124,-1,-1,-1,-1
208,1,77,172,837,215,-1,-1,-1,-1
208,2,1096,260,403,161,-1,-1,-1,-1
208,3,327,266,82,126,-1,-1,-1,-1
209,1,79,172,835,215,-1,-1,-1,-1
209,2,1091,261,402,159,-1,-1,-1,-1
209,3,325,268,84,122,-1,-1,-1,-1
210,1,80,172,829,215,-1,-1,-1,-1
210,2,1094,260,400,159,-1,-1,-1,-1
210,3,326,268,82,122,-1,-1,-1,-1
211,1,78,172,829,215,-1,-1,-1,-1
211,2,1090,260,403,160,-1,-1,-1,-1
211,3,327,268,81,123,-1,-1,-1,-1
212,1,78,173,834,213,-1,-1,-1,-1
212,2,1093,261,399,158,-1,-1,-1,-1
212,3,325,267,84,124,-1,-1,-1,-1
213,1,79,173,828,214,-1,-1,-1,-1
213,2,1088,261,408,158,-1,-1,-1,-1
213,3,327,267,81,123,-1,-1,-1,-1
214,1,79,173,826,215,-1,-1,-1,-1
214,2,1085,262,402,158,-1,-1,-1,-1
214,3,326,266,83,125,-1,-1,-1,-1
215,1,78,173,829,215,-1,-1,-1,-1
215,2,1088,261,392,157,-1,-1,-1,-1
215,3,327,266,81,125,-1,-1,-1,-1
216,1,78,172,836,216,-1,-1,-1,-1
216,2,1089,261,386,158,-1,-1,-1,-1
216,3,329,267,79,124,-1,-1,-1,-1
217,1,78,173,828,215,-1,-1,-1,-1
217,2,1086,261,393,158,-1,-1,-1,-1
217,3,325,267,83,124,-1,-1,-1,-1
218,1,76,173,830,215,-1,-1,-1,-1
218,2,1083,260,412,159,-1,-1,-1,-1
218,3,330,267,78,123,-1,-1,-1,-1
219,1,76,172,839,214,-1,-1,-1,-1
219,2,1083,260,401,159,-1,-1,-1,-1
219,3,330,268,79,121,-1,-1,-1,-1
220,1,78,172,836,215,-1,-1,-1,-1
220,2,1083,260,406,158,-1,-1,-1,-1
220,3,328,267,80,122,-1,-1,-1,-1
221,1,77,171,839,217,-1,-1,-1,-1
221,2,1083,261,396,158,-1,-1,-1,-1
221,3,329,267,79,124,-1,-1,-1,-1
222,1,77,171,839,217,-1,-1,-1,-1
222,2,1082,261,388,157,-1,-1,-1,-1
222,3,327,266,82,125,-1,-1,-1,-1
223,1,77,171,838,217,-1,-1,-1,-1
223,2,1082,260,397,158,-1,-1,-1,-1
223,3,329,267,79,124,-1,-1,-1,-1
224,1,77,171,838,217,-1,-1,-1,-1
224,2,1079,261,405,158,-1,-1,-1,-1
224,3,328,266,81,126,-1,-1,-1,-1
225,1,78,172,837,216,-1,-1,-1,-1
225,2,1074,262,424,157,-1,-1,-1,-1
225,3,329,266,80,125,-1,-1,-1,-1
226,1,78,173,837,214,-1,-1,-1,-1
226,2,1077,262,418,156,-1,-1,-1,-1
226,3,331,266,77,124,-1,-1,-1,-1
227,1,79,173,826,215,-1,-1,-1,-1
227,2,1074,261,429,158,-1,-1,-1,-1
227,3,327,265,81,125,-1,-1,-1,-1
228,1,77,172,836,216,-1,-1,-1,-1
228,2,1074,260,422,159,-1,-1,-1,-1
228,3,327,265,80,124,-1,-1,-1,-1
229,1,77,173,837,214,-1,-1,-1,-1
229,2,1071,260,421,160,-1,-1,-1,-1
229,3,328,266,80,124,-1,-1,-1,-1
230,1,77,172,838,215,-1,-1,-1,-1
230,2,1073,260,408,159,-1,-1,-1,-1
230,3,328,265,80,125,-1,-1,-1,-1
231,1,78,173,835,214,-1,-1,-1,-1
231,2,1066,259,412,160,-1,-1,-1,-1
231,3,328,264,81,126,-1,-1,-1,-1
232,1,79,173,829,215,-1,-1,-1,-1
232,2,1069,258,408,161,-1,-1,-1,-1
232,3,328,265,81,125,-1,-1,-1,-1
233,1,80,173,825,214,-1,-1,-1,-1
233,2,1065,260,413,160,-1,-1,-1,-1
233,3,327,266,82,124,-1,-1,-1,-1
234,1,78,173,834,214,-1,-1,-1,-1
234,2,1065,259,411,160,-1,-1,-1,-1
234,3,328,266,80,123,-1,-1,-1,-1
235,1,79,172,828,216,-1,-1,-1,-1
235,2,1064,261,410,157,-1,-1,-1,-1
235,3,326,266,83,123,-1,-1,-1,-1
236,1,79,172,827,216,-1,-1,-1,-1
236,2,1065,261,406,157,-1,-1,-1,-1
236,3,327,266,82,124,-1,-1,-1,-1
237,1,79,172,828,216,-1,-1,-1,-1
237,2,1062,260,412,158,-1,-1,-1,-1
237,3,328,267,80,122,-1,-1,-1,-1
238,1,77,172,838,215,-1,-1,-1,-1
238,2,1062,260,414,158,-1,-1,-1,-1
238,3,327,267,82,123,-1,-1,-1,-1
239,1,78,173,836,213,-1,-1,-1,-1
239,2,1061,260,406,158,-1,-1,-1,-1
239,3,329,267,80,122,-1,-1,-1,-1
240,1,77,172,835,214,-1,-1,-1,-1
240,2,1058,260,416,159,-1,-1,-1,-1
240,3,328,267,82,122,-1,-1,-1,-1
241,1,79,173,829,213,-1,-1,-1,-1
241,2,1059,259,396,158,-1,-1,-1,-1
241,3,327,267,82,123,-1,-1,-1,-1
242,1,77,172,839,214,-1,-1,-1,-1
242,2,1060,260,413,157,-1,-1,-1,-1
242,3,328,266,81,123,-1,-1,-1,-1
243,1,78,173,837,213,-1,-1,-1,-1
243,2,1059,260,416,158,-1,-1,-1,-1
243,3,327,265,82,125,-1,-1,-1,-1
244,1,78,173,837,213,-1,-1,-1,-1
244,2,1056,260,415,158,-1,-1,-1,-1
244,3,326,265,83,125,-1,-1,-1,-1
245,1,77,172,840,214,-1,-1,-1,-1
245,2,1052,262,408,155,-1,-1,-1,-1
245,3,328,265,81,124,-1,-1,-1,-1
246,1,79,173,835,212,-1,-1,-1,-1
246,2,1054,263,404,154,-1,-1,-1,-1
246,3,329,266,79,122,-1,-1,-1,-1
247,1,79,173,835,213,-1,-1,-1,-1
247,2,1052,261,406,155,-1,-1,-1,-1
247,3,328,266,81,123,-1,-1,-1,-1
248,1,79,172,835,215,-1,-1,-1,-1
248,2,1054,261,375,154,-1,-1,-1,-1
248,3,329,266,79,123,-1,-1,-1,-1
249,1,78,172,836,215,-1,-1,-1,-1
249,2,1052,262,413,155,-1,-1,-1,-1
249,3,329,265,80,124,-1,-1,-1,-1
250,1,78,173,835,214,-1,-1,-1,-1
250,2,1050,261,415,156,-1,-1,-1,-1
250,3,329,264,80,126,-1,-1,-1,-1
251,1,78,172,831,216,-1,-1,-1,-1
251,2,1047,261,421,157,-1,-1,-1,-1
251,3,325,268,84,122,-1,-1,-1,-1
252,1,77,172,832,215,-1,-1,-1,-1
252,2,1044,260,423,156,-1,-1,-1,-1
252,3,327,268,81,121,-1,-1,-1,-1
253,1,78,173,830,213,-1,-1,-1,-1
253,2,1042,259,424,158,-1,-1,-1,-1
253,3,326,267,83,122,-1,-1,-1,-1
254,1,77,173,831,213,-1,-1,-1,-1
254,2,1041,258,425,159,-1,-1,-1,-1
254,3,326,268,83,122,-1,-1,-1,-1
255,1,78,173,830,213,-1,-1,-1,-1
255,2,1041,260,423,158,-1,-1,-1,-1
255,3,327,268,82,121,-1,-1,-1,-1
256,1,78,173,830,213,-1,-1,-1,-1
256,2,1041,260,421,157,-1,-1,-1,-1
256,3,326,268,83,121,-1,-1,-1,-1
257,1,77,173,830,213,-1,-1,-1,-1
257,2,1040,260,422,157,-1,-1,-1,-1
257,3,326,268,83,121,-1,-1,-1,-1
258,1,79,173,828,214,-1,-1,-1,-1
258,2,1037,260,425,157,-1,-1,-1,-1
258,3,326,268,83,121,-1,-1,-1,-1
259,1,78,172,830,216,-1,-1,-1,-1
259,2,1038,261,418,155,-1,-1,-1,-1
259,3,326,268,82,121,-1,-1,-1,-1
260,1,77,172,832,216,-1,-1,-1,-1
260,2,1037,262,419,153,-1,-1,-1,-1
260,3,328,268,81,122,-1,-1,-1,-1
261,1,77,172,832,216,-1,-1,-1,-1
261,2,1036,260,416,155,-1,-1,-1,-1
261,3,327,268,81,121,-1,-1,-1,-1
262,1,77,172,838,215,-1,-1,-1,-1
262,2,1033,260,421,156,-1,-1,-1,-1
262,3,327,268,81,122,-1,-1,-1,-1
263,1,77,173,838,213,-1,-1,-1,-1
263,2,1036,261,417,155,-1,-1,-1,-1
263,3,328,268,81,122,-1,-1,-1,-1
264,1,77,173,838,213,-1,-1,-1,-1
264,2,1036,261,416,154,-1,-1,-1,-1
264,3,329,266,80,124,-1,-1,-1,-1
265,1,77,173,834,215,-1,-1,-1,-1
265,2,1032,258,416,157,-1,-1,-1,-1
265,3,328,265,81,126,-1,-1,-1,-1
266,1,76,172,839,216,-1,-1,-1,-1
266,2,1030,257,423,159,-1,-1,-1,-1
266,3,328,265,82,126,-1,-1,-1,-1
267,1,77,172,837,216,-1,-1,-1,-1
267,2,1032,261,412,154,-1,-1,-1,-1
267,3,329,266,81,125,-1,-1,-1,-1
268,1,77,172,838,216,-1,-1,-1,-1
268,2,1030,261,411,153,-1,-1,-1,-1
268,3,330,266,79,124,-1,-1,-1,-1
269,1,78,172,837,216,-1,-1,-1,-1
269,2,1027,261,420,154,-1,-1,-1,-1
269,3,330,265,80,126,-1,-1,-1,-1
270,1,79,172,835,216,-1,-1,-1,-1
270,2,1027,261,419,154,-1,-1,-1,-1
270,3,330,265,80,126,-1,-1,-1,-1
271,1,78,172,837,216,-1,-1,-1,-1
271,2,1027,261,415,155,-1,-1,-1,-1
271,3,330,265,80,126,-1,-1,-1,-1
272,1,79,172,836,216,-1,-1,-1,-1
272,2,1026,260,415,155,-1,-1,-1,-1
272,3,330,265,80,126,-1,-1,-1,-1
273,1,80,172,834,216,-1,-1,-1,-1
273,2,1024,260,421,156,-1,-1,-1,-1
273,3,330,265,80,126,-1,-1,-1,-1
274,1,79,172,833,216,-1,-1,-1,-1
274,2,1022,260,421,155,-1,-1,-1,-1
274,3,328,266,82,125,-1,-1,-1,-1
275,1,79,172,832,216,-1,-1,-1,-1
275,2,1022,259,420,157,-1,-1,-1,-1
275,3,329,266,80,125,-1,-1,-1,-1
276,1,78,172,833,216,-1,-1,-1,-1
276,2,1021,259,420,156,-1,-1,-1,-1
276,3,330,267,80,123,-1,-1,-1,-1
277,1,80,172,829,216,-1,-1,-1,-1
277,2,1019,260,422,155,-1,-1,-1,-1
277,3,329,267,80,124,-1,-1,-1,-1
278,1,79,172,834,216,-1,-1,-1,-1
278,2,1018,261,417,156,-1,-1,-1,-1
278,3,328,266,82,126,-1,-1,-1,-1
279,1,80,173,834,215,-1,-1,-1,-1
279,2,1018,262,413,155,-1,-1,-1,-1
279,3,326,266,84,125,-1,-1,-1,-1
280,1,78,172,837,216,-1,-1,-1,-1
280,2,1018,262,414,155,-1,-1,-1,-1
280,3,327,266,81,124,-1,-1,-1,-1
281,1,79,173,836,215,-1,-1,-1,-1
281,2,1019,261,414,155,-1,-1,-1,-1
281,3,328,265,81,125,-1,-1,-1,-1
282,1,77,172,838,217,-1,-1,-1,-1
282,2,995,262,441,153,-1,-1,-1,-1
282,3,327,265,83,126,-1,-1,-1,-1
283,1,79,172,829,217,-1,-1,-1,-1
283,2,965,260,468,154,-1,-1,-1,-1
283,3,327,265,82,126,-1,-1,-1,-1
284,1,77,172,837,217,-1,-1,-1,-1
284,2,1005,261,427,155,-1,-1,-1,-1
284,3,326,265,83,126,-1,-1,-1,-1
285,1,78,172,836,217,-1,-1,-1,-1
285,2,985,260,447,155,-1,-1,-1,-1
285,3,326,265,83,126,-1,-1,-1,-1
286,1,78,172,837,217,-1,-1,-1,-1
286,2,975,260,457,155,-1,-1,-1,-1
286,3,326,265,84,125,-1,-1,-1,-1
287,1,77,172,838,216,-1,-1,-1,-1
287,2,999,261,431,153,-1,-1,-1,-1
287,3,327,266,82,123,-1,-1,-1,-1
288,1,80,173,827,215,-1,-1,-1,-1
288,2,999,260,431,154,-1,-1,-1,-1
288,3,327,266,82,123,-1,-1,-1,-1
289,1,78,172,831,216,-1,-1,-1,-1
289,2,992,260,430,152,-1,-1,-1,-1
289,3,327,267,82,124,-1,-1,-1,-1
290,1,79,173,827,215,-1,-1,-1,-1
290,2,1002,261,418,151,-1,-1,-1,-1
290,3,327,268,81,122,-1,-1,-1,-1
291,1,78,172,830,216,-1,-1,-1,-1
291,2,1011,261,409,151,-1,-1,-1,-1
291,3,328,267,81,123,-1,-1,-1,-1
292,1,79,173,827,215,-1,-1,-1,-1
292,2,979,260,442,152,-1,-1,-1,-1
292,3,328,267,81,123,-1,-1,-1,-1
293,1,78,172,829,217,-1,-1,-1,-1
293,2,965,259,453,153,-1,-1,-1,-1
293,3,329,267,80,123,-1,-1,-1,-1
294,1,78,172,829,217,-1,-1,-1,-1
294,2,950,259,467,154,-1,-1,-1,-1
294,3,329,267,80,123,-1,-1,-1,-1
295,1,77,172,837,217,-1,-1,-1,-1
295,2,1004,261,411,151,-1,-1,-1,-1
295,3,329,267,80,123,-1,-1,-1,-1
296,1,79,172,828,217,-1,-1,-1,-1
296,2,960,261,444,151,-1,-1,-1,-1
296,3,328,266,81,124,-1,-1,-1,-1
297,1,78,172,829,217,-1,-1,-1,-1
297,2,972,260,439,152,-1,-1,-1,-1
297,3,327,265,82,126,-1,-1,-1,-1
298,1,78,172,829,217,-1,-1,-1,-1
298,2,996,261,414,151,-1,-1,-1,-1
298,3,326,265,83,126,-1,-1,-1,-1
299,1,79,172,827,216,-1,-1,-1,-1
299,2,985,262,425,149,-1,-1,-1,-1
299,3,326,265,83,126,-1,-1,-1,-1
300,1,79,171,828,218,-1,-1,-1,-1
300,2,951,262,455,149,-1,-1,-1,-1
300,3,326,265,83,125,-1,-1,-1,-1
301,1,78,172,836,215,-1,-1,-1,-1
301,2,997,261,404,150,-1,-1,-1,-1
301,3,328,266,80,124,-1,-1,-1,-1
302,1,80,173,833,214,-1,-1,-1,-1
302,2,1003,261,405,150,-1,-1,-1,-1
302,3,327,265,82,126,-1,-1,-1,-1
303,1,80,173,833,214,-1,-1,-1,-1
303,2,1003,261,400,151,-1,-1,-1,-1
303,3,328,265,80,126,-1,-1,-1,-1
304,1,81,173,831,214,-1,-1,-1,-1
304,2,1001,261,403,151,-1,-1,-1,-1
304,3,329,265,79,125,-1,-1,-1,-1
305,1,81,173,832,214,-1,-1,-1,-1
305,2,992,260,409,152,-1,-1,-1,-1
305,3,327,266,82,125,-1,-1,-1,-1
306,1,80,173,834,214,-1,-1,-1,-1
306,2,995,261,404,151,-1,-1,-1,-1
306,3,328,267,80,123,-1,-1,-1,-1
307,1,81,173,832,214,-1,-1,-1,-1
307,2,995,260,405,152,-1,-1,-1,-1
307,3,327,267,81,124,-1,-1,-1,-1
308,1,81,173,832,214,-1,-1,-1,-1
308,2,994,260,407,152,-1,-1,-1,-1
308,3,327,268,81,122,-1,-1,-1,-1
309,1,81,172,832,215,-1,-1,-1,-1
309,2,996,261,400,150,-1,-1,-1,-1
309,3,328,267,79,123,-1,-1,-1,-1
310,1,80,171,828,216,-1,-1,-1,-1
310,2,992,262,394,149,-1,-1,-1,-1
310,3,329,266,79,124,-1,-1,-1,-1
311,1,80,171,828,215,-1,-1,-1,-1
311,2,981,262,406,150,-1,-1,-1,-1
311,3,329,266,79,125,-1,-1,-1,-1
312,1,80,172,828,215,-1,-1,-1,-1
312,2,971,262,416,149,-1,-1,-1,-1
312,3,330,267,78,124,-1,-1,-1,-1
313,1,79,172,830,215,-1,-1,-1,-1
313,2,981,261,411,150,-1,-1,-1,-1
313,3,329,267,79,124,-1,-1,-1,-1
314,1,80,173,827,213,-1,-1,-1,-1
314,2,975,260,416,151,-1,-1,-1,-1
314,3,329,267,79,123,-1,-1,-1,-1
315,1,80,173,826,214,-1,-1,-1,-1
315,2,977,260,412,151,-1,-1,-1,-1
315,3,329,267,79,123,-1,-1,-1,-1
316,1,79,172,829,215,-1,-1,-1,-1
316,2,985,261,402,149,-1,-1,-1,-1
316,3,329,267,80,123,-1,-1,-1,-1
317,1,80,173,826,214,-1,-1,-1,-1
317,2,984,261,404,150,-1,-1,-1,-1
317,3,329,267,80,123,-1,-1,-1,-1
318,1,79,173,827,215,-1,-1,-1,-1
318,2,984,262,401,150,-1,-1,-1,-1
318,3,329,266,79,124,-1,-1,-1,-1
319,1,79,172,828,215,-1,-1,-1,-1
319,2,986,262,398,150,-1,-1,-1,-1
319,3,328,266,80,125,-1,-1,-1,-1
320,1,81,173,825,214,-1,-1,-1,-1
320,2,983,261,390,150,-1,-1,-1,-1
320,3,328,266,79,125,-1,-1,-1,-1
321,1,79,173,835,215,-1,-1,-1,-1
321,2,985,262,385,149,-1,-1,-1,-1
321,3,326,268,83,124,-1,-1,-1,-1
322,1,80,173,828,215,-1,-1,-1,-1
322,2,985,262,397,148,-1,-1,-1,-1
322,3,328,267,80,123,-1,-1,-1,-1
323,1,79,173,829,215,-1,-1,-1,-1
323,2,979,262,404,148,-1,-1,-1,-1
323,3,328,267,80,123,-1,-1,-1,-1
324,1,79,173,829,215,-1,-1,-1,-1
324,2,980,262,382,148,-1,-1,-1,-1
324,3,329,266,79,124,-1,-1,-1,-1
325,1,80,173,827,215,-1,-1,-1,-1
325,2,983,262,371,147,-1,-1,-1,-1
325,3,328,265,81,126,-1,-1,-1,-1
326,1,79,173,828,215,-1,-1,-1,-1
326,2,980,262,375,147,-1,-1,-1,-1
326,3,328,265,81,126,-1,-1,-1,-1
327,1,78,173,830,215,-1,-1,-1,-1
327,2,975,262,377,148,-1,-1,-1,-1
327,3,328,266,81,125,-1,-1,-1,-1
328,1,78,173,830,215,-1,-1,-1,-1
328,2,977,263,374,146,-1,-1,-1,-1
328,3,329,267,79,124,-1,-1,-1,-1
329,1,79,173,828,215,-1,-1,-1,-1
329,2,980,263,368,145,-1,-1,-1,-1
329,3,329,265,79,125,-1,-1,-1,-1
330,1,79,173,828,215,-1,-1,-1,-1
330,2,974,262,372,147,-1,-1,-1,-1
330,3,329,264,80,126,-1,-1,-1,-1
331,1,79,172,828,215,-1,-1,-1,-1
331,2,961,261,384,147,-1,-1,-1,-1
331,3,329,264,80,126,-1,-1,-1,-1
332,1,80,173,827,213,-1,-1,-1,-1
332,2,971,261,375,146,-1,-1,-1,-1
332,3,328,265,82,125,-1,-1,-1,-1
333,1,80,173,826,214,-1,-1,-1,-1
333,2,972,262,374,146,-1,-1,-1,-1
333,3,329,265,80,125,-1,-1,-1,-1
334,1,79,173,827,215,-1,-1,-1,-1
334,2,964,262,389,147,-1,-1,-1,-1
334,3,329,265,80,126,-1,-1,-1,-1
335,1,77,172,830,217,-1,-1,-1,-1
335,2,968,261,369,147,-1,-1,-1,-1
335,3,329,265,81,125,-1,-1,-1,-1
336,1,77,172,830,217,-1,-1,-1,-1
336,2,961,262,394,146,-1,-1,-1,-1
336,3,329,265,81,125,-1,-1,-1,-1
337,1,77,172,838,216,-1,-1,-1,-1
337,2,940,262,421,147,-1,-1,-1,-1
337,3,331,266,78,124,-1,-1,-1,-1
338,1,78,173,837,214,-1,-1,-1,-1
338,2,953,262,380,146,-1,-1,-1,-1
338,3,330,265,79,126,-1,-1,-1,-1
339,1,79,173,828,214,-1,-1,-1,-1
339,2,955,263,382,144,-1,-1,-1,-1
339,3,330,266,79,125,-1,-1,-1,-1
340,1,77,173,833,214,-1,-1,-1,-1
340,2,954,262,376,145,-1,-1,-1,-1
340,3,330,266,79,124,-1,-1,-1,-1
341,1,79,173,830,214,-1,-1,-1,-1
341,2,926,263,413,144,-1,-1,-1,-1
341,3,331,267,77,123,-1,-1,-1,-1
342,1,80,173,829,214,-1,-1,-1,-1
342,2,943,263,379,145,-1,-1,-1,-1
342,3,330,266,79,124,-1,-1,-1,-1
343,1,79,173,830,214,-1,-1,-1,-1
343,2,947,262,380,146,-1,-1,-1,-1
343,3,330,265,79,125,-1,-1,-1,-1
344,1,79,173,829,214,-1,-1,-1,-1
344,2,945,263,385,145,-1,-1,-1,-1
344,3,329,265,81,125,-1,-1,-1,-1
345,1,78,173,831,214,-1,-1,-1,-1
345,2,954,263,365,144,-1,-1,-1,-1
345,3,330,265,78,124,-1,-1,-1,-1
346,1,77,172,834,215,-1,-1,-1,-1
346,2,933,262,391,144,-1,-1,-1,-1
346,3,329,264,80,125,-1,-1,-1,-1
347,1,78,173,832,213,-1,-1,-1,-1
347,2,947,262,367,145,-1,-1,-1,-1
347,3,329,265,80,125,-1,-1,-1,-1
348,1,79,173,831,214,-1,-1,-1,-1
348,2,926,262,394,144,-1,-1,-1,-1
348,3,330,267,79,123,-1,-1,-1,-1
349,1,79,172,830,216,-1,-1,-1,-1
349,2,927,261,386,146,-1,-1,-1,-1
349,3,331,268,78,122,-1,-1,-1,-1
350,1,79,172,829,216,-1,-1,-1,-1
350,2,924,261,390,146,-1,-1,-1,-1
350,3,331,268,78,122,-1,-1,-1,-1
351,1,79,173,826,215,-1,-1,-1,-1
351,2,941,261,374,146,-1,-1,-1,-1
351,3,328,267,81,123,-1,-1,-1,-1
352,1,78,173,828,215,-1,-1,-1,-1
352,2,928,261,390,146,-1,-1,-1,-1
352,3,328,267,81,124,-1,-1,-1,-1
353,1,79,174,826,213,-1,-1,-1,-1
353,2,929,262,382,145,-1,-1,-1,-1
353,3,328,267,82,124,-1,-1,-1,-1
354,1,79,173,827,214,-1,-1,-1,-1
354,2,936,261,379,145,-1,-1,-1,-1
354,3,329,268,80,122,-1,-1,-1,-1
355,1,77,172,831,216,-1,-1,-1,-1
355,2,933,262,381,143,-1,-1,-1,-1
355,3,330,266,78,124,-1,-1,-1,-1
356,1,78,172,829,216,-1,-1,-1,-1
356,2,932,263,375,142,-1,-1,-1,-1
356,3,328,266,82,125,-1,-1,-1,-1
357,1,78,172,829,216,-1,-1,-1,-1
357,2,935,264,372,142,-1,-1,-1,-1
357,3,329,266,80,125,-1,-1,-1,-1
358,1,78,172,830,216,-1,-1,-1,-1
358,2,928,263,375,144,-1,-1,-1,-1
358,3,329,266,81,125,-1,-1,-1,-1
359,1,78,172,829,216,-1,-1,-1,-1
359,2,932,262,374,144,-1,-1,-1,-1
359,3,329,266,80,124,-1,-1,-1,-1
360,1,79,172,828,216,-1,-1,-1,-1
360,2,926,263,378,143,-1,-1,-1,-1
360,3,329,265,80,126,-1,-1,-1,-1
361,1,78,172,828,216,-1,-1,-1,-1
361,2,932,264,370,141,-1,-1,-1,-1
361,3,330,265,79,125,-1,-1,-1,-1
362,1,78,172,829,216,-1,-1,-1,-1
362,2,935,262,365,142,-1,-1,-1,-1
362,3,329,264,81,127,-1,-1,-1,-1
363,1,79,173,827,215,-1,-1,-1,-1
363,2,931,263,372,142,-1,-1,-1,-1
363,3,328,265,82,126,-1,-1,-1,-1
364,1,77,172,830,217,-1,-1,-1,-1
364,2,917,262,393,143,-1,-1,-1,-1
364,3,330,265,79,126,-1,-1,-1,-1
365,1,78,172,829,217,-1,-1,-1,-1
365,2,920,262,396,144,-1,-1,-1,-1
365,3,330,265,79,125,-1,-1,-1,-1
366,1,78,172,829,217,-1,-1,-1,-1
366,2,912,261,406,146,-1,-1,-1,-1
366,3,329,264,81,127,-1,-1,-1,-1
367,1,79,172,828,217,-1,-1,-1,-1
367,2,926,262,389,144,-1,-1,-1,-1
367,3,329,265,81,126,-1,-1,-1,-1
368,1,78,172,829,217,-1,-1,-1,-1
368,2,930,263,374,143,-1,-1,-1,-1
368,3,329,265,81,126,-1,-1,-1,-1
369,1,78,173,829,216,-1,-1,-1,-1
369,2,931,263,369,143,-1,-1,-1,-1
369,3,328,265,82,126,-1,-1,-1,-1
370,1,78,173,829,215,-1,-1,-1,-1
370,2,931,262,385,143,-1,-1,-1,-1
370,3,328,265,81,126,-1,-1,-1,-1
371,1,79,174,827,213,-1,-1,-1,-1
371,2,937,262,376,142,-1,-1,-1,-1
371,3,328,265,82,126,-1,-1,-1,-1
372,1,79,174,827,213,-1,-1,-1,-1
372,2,939,263,370,143,-1,-1,-1,-1
372,3,328,265,82,126,-1,-1,-1,-1
373,1,78,174,829,213,-1,-1,-1,-1
373,2,937,263,376,143,-1,-1,-1,-1
373,3,328,265,81,126,-1,-1,-1,-1
374,1,78,174,829,213,-1,-1,-1,-1
374,2,938,263,372,143,-1,-1,-1,-1
374,3,326,266,83,125,-1,-1,-1,-1
375,1,78,174,829,213,-1,-1,-1,-1
375,2,935,263,381,144,-1,-1,-1,-1
375,3,327,267,81,123,-1,-1,-1,-1
376,1,79,174,827,213,-1,-1,-1,-1
376,2,941,263,374,143,-1,-1,-1,-1
376,3,329,266,79,124,-1,-1,-1,-1
377,1,79,173,827,215,-1,-1,-1,-1
377,2,942,263,365,141,-1,-1,-1,-1
377,3,330,265,79,125,-1,-1,-1,-1
378,1,77,172,830,217,-1,-1,-1,-1
378,2,938,264,363,140,-1,-1,-1,-1
378,3,331,265,79,125,-1,-1,-1,-1
379,1,77,173,831,216,-1,-1,-1,-1
379,2,937,264,355,139,-1,-1,-1,-1
379,3,330,264,81,127,-1,-1,-1,-1
380,1,78,173,830,215,-1,-1,-1,-1
380,2,937,264,366,140,-1,-1,-1,-1
380,3,328,265,82,126,-1,-1,-1,-1
381,1,79,174,828,214,-1,-1,-1,-1
381,2,942,265,345,138,-1,-1,-1,-1
381,3,329,265,81,126,-1,-1,-1,-1
382,1,78,173,830,215,-1,-1,-1,-1
382,2,941,264,348,139,-1,-1,-1,-1
382,3,330,266,80,125,-1,-1,-1,-1
383,1,78,174,829,214,-1,-1,-1,-1
383,2,937,264,358,139,-1,-1,-1,-1
383,3,329,267,80,124,-1,-1,-1,-1
384,1,78,174,829,215,-1,-1,-1,-1
384,2,938,264,356,138,-1,-1,-1,-1
384,3,330,268,79,122,-1,-1,-1,-1
385,1,79,173,828,215,-1,-1,-1,-1
385,2,936,263,360,140,-1,-1,-1,-1
385,3,330,267,79,124,-1,-1,-1,-1
386,1,78,172,829,215,-1,-1,-1,-1
386,2,937,263,357,140,-1,-1,-1,-1
386,3,329,266,81,125,-1,-1,-1,-1
387,1,78,172,829,215,-1,-1,-1,-1
387,2,936,264,361,139,-1,-1,-1,-1
387,3,330,266,79,124,-1,-1,-1,-1
388,1,77,172,830,215,-1,-1,-1,-1
388,2,938,265,357,137,-1,-1,-1,-1
388,3,329,265,81,126,-1,-1,-1,-1
389,1,77,172,830,215,-1,-1,-1,-1
389,2,937,263,359,139,-1,-1,-1,-1
389,3,330,265,79,126,-1,-1,-1,-1
390,1,77,172,830,215,-1,-1,-1,-1
390,2,929,263,360,140,-1,-1,-1,-1
390,3,331,265,78,126,-1,-1,-1,-1
391,1,77,172,830,215,-1,-1,-1,-1
391,2,934,263,356,139,-1,-1,-1,-1
391,3,330,267,80,124,-1,-1,-1,-1
392,1,77,172,830,215,-1,-1,-1,-1
392,2,932,263,362,139,-1,-1,-1,-1
392,3,330,268,80,122,-1,-1,-1,-1
393,1,76,172,836,215,-1,-1,-1,-1
393,2,931,263,357,140,-1,-1,-1,-1
393,3,329,266,80,124,-1,-1,-1,-1
394,1,76,173,837,215,-1,-1,-1,-1
394,2,932,263,361,141,-1,-1,-1,-1
394,3,329,265,80,126,-1,-1,-1,-1
395,1,76,173,836,214,-1,-1,-1,-1
395,2,932,264,358,140,-1,-1,-1,-1
395,3,329,266,80,125,-1,-1,-1,-1
396,1,76,173,835,215,-1,-1,-1,-1
396,2,931,264,363,141,-1,-1,-1,-1
396,3,329,267,79,123,-1,-1,-1,-1
397,1,77,174,834,213,-1,-1,-1,-1
397,2,928,264,356,140,-1,-1,-1,-1
397,3,330,267,78,123,-1,-1,-1,-1
398,1,77,174,830,213,-1,-1,-1,-1
398,2,928,264,356,139,-1,-1,-1,-1
398,3,329,267,80,123,-1,-1,-1,-1
399,1,78,174,827,213,-1,-1,-1,-1
399,2,931,264,353,139,-1,-1,-1,-1
399,3,329,267,81,123,-1,-1,-1,-1
400,1,78,174,827,214,-1,-1,-1,-1
400,2,931,264,354,140,-1,-1,-1,-1
400,3,331,266,78,124,-1,-1,-1,-1
401,1,80,174,827,215,-1,-1,-1,-1
401,2,929,263,353,142,-1,-1,-1,-1
401,3,326,267,83,124,-1,-1,-1,-1
402,1,80,174,828,215,-1,-1,-1,-1
402,2,929,262,354,141,-1,-1,-1,-1
402,3,326,267,82,123,-1,-1,-1,-1
403,1,80,173,828,215,-1,-1,-1,-1
403,2,929,261,350,142,-1,-1,-1,-1
403,3,327,267,81,122,-1,-1,-1,-1
404,1,81,173,826,215,-1,-1,-1,-1
404,2,930,261,351,142,-1,-1,-1,-1
404,3,327,267,81,122,-1,-1,-1,-1
405,1,79,172,829,216,-1,-1,-1,-1
405,2,930,260,346,143,-1,-1,-1,-1
405,3,328,267,80,123,-1,-1,-1,-1
406,1,80,173,828,215,-1,-1,-1,-1
406,2,925,260,345,141,-1,-1,-1,-1
406,3,327,267,82,123,-1,-1,-1,-1
407,1,79,174,829,213,-1,-1,-1,-1
407,2,925,262,345,140,-1,-1,-1,-1
407,3,327,266,83,125,-1,-1,-1,-1
408,1,79,174,829,213,-1,-1,-1,-1
408,2,920,263,350,139,-1,-1,-1,-1
408,3,327,266,82,125,-1,-1,-1,-1
409,1,80,173,828,214,-1,-1,-1,-1
409,2,924,264,348,138,-1,-1,-1,-1
409,3,327,266,83,125,-1,-1,-1,-1
410,1,79,172,830,215,-1,-1,-1,-1
410,2,923,264,342,138,-1,-1,-1,-1
410,3,327,266,82,125,-1,-1,-1,-1
411,1,78,172,832,215,-1,-1,-1,-1
411,2,922,264,350,137,-1,-1,-1,-1
411,3,326,266,83,125,-1,-1,-1,-1
412,1,80,172,828,215,-1,-1,-1,-1
412,2,922,264,347,137,-1,-1,-1,-1
412,3,328,267,81,124,-1,-1,-1,-1
413,1,79,173,829,215,-1,-1,-1,-1
413,2,923,264,355,138,-1,-1,-1,-1
413,3,327,266,83,125,-1,-1,-1,-1
414,1,78,172,830,217,-1,-1,-1,-1
414,2,923,264,353,138,-1,-1,-1,-1
414,3,327,265,82,126,-1,-1,-1,-1
415,1,78,173,830,216,-1,-1,-1,-1
415,2,921,263,356,139,-1,-1,-1,-1
415,3,327,265,82,125,-1,-1,-1,-1
416,1,79,173,829,215,-1,-1,-1,-1
416,2,922,263,348,139,-1,-1,-1,-1
416,3,326,264,84,126,-1,-1,-1,-1
417,1,78,173,831,215,-1,-1,-1,-1
417,2,921,263,363,139,-1,-1,-1,-1
417,3,327,265,82,125,-1,-1,-1,-1
418,1,78,173,829,214,-1,-1,-1,-1
418,2,919,262,368,140,-1,-1,-1,-1
418,3,326,264,83,127,-1,-1,-1,-1
419,1,77,173,830,215,-1,-1,-1,-1
419,2,919,262,361,139,-1,-1,-1,-1
419,3,326,265,83,126,-1,-1,-1,-1
420,1,77,174,830,215,-1,-1,-1,-1
420,2,916,263,364,138,-1,-1,-1,-1
420,3,326,266,83,125,-1,-1,-1,-1
421,1,77,173,834,215,-1,-1,-1,-1
421,2,917,262,368,139,-1,-1,-1,-1
421,3,327,267,81,123,-1,-1,-1,-1
422,1,78,173,835,215,-1,-1,-1,-1
422,2,918,263,365,139,-1,-1,-1,-1
422,3,326,267,83,124,-1,-1,-1,-1
423,1,78,174,831,214,-1,-1,-1,-1
423,2,917,262,365,140,-1,-1,-1,-1
423,3,327,267,81,123,-1,-1,-1,-1
424,1,77,173,832,215,-1,-1,-1,-1
424,2,917,263,367,139,-1,-1,-1,-1
424,3,327,267,81,123,-1,-1,-1,-1
425,1,79,173,829,214,-1,-1,-1,-1
425,2,917,262,360,138,-1,-1,-1,-1
425,3,326,267,83,123,-1,-1,-1,-1
426,1,79,172,829,215,-1,-1,-1,-1
426,2,913,262,369,139,-1,-1,-1,-1
426,3,327,266,81,124,-1,-1,-1,-1
427,1,78,172,830,215,-1,-1,-1,-1
427,2,914,263,371,139,-1,-1,-1,-1
427,3,327,267,82,124,-1,-1,-1,-1
428,1,78,172,830,214,-1,-1,-1,-1
428,2,915,264,370,138,-1,-1,-1,-1
428,3,328,266,81,124,-1,-1,-1,-1
429,1,79,172,829,214,-1,-1,-1,-1
429,2,913,263,361,138,-1,-1,-1,-1
429,3,326,265,83,125,-1,-1,-1,-1
430,1,80,173,828,214,-1,-1,-1,-1
430,2,914,264,362,136,-1,-1,-1,-1
430,3,326,265,83,124,-1,-1,-1,-1
431,1,79,172,830,216,-1,-1,-1,-1
431,2,914,264,360,136,-1,-1,-1,-1
431,3,326,266,84,123,-1,-1,-1,-1
432,1,79,172,833,216,-1,-1,-1,-1
432,2,912,264,363,136,-1,-1,-1,-1
432,3,326,265,83,125,-1,-1,-1,-1
433,1,79,173,833,215,-1,-1,-1,-1
433,2,913,264,364,137,-1,-1,-1,-1
433,3,326,265,84,125,-1,-1,-1,-1
434,1,78,172,835,217,-1,-1,-1,-1
434,2,909,264,371,137,-1,-1,-1,-1
434,3,326,265,84,125,-1,-1,-1,-1
435,1,78,172,831,216,-1,-1,-1,-1
435,2,909,263,371,138,-1,-1,-1,-1
435,3,327,266,81,123,-1,-1,-1,-1
436,1,79,173,830,215,-1,-1,-1,-1
436,2,909,264,366,136,-1,-1,-1,-1
436,3,328,266,80,123,-1,-1,-1,-1
437,1,78,172,831,216,-1,-1,-1,-1
437,2,909,264,366,137,-1,-1,-1,-1
437,3,327,266,82,123,-1,-1,-1,-1
438,1,78,173,832,215,-1,-1,-1,-1
438,2,910,265,344,136,-1,-1,-1,-1
438,3,327,265,81,125,-1,-1,-1,-1
439,1,79,174,831,213,-1,-1,-1,-1
439,2,909,266,364,134,-1,-1,-1,-1
439,3,325,265,84,126,-1,-1,-1,-1
440,1,79,174,835,214,-1,-1,-1,-1
440,2,909,265,368,135,-1,-1,-1,-1
440,3,325,265,84,126,-1,-1,-1,-1
441,1,78,173,837,215,-1,-1,-1,-1
441,2,907,265,370,135,-1,-1,-1,-1
441,3,327,265,81,125,-1,-1,-1,-1
442,1,79,174,834,213,-1,-1,-1,-1
442,2,910,266,355,134,-1,-1,-1,-1
442,3,326,265,83,126,-1,-1,-1,-1
443,1,78,174,835,213,-1,-1,-1,-1
443,2,907,265,367,135,-1,-1,-1,-1
443,3,326,265,83,126,-1,-1,-1,-1
444,1,80,174,829,213,-1,-1,-1,-1
444,2,908,266,362,133,-1,-1,-1,-1
444,3,326,265,83,125,-1,-1,-1,-1
445,1,78,174,834,214,-1,-1,-1,-1
445,2,909,265,366,135,-1,-1,-1,-1
445,3,328,266,79,124,-1,-1,-1,-1
446,1,77,174,836,215,-1,-1,-1,-1
446,2,909,264,363,137,-1,-1,-1,-1
446,3,327,265,81,125,-1,-1,-1,-1
447,1,78,173,834,215,-1,-1,-1,-1
447,2,908,263,363,138,-1,-1,-1,-1
447,3,328,265,79,124,-1,-1,-1,-1
448,1,77,172,836,216,-1,-1,-1,-1
448,2,908,262,361,138,-1,-1,-1,-1
448,3,327,264,81,125,-1,-1,-1,-1
449,1,77,172,836,215,-1,-1,-1,-1
449,2,903,263,368,139,-1,-1,-1,-1
449,3,327,264,82,126,-1,-1,-1,-1
450,1,78,172,832,215,-1,-1,-1,-1
450,2,904,264,362,137,-1,-1,-1,-1
450,3,327,264,82,126,-1,-1,-1,-1
451,1,77,172,836,215,-1,-1,-1,-1
451,2,905,264,368,136,-1,-1,-1,-1
451,3,328,266,81,125,-1,-1,-1,-1
452,1,77,172,837,215,-1,-1,-1,-1
452,2,905,267,363,134,-1,-1,-1,-1
452,3,328,266,81,124,-1,-1,-1,-1
453,1,77,172,838,215,-1,-1,-1,-1
453,2,905,265,363,135,-1,-1,-1,-1
453,3,328,268,80,122,-1,-1,-1,-1
454,1,76,172,836,215,-1,-1,-1,-1
454,2,904,265,363,136,-1,-1,-1,-1
454,3,330,267,78,122,-1,-1,-1,-1
455,1,76,173,837,215,-1,-1,-1,-1
455,2,904,264,364,137,-1,-1,-1,-1
455,3,329,267,80,122,-1,-1,-1,-1
456,1,78,174,834,213,-1,-1,-1,-1
456,2,904,265,364,135,-1,-1,-1,-1
456,3,328,268,81,122,-1,-1,-1,-1
457,1,77,173,834,214,-1,-1,-1,-1
457,2,903,265,362,136,-1,-1,-1,-1
457,3,329,269,79,121,-1,-1,-1,-1
458,1,76,172,837,214,-1,-1,-1,-1
458,2,903,266,359,135,-1,-1,-1,-1
458,3,329,268,79,122,-1,-1,-1,-1
459,1,79,173,834,214,-1,-1,-1,-1
459,2,905,266,324,134,-1,-1,-1,-1
459,3,328,266,80,123,-1,-1,-1,-1
460,1,79,173,834,215,-1,-1,-1,-1
460,2,903,266,354,134,-1,-1,-1,-1
460,3,327,265,82,125,-1,-1,-1,-1
461,1,78,172,836,216,-1,-1,-1,-1
461,2,903,266,363,134,-1,-1,-1,-1
461,3,326,266,83,124,-1,-1,-1,-1
462,1,78,172,837,216,-1,-1,-1,-1
462,2,903,266,346,134,-1,-1,-1,-1
462,3,328,266,81,123,-1,-1,-1,-1
463,1,79,172,835,216,-1,-1,-1,-1
463,2,904,266,337,134,-1,-1,-1,-1
463,3,327,266,82,124,-1,-1,-1,-1
464,1,79,172,835,216,-1,-1,-1,-1
464,2,901,266,350,135,-1,-1,-1,-1
464,3,329,266,80,123,-1,-1,-1,-1
465,1,79,172,835,216,-1,-1,-1,-1
465,2,902,265,344,136,-1,-1,-1,-1
465,3,328,266,81,124,-1,-1,-1,-1
466,1,78,172,836,216,-1,-1,-1,-1
466,2,898,266,360,137,-1,-1,-1,-1
466,3,329,266,79,123,-1,-1,-1,-1
467,1,79,172,831,216,-1,-1,-1,-1
467,2,898,265,354,139,-1,-1,-1,-1
467,3,328,265,81,124,-1,-1,-1,-1
468,1,79,172,830,216,-1,-1,-1,-1
468,2,898,265,353,138,-1,-1,-1,-1
468,3,331,266,78,123,-1,-1,-1,-1
469,1,78,172,831,216,-1,-1,-1,-1
469,2,898,265,358,138,-1,-1,-1,-1
469,3,329,266,81,124,-1,-1,-1,-1
470,1,78,172,835,216,-1,-1,-1,-1
470,2,898,265,365,138,-1,-1,-1,-1
470,3,330,266,79,123,-1,-1,-1,-1
471,1,78,172,836,216,-1,-1,-1,-1
471,2,900,265,331,135,-1,-1,-1,-1
471,3,328,266,82,124,-1,-1,-1,-1
472,1,78,172,837,216,-1,-1,-1,-1
472,2,899,265,356,138,-1,-1,-1,-1
472,3,329,267,80,122,-1,-1,-1,-1
473,1,80,173,834,215,-1,-1,-1,-1
473,2,898,265,338,137,-1,-1,-1,-1
473,3,329,267,80,122,-1,-1,-1,-1
474,1,78,172,834,217,-1,-1,-1,-1
474,2,899,265,324,135,-1,-1,-1,-1
474,3,328,266,81,123,-1,-1,-1,-1
475,1,78,172,837,216,-1,-1,-1,-1
475,2,898,265,338,135,-1,-1,-1,-1
475,3,327,265,83,125,-1,-1,-1,-1
476,1,79,173,836,214,-1,-1,-1,-1
476,2,898,265,330,135,-1,-1,-1,-1
476,3,327,265,83,125,-1,-1,-1,-1
477,1,79,172,835,215,-1,-1,-1,-1
477,2,897,266,338,136,-1,-1,-1,-1
477,3,327,266,83,124,-1,-1,-1,-1
478,1,78,172,836,215,-1,-1,-1,-1
478,2,895,265,349,138,-1,-1,-1,-1
478,3,328,266,81,125,-1,-1,-1,-1
479,1,77,173,837,214,-1,-1,-1,-1
479,2,896,266,335,136,-1,-1,-1,-1
479,3,329,266,80,125,-1,-1,-1,-1
480,1,78,173,833,214,-1,-1,-1,-1
480,2,895,266,351,137,-1,-1,-1,-1
480,3,327,266,82,124,-1,-1,-1,-1
481,1,80,173,830,215,-1,-1,-1,-1
481,2,893,266,349,137,-1,-1,-1,-1
481,3,327,265,82,126,-1,-1,-1,-1
482,1,79,172,830,217,-1,-1,-1,-1
482,2,894,266,344,136,-1,-1,-1,-1
482,3,328,265,81,126,-1,-1,-1,-1
483,1,77,172,836,217,-1,-1,-1,-1
483,2,895,267,345,135,-1,-1,-1,-1
483,3,328,265,82,126,-1,-1,-1,-1
484,1,77,172,837,217,-1,-1,-1,-1
484,2,894,266,352,138,-1,-1,-1,-1
484,3,328,266,81,125,-1,-1,-1,-1
485,1,77,172,837,217,-1,-1,-1,-1
485,2,890,264,348,139,-1,-1,-1,-1
485,3,328,266,80,124,-1,-1,-1,-1
486,1,78,172,837,217,-1,-1,-1,-1
486,2,889,264,348,138,-1,-1,-1,-1
486,3,328,265,80,126,-1,-1,-1,-1
487,1,79,172,830,217,-1,-1,-1,-1
487,2,891,266,356,137,-1,-1,-1,-1
487,3,327,265,83,126,-1,-1,-1,-1
488,1,78,173,830,216,-1,-1,-1,-1
488,2,890,265,350,136,-1,-1,-1,-1
488,3,328,265,81,126,-1,-1,-1,-1
489,1,79,172,835,218,-1,-1,-1,-1
489,2,888,266,351,134,-1,-1,-1,-1
489,3,327,264,81,125,-1,-1,-1,-1
490,1,79,172,836,217,-1,-1,-1,-1
490,2,888,265,354,138,-1,-1,-1,-1
490,3,327,266,83,124,-1,-1,-1,-1
491,1,80,172,834,217,-1,-1,-1,-1
491,2,887,264,353,139,-1,-1,-1,-1
491,3,328,266,81,123,-1,-1,-1,-1
492,1,79,172,836,217,-1,-1,-1,-1
492,2,886,265,352,136,-1,-1,-1,-1
492,3,329,266,79,123,-1,-1,-1,-1
493,1,78,172,836,217,-1,-1,-1,-1
493,2,889,266,343,134,-1,-1,-1,-1
493,3,329,265,79,124,-1,-1,-1,-1
494,1,78,172,835,217,-1,-1,-1,-1
494,2,889,266,343,135,-1,-1,-1,-1
494,3,328,264,81,126,-1,-1,-1,-1
495,1,77,172,837,217,-1,-1,-1,-1
495,2,886,265,354,136,-1,-1,-1,-1
495,3,329,264,79,126,-1,-1,-1,-1
496,1,77,172,835,216,-1,-1,-1,-1
496,2,889,265,347,137,-1,-1,-1,-1
496,3,329,265,80,125,-1,-1,-1,-1
497,1,79,173,831,215,-1,-1,-1,-1
497,2,888,265,350,137,-1,-1,-1,-1
497,3,328,266,81,125,-1,-1,-1,-1
498,1,77,172,834,216,-1,-1,-1,-1
498,2,887,265,350,135,-1,-1,-1,-1
498,3,329,267,79,124,-1,-1,-1,-1
499,1,78,173,831,214,-1,-1,-1,-1
499,2,888,266,342,134,-1,-1,-1,-1
499,3,328,268,80,124,-1,-1,-1,-1
500,1,79,173,830,214,-1,-1,-1,-1
500,2,889,266,342,135,-1,-1,-1,-1
500,3,329,268,80,123,-1,-1,-1,-1
501,1,77,173,834,214,-1,-1,-1,-1
501,2,886,265,337,134,-1,-1,-1,-1
501,3,329,267,79,123,-1,-1,-1,-1
502,1,78,174,833,212,-1,-1,-1,-1
502,2,887,266,339,132,-1,-1,-1,-1
502,3,329,267,79,123,-1,-1,-1,-1
503,1,77,173,835,213,-1,-1,-1,-1
503,2,887,266,339,133,-1,-1,-1,-1
503,3,330,267,77,124,-1,-1,-1,-1
504,1,80,174,831,213,-1,-1,-1,-1
504,2,884,265,346,134,-1,-1,-1,-1
504,3,329,266,79,124,-1,-1,-1,-1
505,1,80,173,828,214,-1,-1,-1,-1
505,2,886,265,333,133,-1,-1,-1,-1
505,3,328,266,81,124,-1,-1,-1,-1
506,1,79,173,830,215,-1,-1,-1,-1
506,2,886,265,336,133,-1,-1,-1,-1
506,3,328,267,81,122,-1,-1,-1,-1
507,1,81,173,826,215,-1,-1,-1,-1
507,2,882,265,348,134,-1,-1,-1,-1
507,3,329,265,79,124,-1,-1,-1,-1
508,1,79,172,829,217,-1,-1,-1,-1
508,2,882,266,331,132,-1,-1,-1,-1
508,3,328,265,82,125,-1,-1,-1,-1
509,1,79,173,830,215,-1,-1,-1,-1
509,2,880,266,335,133,-1,-1,-1,-1
509,3,329,266,81,123,-1,-1,-1,-1
510,1,80,174,827,213,-1,-1,-1,-1
510,2,880,267,335,132,-1,-1,-1,-1
510,3,329,266,80,123,-1,-1,-1,-1
511,1,81,174,826,213,-1,-1,-1,-1
511,2,881,266,338,133,-1,-1,-1,-1
511,3,328,266,81,124,-1,-1,-1,-1
512,1,81,174,827,213,-1,-1,-1,-1
512,2,882,266,323,132,-1,-1,-1,-1
512,3,329,266,80,124,-1,-1,-1,-1
513,1,79,173,835,214,-1,-1,-1,-1
513,2,882,266,326,131,-1,-1,-1,-1
513,3,329,266,80,125,-1,-1,-1,-1
514,1,80,173,832,214,-1,-1,-1,-1
514,2,881,266,335,131,-1,-1,-1,-1
514,3,329,267,80,124,-1,-1,-1,-1
515,1,78,172,835,215,-1,-1,-1,-1
515,2,880,267,334,131,-1,-1,-1,-1
515,3,329,266,79,124,-1,-1,-1,-1
516,1,80,173,831,214,-1,-1,-1,-1
516,2,882,268,341,132,-1,-1,-1,-1
516,3,328,267,81,124,-1,-1,-1,-1
517,1,79,173,829,214,-1,-1,-1,-1
517,2,881,266,348,133,-1,-1,-1,-1
517,3,329,267,78,123,-1,-1,-1,-1
518,1,79,174,829,213,-1,-1,-1,-1
518,2,882,266,332,132,-1,-1,-1,-1
518,3,328,266,80,124,-1,-1,-1,-1
519,1,81,173,827,215,-1,-1,-1,-1
519,2,880,265,333,132,-1,-1,-1,-1
519,3,327,267,81,122,-1,-1,-1,-1
520,1,79,172,834,217,-1,-1,-1,-1
520,2,880,266,345,131,-1,-1,-1,-1
520,3,328,266,80,123,-1,-1,-1,-1
521,1,79,172,834,216,-1,-1,-1,-1
521,2,876,267,353,132,-1,-1,-1,-1
521,3,328,265,80,124,-1,-1,-1,-1
522,1,79,172,834,216,-1,-1,-1,-1
522,2,877,266,341,132,-1,-1,-1,-1
522,3,327,264,82,126,-1,-1,-1,-1
523,1,80,173,832,215,-1,-1,-1,-1
523,2,881,266,336,131,-1,-1,-1,-1
523,3,327,264,83,126,-1,-1,-1,-1
524,1,80,172,832,216,-1,-1,-1,-1
524,2,877,265,337,132,-1,-1,-1,-1
524,3,328,264,81,126,-1,-1,-1,-1
525,1,79,172,832,217,-1,-1,-1,-1
525,2,877,266,335,131,-1,-1,-1,-1
525,3,327,264,82,126,-1,-1,-1,-1
526,1,79,172,832,216,-1,-1,-1,-1
526,2,879,268,331,131,-1,-1,-1,-1
526,3,327,265,81,125,-1,-1,-1,-1
527,1,79,173,834,215,-1,-1,-1,-1
527,2,879,268,335,130,-1,-1,-1,-1
527,3,327,265,82,125,-1,-1,-1,-1
528,1,80,173,828,215,-1,-1,-1,-1
528,2,881,268,337,129,-1,-1,-1,-1
528,3,327,265,81,124,-1,-1,-1,-1
529,1,79,173,826,215,-1,-1,-1,-1
529,2,879,268,337,130,-1,-1,-1,-1
529,3,329,266,78,124,-1,-1,-1,-1
530,1,78,172,828,217,-1,-1,-1,-1
530,2,881,267,325,131,-1,-1,-1,-1
530,3,330,267,77,123,-1,-1,-1,-1
531,1,78,172,828,216,-1,-1,-1,-1
531,2,879,267,314,130,-1,-1,-1,-1
531,3,330,267,77,124,-1,-1,-1,-1
532,1,78,172,832,215,-1,-1,-1,-1
532,2,878,268,310,129,-1,-1,-1,-1
532,3,329,266,79,124,-1,-1,-1,-1
533,1,79,173,835,215,-1,-1,-1,-1
533,2,876,267,315,129,-1,-1,-1,-1
533,3,328,266,81,124,-1,-1,-1,-1
534,1,79,172,834,216,-1,-1,-1,-1
534,2,874,268,326,128,-1,-1,-1,-1
534,3,327,267,81,123,-1,-1,-1,-1
535,1,80,172,832,215,-1,-1,-1,-1
535,2,873,267,336,129,-1,-1,-1,-1
535,3,328,267,80,122,-1,-1,-1,-1
536,1,81,173,832,215,-1,-1,-1,-1
536,2,872,266,312,129,-1,-1,-1,-1
536,3,328,267,80,123,-1,-1,-1,-1
537,1,80,172,833,217,-1,-1,-1,-1
537,2,876,267,308,129,-1,-1,-1,-1
537,3,328,268,80,122,-1,-1,-1,-1
538,1,80,172,828,217,-1,-1,-1,-1
538,2,876,267,320,130,-1,-1,-1,-1
538,3,329,267,79,123,-1,-1,-1,-1
539,1,80,172,828,217,-1,-1,-1,-1
539,2,874,267,309,129,-1,-1,-1,-1
539,3,328,266,81,125,-1,-1,-1,-1
540,1,79,172,830,217,-1,-1,-1,-1
540,2,873,266,308,130,-1,-1,-1,-1
540,3,328,267,81,124,-1,-1,-1,-1
541,1,79,172,829,217,-1,-1,-1,-1
541,2,874,267,308,129,-1,-1,-1,-1
541,3,328,267,81,123,-1,-1,-1,-1
542,1,79,173,828,216,-1,-1,-1,-1
542,2,873,266,304,131,-1,-1,-1,-1
542,3,329,268,79,122,-1,-1,-1,-1
543,1,80,174,826,215,-1,-1,-1,-1
543,2,878,267,298,130,-1,-1,-1,-1
543,3,329,268,79,122,-1,-1,-1,-1
544,1,80,174,831,215,-1,-1,-1,-1
544,2,877,268,296,130,-1,-1,-1,-1
544,3,328,268,81,123,-1,-1,-1,-1
545,1,79,173,834,216,-1,-1,-1,-1
545,2,868,267,305,130,-1,-1,-1,-1
545,3,328,269,81,121,-1,-1,-1,-1
546,1,79,173,835,216,-1,-1,-1,-1
546,2,872,267,312,130,-1,-1,-1,-1
546,3,329,268,79,123,-1,-1,-1,-1
547,1,80,174,832,214,-1,-1,-1,-1
547,2,870,266,310,130,-1,-1,-1,-1
547,3,328,268,81,123,-1,-1,-1,-1
548,1,79,173,832,215,-1,-1,-1,-1
548,2,870,267,312,129,-1,-1,-1,-1
548,3,329,268,80,122,-1,-1,-1,-1
549,1,79,172,833,217,-1,-1,-1,-1
549,2,870,266,310,130,-1,-1,-1,-1
549,3,329,268,81,122,-1,-1,-1,-1
550,1,79,173,834,216,-1,-1,-1,-1
550,2,871,266,307,129,-1,-1,-1,-1
550,3,328,267,82,124,-1,-1,-1,-1
551,1,79,174,830,214,-1,-1,-1,-1
551,2,869,267,322,130,-1,-1,-1,-1
551,3,330,265,79,124,-1,-1,-1,-1
552,1,78,173,833,215,-1,-1,-1,-1
552,2,869,266,319,132,-1,-1,-1,-1
552,3,330,264,80,125,-1,-1,-1,-1
553,1,77,173,836,216,-1,-1,-1,-1
553,2,872,267,310,131,-1,-1,-1,-1
553,3,331,265,78,124,-1,-1,-1,-1
554,1,78,174,833,214,-1,-1,-1,-1
554,2,871,267,308,130,-1,-1,-1,-1
554,3,330,265,79,125,-1,-1,-1,-1
555,1,79,174,829,214,-1,-1,-1,-1
555,2,872,267,313,132,-1,-1,-1,-1
555,3,330,266,80,124,-1,-1,-1,-1
556,1,78,174,830,214,-1,-1,-1,-1
556,2,872,266,309,131,-1,-1,-1,-1
556,3,330,266,78,123,-1,-1,-1,-1
557,1,79,174,828,214,-1,-1,-1,-1
557,2,870,267,309,130,-1,-1,-1,-1
557,3,329,265,80,125,-1,-1,-1,-1
558,1,78,174,829,214,-1,-1,-1,-1
558,2,872,268,306,130,-1,-1,-1,-1
558,3,329,266,80,124,-1,-1,-1,-1
559,1,78,174,828,214,-1,-1,-1,-1
559,2,864,267,318,132,-1,-1,-1,-1
559,3,330,267,78,122,-1,-1,-1,-1
560,1,77,173,835,215,-1,-1,-1,-1
560,2,861,267,316,132,-1,-1,-1,-1
560,3,329,267,80,123,-1,-1,-1,-1
561,1,78,172,836,216,-1,-1,-1,-1
561,2,860,267,312,130,-1,-1,-1,-1
561,3,330,268,78,121,-1,-1,-1,-1
562,1,78,173,837,215,-1,-1,-1,-1
562,2,866,268,309,129,-1,-1,-1,-1
562,3,330,268,77,121,-1,-1,-1,-1
563,1,79,174,835,214,-1,-1,-1,-1
563,2,861,267,314,129,-1,-1,-1,-1
563,3,329,267,79,122,-1,-1,-1,-1
564,1,79,174,836,215,-1,-1,-1,-1
564,2,867,268,305,129,-1,-1,-1,-1
564,3,330,266,78,123,-1,-1,-1,-1
565,1,78,174,836,215,-1,-1,-1,-1
565,2,867,267,306,130,-1,-1,-1,-1
565,3,329,265,80,125,-1,-1,-1,-1
566,1,78,174,835,215,-1,-1,-1,-1
566,2,870,268,299,129,-1,-1,-1,-1
566,3,328,265,81,125,-1,-1,-1,-1
567,1,79,173,834,215,-1,-1,-1,-1
567,2,869,268,302,129,-1,-1,-1,-1
567,3,329,265,79,125,-1,-1,-1,-1
568,1,79,173,836,215,-1,-1,-1,-1
568,2,867,268,302,129,-1,-1,-1,-1
568,3,329,265,80,125,-1,-1,-1,-1
569,1,77,173,838,216,-1,-1,-1,-1
569,2,869,269,299,127,-1,-1,-1,-1
569,3,328,265,81,125,-1,-1,-1,-1
570,1,78,173,835,215,-1,-1,-1,-1
570,2,873,268,296,128,-1,-1,-1,-1
570,3,328,265,81,125,-1,-1,-1,-1
571,1,79,172,828,217,-1,-1,-1,-1
571,2,871,267,297,128,-1,-1,-1,-1
571,3,328,266,82,124,-1,-1,-1,-1
572,1,79,172,828,217,-1,-1,-1,-1
572,2,871,268,296,126,-1,-1,-1,-1
572,3,328,266,81,124,-1,-1,-1,-1
573,1,78,172,832,217,-1,-1,-1,-1
573,2,860,268,307,127,-1,-1,-1,-1
573,3,327,265,83,125,-1,-1,-1,-1
574,1,78,172,832,217,-1,-1,-1,-1
574,2,860,267,308,127,-1,-1,-1,-1
574,3,327,265,83,125,-1,-1,-1,-1
575,1,78,172,832,217,-1,-1,-1,-1
575,2,865,268,302,125,-1,-1,-1,-1
575,3,328,265,82,125,-1,-1,-1,-1
576,1,78,173,832,216,-1,-1,-1,-1
576,2,867,268,301,125,-1,-1,-1,-1
576,3,329,265,81,125,-1,-1,-1,-1
577,1,79,173,827,215,-1,-1,-1,-1
577,2,863,268,302,126,-1,-1,-1,-1
577,3,328,265,81,125,-1,-1,-1,-1
578,1,78,172,830,217,-1,-1,-1,-1
578,2,861,268,305,125,-1,-1,-1,-1
578,3,328,264,81,126,-1,-1,-1,-1
579,1,78,172,830,217,-1,-1,-1,-1
579,2,863,268,303,124,-1,-1,-1,-1
579,3,328,264,81,126,-1,-1,-1,-1
580,1,79,173,828,216,-1,-1,-1,-1
580,2,859,268,306,124,-1,-1,-1,-1
580,3,328,265,81,125,-1,-1,-1,-1
581,1,76,173,838,216,-1,-1,-1,-1
581,2,859,269,307,124,-1,-1,-1,-1
581,3,327,266,82,124,-1,-1,-1,-1
582,1,78,173,836,215,-1,-1,-1,-1
582,2,857,269,308,125,-1,-1,-1,-1
582,3,327,266,81,123,-1,-1,-1,-1
583,1,77,172,838,217,-1,-1,-1,-1
583,2,857,268,307,125,-1,-1,-1,-1
583,3,327,266,81,123,-1,-1,-1,-1
584,1,78,173,835,216,-1,-1,-1,-1
584,2,857,268,307,124,-1,-1,-1,-1
584,3,327,266,82,124,-1,-1,-1,-1
585,1,78,173,835,216,-1,-1,-1,-1
585,2,854,269,310,122,-1,-1,-1,-1
585,3,328,267,81,123,-1,-1,-1,-1
586,1,77,172,837,217,-1,-1,-1,-1
586,2,853,269,308,122,-1,-1,-1,-1
586,3,328,268,80,121,-1,-1,-1,-1
587,1,77,172,838,216,-1,-1,-1,-1
587,2,858,269,303,123,-1,-1,-1,-1
587,3,328,266,81,123,-1,-1,-1,-1
588,1,78,173,834,216,-1,-1,-1,-1
588,2,854,269,308,123,-1,-1,-1,-1
588,3,328,266,81,123,-1,-1,-1,-1
589,1,77,173,835,217,-1,-1,-1,-1
589,2,852,269,310,123,-1,-1,-1,-1
589,3,330,266,78,124,-1,-1,-1,-1
590,1,77,174,834,216,-1,-1,-1,-1
590,2,852,268,310,123,-1,-1,-1,-1
590,3,327,266,82,125,-1,-1,-1,-1
591,1,78,174,831,216,-1,-1,-1,-1
591,2,854,269,307,123,-1,-1,-1,-1
591,3,328,266,81,124,-1,-1,-1,-1
592,1,78,173,830,216,-1,-1,-1,-1
592,2,855,269,305,124,-1,-1,-1,-1
592,3,330,265,79,124,-1,-1,-1,-1
593,1,78,174,831,214,-1,-1,-1,-1
593,2,852,268,309,124,-1,-1,-1,-1
593,3,328,265,82,125,-1,-1,-1,-1
594,1,78,174,830,214,-1,-1,-1,-1
594,2,851,269,309,122,-1,-1,-1,-1
594,3,328,265,82,125,-1,-1,-1,-1
595,1,79,174,827,215,-1,-1,-1,-1
595,2,855,269,306,122,-1,-1,-1,-1
595,3,330,265,79,124,-1,-1,-1,-1
596,1,80,174,829,216,-1,-1,-1,-1
596,2,853,269,309,125,-1,-1,-1,-1
596,3,329,265,81,125,-1,-1,-1,-1
597,1,79,174,833,216,-1,-1,-1,-1
597,2,850,268,312,126,-1,-1,-1,-1
597,3,328,265,81,126,-1,-1,-1,-1
598,1,80,173,830,216,-1,-1,-1,-1
598,2,851,269,309,124,-1,-1,-1,-1
598,3,327,265,82,126,-1,-1,-1,-1
599,1,80,173,831,217,-1,-1,-1,-1
599,2,850,270,310,123,-1,-1,-1,-1
599,3,328,265,81,126,-1,-1,-1,-1
600,1,79,172,832,218,-1,-1,-1,-1
600,2,852,269,310,125,-1,-1,-1,-1
600,3,329,265,80,126,-1,-1,-1,-1
601,1,78,173,831,215,-1,-1,-1,-1
601,2,851,269,311,126,-1,-1,-1,-1
601,3,328,265,82,125,-1,-1,-1,-1
602,1,78,174,830,213,-1,-1,-1,-1
602,2,845,269,316,125,-1,-1,-1,-1
602,3,328,266,82,124,-1,-1,-1,-1
603,1,79,174,830,213,-1,-1,-1,-1
603,2,845,269,316,126,-1,-1,-1,-1
603,3,327,267,82,123,-1,-1,-1,-1
604,1,79,174,830,214,-1,-1,-1,-1
604,2,848,269,313,126,-1,-1,-1,-1
604,3,328,268,81,121,-1,-1,-1,-1
605,1,78,173,832,215,-1,-1,-1,-1
605,2,845,269,317,125,-1,-1,-1,-1
605,3,328,268,81,121,-1,-1,-1,-1
606,1,79,174,830,213,-1,-1,-1,-1
606,2,843,270,319,124,-1,-1,-1,-1
606,3,328,268,81,121,-1,-1,-1,-1
607,1,79,174,830,213,-1,-1,-1,-1
607,2,840,270,322,125,-1,-1,-1,-1
607,3,328,268,81,121,-1,-1,-1,-1
608,1,79,174,831,214,-1,-1,-1,-1
608,2,843,269,320,126,-1,-1,-1,-1
608,3,328,268,81,121,-1,-1,-1,-1
609,1,79,173,832,215,-1,-1,-1,-1
609,2,841,270,321,125,-1,-1,-1,-1
609,3,328,267,81,122,-1,-1,-1,-1
610,1,81,173,829,215,-1,-1,-1,-1
610,2,839,270,324,126,-1,-1,-1,-1
610,3,328,265,81,123,-1,-1,-1,-1
611,1,80,172,831,216,-1,-1,-1,-1
611,2,842,270,321,125,-1,-1,-1,-1
611,3,327,264,83,125,-1,-1,-1,-1
612,1,80,172,831,215,-1,-1,-1,-1
612,2,843,270,320,126,-1,-1,-1,-1
612,3,328,264,81,124,-1,-1,-1,-1
613,1,80,173,829,215,-1,-1,-1,-1
613,2,827,270,339,127,-1,-1,-1,-1
613,3,327,264,83,125,-1,-1,-1,-1
614,1,79,173,832,215,-1,-1,-1,-1
614,2,827,270,337,127,-1,-1,-1,-1
614,3,327,264,83,126,-1,-1,-1,-1
615,1,79,174,830,214,-1,-1,-1,-1
615,2,839,269,323,126,-1,-1,-1,-1
615,3,328,265,82,125,-1,-1,-1,-1
616,1,78,173,833,215,-1,-1,-1,-1
616,2,840,269,321,125,-1,-1,-1,-1
616,3,328,265,82,125,-1,-1,-1,-1
617,1,78,174,831,213,-1,-1,-1,-1
617,2,836,269,327,127,-1,-1,-1,-1
617,3,328,265,82,125,-1,-1,-1,-1
618,1,77,173,837,215,-1,-1,-1,-1
618,2,825,269,339,127,-1,-1,-1,-1
618,3,330,265,79,124,-1,-1,-1,-1
619,1,76,172,839,216,-1,-1,-1,-1
619,2,814,270,349,126,-1,-1,-1,-1
619,3,328,265,82,125,-1,-1,-1,-1
620,1,77,172,838,215,-1,-1,-1,-1
620,2,817,269,348,127,-1,-1,-1,-1
620,3,328,265,82,124,-1,-1,-1,-1
621,1,77,172,838,215,-1,-1,-1,-1
621,2,806,269,358,126,-1,-1,-1,-1
621,3,328,264,82,126,-1,-1,-1,-1
622,1,78,173,831,215,-1,-1,-1,-1
622,2,832,269,330,125,-1,-1,-1,-1
622,3,327,265,82,124,-1,-1,-1,-1
623,1,77,174,833,215,-1,-1,-1,-1
623,2,832,270,330,123,-1,-1,-1,-1
623,3,327,266,81,122,-1,-1,-1,-1
624,1,78,174,831,215,-1,-1,-1,-1
624,2,829,270,334,124,-1,-1,-1,-1
624,3,328,266,80,123,-1,-1,-1,-1
625,1,79,174,830,215,-1,-1,-1,-1
625,2,825,272,338,125,-1,-1,-1,-1
625,3,328,266,81,123,-1,-1,-1,-1
626,1,80,174,828,215,-1,-1,-1,-1
626,2,826,272,339,126,-1,-1,-1,-1
626,3,328,267,81,121,-1,-1,-1,-1
627,1,78,174,830,215,-1,-1,-1,-1
627,2,815,271,348,126,-1,-1,-1,-1
627,3,329,267,79,122,-1,-1,-1,-1
628,1,79,174,829,215,-1,-1,-1,-1
628,2,829,270,332,126,-1,-1,-1,-1
628,3,331,268,77,121,-1,-1,-1,-1
629,1,77,174,832,215,-1,-1,-1,-1
629,2,807,271,355,125,-1,-1,-1,-1
629,3,330,268,79,121,-1,-1,-1,-1
630,1,80,174,827,215,-1,-1,-1,-1
630,2,815,271,348,126,-1,-1,-1,-1
630,3,328,265,81,124,-1,-1,-1,-1
631,1,79,174,828,215,-1,-1,-1,-1
631,2,783,271,379,125,-1,-1,-1,-1
631,3,328,264,81,126,-1,-1,-1,-1
632,1,77,174,830,215,-1,-1,-1,-1
632,2,790,271,370,125,-1,-1,-1,-1
632,3,328,264,82,126,-1,-1,-1,-1
633,1,79,173,827,215,-1,-1,-1,-1
633,2,781,270,379,125,-1,-1,-1,-1
633,3,327,264,82,126,-1,-1,-1,-1
634,1,78,172,830,217,-1,-1,-1,-1
634,2,793,271,367,126,-1,-1,-1,-1
634,3,325,265,84,125,-1,-1,-1,-1
635,1,78,172,831,217,-1,-1,-1,-1
635,2,806,270,357,127,-1,-1,-1,-1
635,3,326,266,82,124,-1,-1,-1,-1
636,1,78,172,830,217,-1,-1,-1,-1
636,2,774,270,388,127,-1,-1,-1,-1
636,3,328,266,81,124,-1,-1,-1,-1
637,1,77,173,831,216,-1,-1,-1,-1
637,2,788,270,374,125,-1,-1,-1,-1
637,3,328,267,81,123,-1,-1,-1,-1
638,1,78,174,829,214,-1,-1,-1,-1
638,2,799,270,360,124,-1,-1,-1,-1
638,3,329,267,79,122,-1,-1,-1,-1
639,1,78,173,829,215,-1,-1,-1,-1
639,2,812,271,345,125,-1,-1,-1,-1
639,3,329,265,79,123,-1,-1,-1,-1
640,1,78,173,835,215,-1,-1,-1,-1
640,2,784,270,375,125,-1,-1,-1,-1
640,3,329,264,80,124,-1,-1,-1,-1
641,1,79,173,834,214,-1,-1,-1,-1
641,2,810,270,348,123,-1,-1,-1,-1
641,3,328,265,81,124,-1,-1,-1,-1
642,1,80,172,831,214,-1,-1,-1,-1
642,2,796,271,362,123,-1,-1,-1,-1
642,3,329,266,80,123,-1,-1,-1,-1
643,1,81,173,831,214,-1,-1,-1,-1
643,2,762,271,398,124,-1,-1,-1,-1
643,3,330,266,79,123,-1,-1,-1,-1
644,1,79,172,836,215,-1,-1,-1,-1
644,2,770,271,388,124,-1,-1,-1,-1
644,3,330,266,79,123,-1,-1,-1,-1
645,1,78,172,835,215,-1,-1,-1,-1
645,2,781,271,375,125,-1,-1,-1,-1
645,3,329,267,80,123,-1,-1,-1,-1
646,1,79,173,827,215,-1,-1,-1,-1
646,2,786,270,371,124,-1,-1,-1,-1
646,3,330,268,78,121,-1,-1,-1,-1
647,1,78,174,828,215,-1,-1,-1,-1
647,2,762,269,397,123,-1,-1,-1,-1
647,3,327,268,81,121,-1,-1,-1,-1
648,1,78,174,829,215,-1,-1,-1,-1
648,2,791,270,365,122,-1,-1,-1,-1
648,3,328,265,79,124,-1,-1,-1,-1
649,1,78,173,828,215,-1,-1,-1,-1
649,2,795,271,361,121,-1,-1,-1,-1
649,3,326,265,83,125,-1,-1,-1,-1
650,1,79,173,825,215,-1,-1,-1,-1
650,2,787,271,370,121,-1,-1,-1,-1
650,3,326,265,83,125,-1,-1,-1,-1
651,1,76,173,836,216,-1,-1,-1,-1
651,2,769,271,387,122,-1,-1,-1,-1
651,3,327,265,82,124,-1,-1,-1,-1
652,1,77,174,835,215,-1,-1,-1,-1
652,2,787,272,367,122,-1,-1,-1,-1
652,3,326,264,84,126,-1,-1,-1,-1
653,1,77,173,836,215,-1,-1,-1,-1
653,2,779,271,375,123,-1,-1,-1,-1
653,3,326,266,84,124,-1,-1,-1,-1
654,1,79,173,828,214,-1,-1,-1,-1
654,2,753,272,402,122,-1,-1,-1,-1
654,3,329,266,79,123,-1,-1,-1,-1
655,1,78,173,830,215,-1,-1,-1,-1
655,2,763,272,392,123,-1,-1,-1,-1
655,3,329,266,80,123,-1,-1,-1,-1
656,1,78,174,831,213,-1,-1,-1,-1
656,2,755,271,401,122,-1,-1,-1,-1
656,3,328,265,81,125,-1,-1,-1,-1
657,1,78,174,831,214,-1,-1,-1,-1
657,2,747,272,408,122,-1,-1,-1,-1
657,3,329,265,79,125,-1,-1,-1,-1
658,1,78,174,831,215,-1,-1,-1,-1
658,2,769,271,384,123,-1,-1,-1,-1
658,3,328,266,81,124,-1,-1,-1,-1
659,1,78,173,833,215,-1,-1,-1,-1
659,2,773,272,380,122,-1,-1,-1,-1
659,3,328,267,81,122,-1,-1,-1,-1
660,1,78,172,834,215,-1,-1,-1,-1
660,2,779,272,372,121,-1,-1,-1,-1
660,3,327,268,82,122,-1,-1,-1,-1
661,1,78,172,836,215,-1,-1,-1,-1
661,2,759,272,393,122,-1,-1,-1,-1
661,3,326,268,82,122,-1,-1,-1,-1
662,1,79,173,827,214,-1,-1,-1,-1
662,2,752,273,400,123,-1,-1,-1,-1
662,3,326,267,83,123,-1,-1,-1,-1
663,1,78,172,829,215,-1,-1,-1,-1
663,2,747,271,407,124,-1,-1,-1,-1
663,3,327,268,82,121,-1,-1,-1,-1
664,1,78,173,830,215,-1,-1,-1,-1
664,2,734,270,418,123,-1,-1,-1,-1
664,3,327,266,81,123,-1,-1,-1,-1
665,1,80,174,827,214,-1,-1,-1,-1
665,2,759,271,392,122,-1,-1,-1,-1
665,3,326,267,83,123,-1,-1,-1,-1
666,1,77,173,835,215,-1,-1,-1,-1
666,2,755,272,396,121,-1,-1,-1,-1
666,3,327,266,81,123,-1,-1,-1,-1
667,1,78,173,835,215,-1,-1,-1,-1
667,2,746,271,405,121,-1,-1,-1,-1
667,3,327,267,82,124,-1,-1,-1,-1
668,1,78,172,830,217,-1,-1,-1,-1
668,2,770,271,381,120,-1,-1,-1,-1
668,3,327,267,82,123,-1,-1,-1,-1
669,1,78,172,831,217,-1,-1,-1,-1
669,2,775,272,374,119,-1,-1,-1,-1
669,3,326,266,83,124,-1,-1,-1,-1
670,1,78,172,831,216,-1,-1,-1,-1
670,2,774,271,375,120,-1,-1,-1,-1
670,3,324,266,85,123,-1,-1,-1,-1
671,1,79,173,827,215,-1,-1,-1,-1
671,2,782,271,366,121,-1,-1,-1,-1
671,3,326,266,82,122,-1,-1,-1,-1
672,1,79,172,829,217,-1,-1,-1,-1
672,2,768,270,382,122,-1,-1,-1,-1
672,3,326,265,83,124,-1,-1,-1,-1
673,1,78,173,830,216,-1,-1,-1,-1
673,2,758,270,391,121,-1,-1,-1,-1
673,3,325,264,84,126,-1,-1,-1,-1
674,1,78,174,829,215,-1,-1,-1,-1
674,2,776,271,371,121,-1,-1,-1,-1
674,3,327,265,82,124,-1,-1,-1,-1
675,1,79,174,826,215,-1,-1,-1,-1
675,2,770,271,376,120,-1,-1,-1,-1
675,3,326,266,82,123,-1,-1,-1,-1
676,1,78,174,827,215,-1,-1,-1,-1
676,2,763,271,384,119,-1,-1,-1,-1
676,3,325,267,84,123,-1,-1,-1,-1
677,1,78,174,826,215,-1,-1,-1,-1
677,2,748,271,399,120,-1,-1,-1,-1
677,3,325,268,83,122,-1,-1,-1,-1
678,1,79,174,825,215,-1,-1,-1,-1
678,2,765,271,382,120,-1,-1,-1,-1
678,3,325,268,83,122,-1,-1,-1,-1
679,1,77,173,828,216,-1,-1,-1,-1
679,2,755,270,394,121,-1,-1,-1,-1
679,3,325,268,83,123,-1,-1,-1,-1
680,1,77,174,828,215,-1,-1,-1,-1
680,2,767,271,380,121,-1,-1,-1,-1
680,3,326,268,82,122,-1,-1,-1,-1
681,1,77,174,835,215,-1,-1,-1,-1
681,2,769,270,379,123,-1,-1,-1,-1
681,3,327,268,81,122,-1,-1,-1,-1
682,1,78,173,834,215,-1,-1,-1,-1
682,2,767,270,381,122,-1,-1,-1,-1
682,3,324,267,85,123,-1,-1,-1,-1
683,1,77,172,837,215,-1,-1,-1,-1
683,2,770,272,376,121,-1,-1,-1,-1
683,3,327,267,82,123,-1,-1,-1,-1
684,1,79,173,829,214,-1,-1,-1,-1
684,2,764,272,381,120,-1,-1,-1,-1
684,3,326,268,83,121,-1,-1,-1,-1
685,1,78,173,831,215,-1,-1,-1,-1
685,2,768,272,379,120,-1,-1,-1,-1
685,3,327,266,81,123,-1,-1,-1,-1
686,1,80,174,826,213,-1,-1,-1,-1
686,2,775,273,370,119,-1,-1,-1,-1
686,3,326,266,83,124,-1,-1,-1,-1
687,1,79,173,828,215,-1,-1,-1,-1
687,2,773,273,371,119,-1,-1,-1,-1
687,3,326,266,83,124,-1,-1,-1,-1
688,1,79,173,826,216,-1,-1,-1,-1
688,2,771,272,373,119,-1,-1,-1,-1
688,3,325,267,84,123,-1,-1,-1,-1
689,1,78,174,827,216,-1,-1,-1,-1
689,2,772,272,373,120,-1,-1,-1,-1
689,3,327,268,80,122,-1,-1,-1,-1
690,1,79,173,827,216,-1,-1,-1,-1
690,2,765,273,381,120,-1,-1,-1,-1
690,3,326,268,82,123,-1,-1,-1,-1
691,1,80,174,826,215,-1,-1,-1,-1
691,2,768,274,376,118,-1,-1,-1,-1
691,3,323,268,85,122,-1,-1,-1,-1
692,1,79,174,829,216,-1,-1,-1,-1
692,2,762,274,382,118,-1,-1,-1,-1
692,3,325,267,83,122,-1,-1,-1,-1
693,1,79,174,828,216,-1,-1,-1,-1
693,2,766,273,379,119,-1,-1,-1,-1
693,3,327,267,81,123,-1,-1,-1,-1
694,1,77,174,837,216,-1,-1,-1,-1
694,2,767,274,377,118,-1,-1,-1,-1
694,3,325,268,82,122,-1,-1,-1,-1
695,1,79,173,834,216,-1,-1,-1,-1
695,2,765,274,379,118,-1,-1,-1,-1
695,3,325,268,83,123,-1,-1,-1,-1
696,1,79,172,827,217,-1,-1,-1,-1
696,2,764,274,381,118,-1,-1,-1,-1
696,3,327,268,81,122,-1,-1,-1,-1
697,1,79,172,827,216,-1,-1,-1,-1
697,2,765,274,380,119,-1,-1,-1,-1
697,3,325,268,84,122,-1,-1,-1,-1
698,1,79,173,827,216,-1,-1,-1,-1
698,2,762,273,383,121,-1,-1,-1,-1
698,3,325,269,83,121,-1,-1,-1,-1
699,1,78,173,836,216,-1,-1,-1,-1
699,2,762,274,383,120,-1,-1,-1,-1
699,3,325,268,83,122,-1,-1,-1,-1
700,1,77,172,838,218,-1,-1,-1,-1
700,2,758,274,388,119,-1,-1,-1,-1
700,3,326,267,82,124,-1,-1,-1,-1
701,1,78,173,828,217,-1,-1,-1,-1
701,2,758,273,389,118,-1,-1,-1,-1
701,3,326,269,82,122,-1,-1,-1,-1
702,1,79,174,826,216,-1,-1,-1,-1
702,2,762,274,383,117,-1,-1,-1,-1
702,3,328,270,78,120,-1,-1,-1,-1
703,1,79,174,826,216,-1,-1,-1,-1
703,2,760,274,385,118,-1,-1,-1,-1
703,3,327,269,80,121,-1,-1,-1,-1
704,1,79,174,827,216,-1,-1,-1,-1
704,2,758,273,387,118,-1,-1,-1,-1
704,3,327,269,80,121,-1,-1,-1,-1
705,1,80,174,826,216,-1,-1,-1,-1
705,2,757,274,387,117,-1,-1,-1,-1
705,3,327,269,80,121,-1,-1,-1,-1
706,1,79,174,827,216,-1,-1,-1,-1
706,2,766,273,379,117,-1,-1,-1,-1
706,3,327,269,80,122,-1,-1,-1,-1
707,1,79,174,826,216,-1,-1,-1,-1
707,2,758,274,386,116,-1,-1,-1,-1
707,3,326,269,82,122,-1,-1,-1,-1
708,1,79,173,827,217,-1,-1,-1,-1
708,2,754,274,390,117,-1,-1,-1,-1
708,3,325,269,82,122,-1,-1,-1,-1
709,1,79,174,827,216,-1,-1,-1,-1
709,2,753,274,391,118,-1,-1,-1,-1
709,3,325,269,83,121,-1,-1,-1,-1
710,1,79,173,828,217,-1,-1,-1,-1
710,2,758,274,385,117,-1,-1,-1,-1
710,3,326,268,82,121,-1,-1,-1,-1
711,1,79,173,827,218,-1,-1,-1,-1
711,2,753,274,391,118,-1,-1,-1,-1
711,3,326,268,82,122,-1,-1,-1,-1
712,1,79,173,826,217,-1,-1,-1,-1
712,2,750,273,392,118,-1,-1,-1,-1
712,3,327,267,81,122,-1,-1,-1,-1
713,1,78,173,828,218,-1,-1,-1,-1
713,2,745,272,397,119,-1,-1,-1,-1
713,3,327,267,80,123,-1,-1,-1,-1
714,1,78,173,829,217,-1,-1,-1,-1
714,2,747,273,395,118,-1,-1,-1,-1
714,3,327,266,80,124,-1,-1,-1,-1
715,1,77,174,834,215,-1,-1,-1,-1
715,2,747,274,395,116,-1,-1,-1,-1
715,3,326,266,83,125,-1,-1,-1,-1
716,1,79,174,828,215,-1,-1,-1,-1
716,2,746,275,394,115,-1,-1,-1,-1
716,3,327,267,81,124,-1,-1,-1,-1
717,1,79,174,827,216,-1,-1,-1,-1
717,2,752,274,389,117,-1,-1,-1,-1
717,3,324,267,84,124,-1,-1,-1,-1
718,1,78,173,829,217,-1,-1,-1,-1
718,2,748,273,394,119,-1,-1,-1,-1
718,3,327,268,81,123,-1,-1,-1,-1
719,1,78,172,834,219,-1,-1,-1,-1
719,2,748,273,392,118,-1,-1,-1,-1
719,3,328,269,81,122,-1,-1,-1,-1
720,1,78,173,835,218,-1,-1,-1,-1
720,2,747,274,392,116,-1,-1,-1,-1
720,3,329,269,78,121,-1,-1,-1,-1
721,1,79,174,834,217,-1,-1,-1,-1
721,2,745,274,393,116,-1,-1,-1,-1
721,3,329,269,79,121,-1,-1,-1,-1
722,1,79,174,834,217,-1,-1,-1,-1
722,2,745,274,393,117,-1,-1,-1,-1
722,3,327,268,81,122,-1,-1,-1,-1
723,1,77,173,836,217,-1,-1,-1,-1
723,2,743,275,394,115,-1,-1,-1,-1
723,3,327,269,81,122,-1,-1,-1,-1
724,1,79,174,833,216,-1,-1,-1,-1
724,2,740,275,397,116,-1,-1,-1,-1
724,3,325,269,82,121,-1,-1,-1,-1
725,1,78,173,831,217,-1,-1,-1,-1
725,2,740,276,396,114,-1,-1,-1,-1
725,3,326,269,82,122,-1,-1,-1,-1
726,1,79,174,828,216,-1,-1,-1,-1
726,2,741,275,395,115,-1,-1,-1,-1
726,3,327,269,80,121,-1,-1,-1,-1
727,1,79,175,829,216,-1,-1,-1,-1
727,2,744,274,392,117,-1,-1,-1,-1
727,3,326,269,83,121,-1,-1,-1,-1
728,1,78,174,829,216,-1,-1,-1,-1
728,2,740,274,396,118,-1,-1,-1,-1
728,3,328,268,79,121,-1,-1,-1,-1
729,1,78,174,830,215,-1,-1,-1,-1
729,2,738,274,399,116,-1,-1,-1,-1
729,3,327,268,82,122,-1,-1,-1,-1
730,1,77,174,836,215,-1,-1,-1,-1
730,2,738,275,397,115,-1,-1,-1,-1
730,3,327,269,81,121,-1,-1,-1,-1
731,1,78,174,835,215,-1,-1,-1,-1
731,2,735,275,400,115,-1,-1,-1,-1
731,3,326,266,83,124,-1,-1,-1,-1
732,1,79,174,834,216,-1,-1,-1,-1
732,2,736,275,398,115,-1,-1,-1,-1
732,3,326,266,84,125,-1,-1,-1,-1
733,1,78,173,834,217,-1,-1,-1,-1
733,2,733,274,401,115,-1,-1,-1,-1
733,3,325,268,83,122,-1,-1,-1,-1
734,1,78,174,829,216,-1,-1,-1,-1
734,2,732,274,400,117,-1,-1,-1,-1
734,3,327,268,80,121,-1,-1,-1,-1
735,1,78,174,829,215,-1,-1,-1,-1
735,2,730,274,403,118,-1,-1,-1,-1
735,3,325,268,83,122,-1,-1,-1,-1
736,1,79,173,826,216,-1,-1,-1,-1
736,2,740,274,392,117,-1,-1,-1,-1
736,3,326,268,81,121,-1,-1,-1,-1
737,1,79,173,826,216,-1,-1,-1,-1
737,2,735,274,397,116,-1,-1,-1,-1
737,3,326,268,81,121,-1,-1,-1,-1
738,1,77,173,835,216,-1,-1,-1,-1
738,2,731,274,401,117,-1,-1,-1,-1
738,3,327,267,80,123,-1,-1,-1,-1
739,1,78,174,835,214,-1,-1,-1,-1
739,2,733,274,398,116,-1,-1,-1,-1
739,3,325,267,83,124,-1,-1,-1,-1
740,1,79,174,828,214,-1,-1,-1,-1
740,2,747,273,385,118,-1,-1,-1,-1
740,3,326,267,83,123,-1,-1,-1,-1
741,1,79,174,827,215,-1,-1,-1,-1
741,2,737,273,395,117,-1,-1,-1,-1
741,3,327,266,81,124,-1,-1,-1,-1
742,1,79,173,827,217,-1,-1,-1,-1
742,2,742,275,390,116,-1,-1,-1,-1
742,3,325,266,84,125,-1,-1,-1,-1
743,1,79,173,828,217,-1,-1,-1,-1
743,2,767,275,361,116,-1,-1,-1,-1
743,3,325,267,83,123,-1,-1,-1,-1
744,1,80,173,827,217,-1,-1,-1,-1
744,2,742,274,388,117,-1,-1,-1,-1
744,3,325,268,83,121,-1,-1,-1,-1
745,1,79,174,827,216,-1,-1,-1,-1
745,2,749,274,379,116,-1,-1,-1,-1
745,3,326,267,82,122,-1,-1,-1,-1
746,1,79,173,826,217,-1,-1,-1,-1
746,2,751,275,377,115,-1,-1,-1,-1
746,3,325,267,82,123,-1,-1,-1,-1
747,1,79,173,826,216,-1,-1,-1,-1
747,2,750,275,376,114,-1,-1,-1,-1
747,3,323,266,85,125,-1,-1,-1,-1
748,1,78,173,829,216,-1,-1,-1,-1
748,2,739,275,387,114,-1,-1,-1,-1
748,3,325,266,83,124,-1,-1,-1,-1
749,1,79,173,828,216,-1,-1,-1,-1
749,2,740,275,386,115,-1,-1,-1,-1
749,3,326,266,81,123,-1,-1,-1,-1
750,1,80,173,826,216,-1,-1,-1,-1
750,2,731,275,397,116,-1,-1,-1,-1
750,3,324,266,85,124,-1,-1,-1,-1
