3,1,515,281,178,118,-1,-1,-1,-1
3,2,1512,380,204,156,-1,-1,-1,-1
3,3,1116,422,785,181,-1,-1,-1,-1
4,1,514,281,179,119,-1,-1,-1,-1
4,2,1512,381,204,155,-1,-1,-1,-1
4,3,1116,422,785,181,-1,-1,-1,-1
5,1,514,282,179,117,-1,-1,-1,-1
5,2,1512,381,204,155,-1,-1,-1,-1
5,3,1116,422,785,181,-1,-1,-1,-1
6,1,513,282,179,118,-1,-1,-1,-1
6,2,1511,381,205,156,-1,-1,-1,-1
6,3,1115,421,787,183,-1,-1,-1,-1
7,1,513,282,179,118,-1,-1,-1,-1
7,2,1511,381,206,156,-1,-1,-1,-1
7,3,1115,421,787,183,-1,-1,-1,-1
8,1,513,282,179,118,-1,-1,-1,-1
8,2,1511,381,206,156,-1,-1,-1,-1
8,3,1115,421,787,183,-1,-1,-1,-1
9,1,514,282,179,118,-1,-1,-1,-1
9,2,1511,381,205,156,-1,-1,-1,-1
9,3,1115,421,787,183,-1,-1,-1,-1
10,1,515,282,178,118,-1,-1,-1,-1
10,2,1512,381,204,155,-1,-1,-1,-1
10,3,1116,422,785,181,-1,-1,-1,-1
11,1,515,282,177,117,-1,-1,-1,-1
11,2,1511,381,205,156,-1,-1,-1,-1
11,3,1116,422,785,182,-1,-1,-1,-1
12,1,514,281,179,119,-1,-1,-1,-1
12,2,1512,381,204,155,-1,-1,-1,-1
12,3,1115,421,787,183,-1,-1,-1,-1
13,1,515,282,177,118,-1,-1,-1,-1
13,2,1511,380,206,157,-1,-1,-1,-1
13,3,1117,422,784,182,-1,-1,-1,-1
14,1,514,281,178,118,-1,-1,-1,-1
14,2,1511,380,207,157,-1,-1,-1,-1
14,3,1116,421,785,183,-1,-1,-1,-1
15,1,515,282,177,117,-1,-1,-1,-1
15,2,1511,381,206,156,-1,-1,-1,-1
15,3,1117,422,784,181,-1,-1,-1,-1
16,1,514,281,179,118,-1,-1,-1,-1
16,2,1512,381,204,155,-1,-1,-1,-1
16,3,1117,422,784,181,-1,-1,-1,-1
17,1,514,281,179,118,-1,-1,-1,-1
17,2,1511,380,207,157,-1,-1,-1,-1
17,3,1117,422,784,181,-1,-1,-1,-1
18,1,515,282,177,117,-1,-1,-1,-1
18,2,1511,381,206,156,-1,-1,-1,-1
18,3,1117,422,784,181,-1,-1,-1,-1
19,1,514,281,179,119,-1,-1,-1,-1
19,2,1512,381,204,155,-1,-1,-1,-1
19,3,1117,422,784,181,-1,-1,-1,-1
20,1,514,281,179,119,-1,-1,-1,-1
20,2,1511,380,206,157,-1,-1,-1,-1
20,3,1117,422,784,181,-1,-1,-1,-1
21,1,514,282,179,118,-1,-1,-1,-1
21,2,1511,380,206,157,-1,-1,-1,-1
21,3,1118,422,783,181,-1,-1,-1,-1
22,1,514,281,179,119,-1,-1,-1,-1
22,2,1511,380,206,157,-1,-1,-1,-1
22,3,1117,422,783,181,-1,-1,-1,-1
23,1,514,281,179,119,-1,-1,-1,-1
23,2,1511,380,206,157,-1,-1,-1,-1
23,3,1116,422,785,181,-1,-1,-1,-1
24,1,514,281,179,119,-1,-1,-1,-1
24,2,1512,381,204,156,-1,-1,-1,-1
24,3,1117,422,783,181,-1,-1,-1,-1
25,1,514,281,179,119,-1,-1,-1,-1
25,2,1512,381,204,155,-1,-1,-1,-1
25,3,1117,422,783,181,-1,-1,-1,-1
26,1,514,281,179,119,-1,-1,-1,-1
26,2,1511,380,206,157,-1,-1,-1,-1
26,3,1117,422,783,181,-1,-1,-1,-1
27,1,515,282,178,118,-1,-1,-1,-1
27,2,1511,380,206,157,-1,-1,-1,-1
27,3,1116,422,785,182,-1,-1,-1,-1
28,1,514,281,179,119,-1,-1,-1,-1
28,2,1511,380,206,157,-1,-1,-1,-1
28,3,1116,421,786,184,-1,-1,-1,-1
29,1,514,281,179,118,-1,-1,-1,-1
29,2,1511,380,206,157,-1,-1,-1,-1
29,3,1116,421,786,184,-1,-1,-1,-1
30,1,515,281,177,117,-1,-1,-1,-1
30,2,1511,380,206,157,-1,-1,-1,-1
30,3,1116,422,786,182,-1,-1,-1,-1
31,1,514,281,179,118,-1,-1,-1,-1
31,2,1511,380,206,157,-1,-1,-1,-1
31,3,1116,423,785,180,-1,-1,-1,-1
32,1,514,281,179,118,-1,-1,-1,-1
32,2,1511,380,206,157,-1,-1,-1,-1
32,3,1117,423,784,180,-1,-1,-1,-1
33,1,515,282,177,117,-1,-1,-1,-1
33,2,1511,380,206,157,-1,-1,-1,-1
33,3,1117,423,784,180,-1,-1,-1,-1
34,1,514,281,179,119,-1,-1,-1,-1
34,2,1511,380,206,156,-1,-1,-1,-1
34,3,1117,423,785,180,-1,-1,-1,-1
35,1,514,281,179,119,-1,-1,-1,-1
35,2,1511,380,206,157,-1,-1,-1,-1
35,3,1117,423,784,180,-1,-1,-1,-1
36,1,514,281,179,119,-1,-1,-1,-1
36,2,1511,380,206,157,-1,-1,-1,-1
36,3,1117,423,784,180,-1,-1,-1,-1
37,1,514,281,179,119,-1,-1,-1,-1
37,2,1511,380,206,156,-1,-1,-1,-1
37,3,1117,423,784,180,-1,-1,-1,-1
38,1,514,281,179,119,-1,-1,-1,-1
38,2,1511,380,206,157,-1,-1,-1,-1
38,3,1117,423,784,180,-1,-1,-1,-1
39,1,514,281,179,118,-1,-1,-1,-1
39,2,1512,380,205,157,-1,-1,-1,-1
39,3,1116,422,785,181,-1,-1,-1,-1
40,1,515,282,177,117,-1,-1,-1,-1
40,2,1511,380,206,157,-1,-1,-1,-1
40,3,1115,421,787,183,-1,-1,-1,-1
41,1,514,281,179,119,-1,-1,-1,-1
41,2,1511,380,206,157,-1,-1,-1,-1
41,3,1115,421,787,183,-1,-1,-1,-1
42,1,514,281,179,118,-1,-1,-1,-1
42,2,1512,381,204,156,-1,-1,-1,-1
42,3,1115,422,787,182,-1,-1,-1,-1
43,1,515,282,177,117,-1,-1,-1,-1
43,2,1511,380,206,157,-1,-1,-1,-1
43,3,1116,422,785,181,-1,-1,-1,-1
44,1,514,281,179,119,-1,-1,-1,-1
44,2,1511,381,206,156,-1,-1,-1,-1
44,3,1115,421,787,183,-1,-1,-1,-1
45,1,514,281,179,118,-1,-1,-1,-1
45,2,1511,381,206,156,-1,-1,-1,-1
45,3,1115,421,787,183,-1,-1,-1,-1
46,1,515,282,177,117,-1,-1,-1,-1
46,2,1511,381,206,156,-1,-1,-1,-1
46,3,1116,422,785,182,-1,-1,-1,-1
47,1,514,281,179,118,-1,-1,-1,-1
47,2,1511,380,206,157,-1,-1,-1,-1
47,3,1115,422,787,182,-1,-1,-1,-1
48,1,515,282,177,116,-1,-1,-1,-1
48,2,1512,381,204,156,-1,-1,-1,-1
48,3,1117,423,784,181,-1,-1,-1,-1
49,1,515,282,177,116,-1,-1,-1,-1
49,2,1512,380,205,156,-1,-1,-1,-1
49,3,1116,422,786,182,-1,-1,-1,-1
50,1,515,282,177,117,-1,-1,-1,-1
50,2,1512,380,205,156,-1,-1,-1,-1
50,3,1116,422,786,182,-1,-1,-1,-1
51,1,512,283,179,118,-1,-1,-1,-1
51,2,1512,381,204,155,-1,-1,-1,-1
51,3,1117,422,784,182,-1,-1,-1,-1
52,1,512,284,177,117,-1,-1,-1,-1
52,2,1511,380,206,157,-1,-1,-1,-1
52,3,1115,421,787,183,-1,-1,-1,-1
53,1,510,284,178,118,-1,-1,-1,-1
53,2,1512,381,204,156,-1,-1,-1,-1
53,3,1115,421,786,183,-1,-1,-1,-1
54,1,509,285,178,118,-1,-1,-1,-1
54,2,1511,381,206,156,-1,-1,-1,-1
54,3,1115,421,787,183,-1,-1,-1,-1
55,1,509,286,179,118,-1,-1,-1,-1
55,2,1511,381,206,156,-1,-1,-1,-1
55,3,1116,421,786,183,-1,-1,-1,-1
56,1,508,288,178,118,-1,-1,-1,-1
56,2,1512,381,204,155,-1,-1,-1,-1
56,3,1116,422,785,181,-1,-1,-1,-1
57,1,506,289,178,119,-1,-1,-1,-1
57,2,1512,380,205,156,-1,-1,-1,-1
57,3,1116,421,785,182,-1,-1,-1,-1
58,1,506,290,177,119,-1,-1,-1,-1
58,2,1511,380,207,157,-1,-1,-1,-1
58,3,1115,421,787,183,-1,-1,-1,-1
59,1,506,291,173,119,-1,-1,-1,-1
59,2,1512,381,205,155,-1,-1,-1,-1
59,3,1117,422,784,181,-1,-1,-1,-1
60,1,505,291,173,120,-1,-1,-1,-1
60,2,1512,381,204,155,-1,-1,-1,-1
60,3,1117,422,784,181,-1,-1,-1,-1
61,1,504,292,172,120,-1,-1,-1,-1
61,2,1512,381,204,155,-1,-1,-1,-1
61,3,1117,422,783,181,-1,-1,-1,-1
62,1,503,294,169,119,-1,-1,-1,-1
62,2,1511,380,206,157,-1,-1,-1,-1
62,3,1116,421,786,183,-1,-1,-1,-1
63,1,503,295,168,119,-1,-1,-1,-1
63,2,1512,381,204,155,-1,-1,-1,-1
63,3,1117,422,784,181,-1,-1,-1,-1
64,1,501,295,165,119,-1,-1,-1,-1
64,2,1512,381,204,155,-1,-1,-1,-1
64,3,1117,422,784,181,-1,-1,-1,-1
65,1,498,295,166,121,-1,-1,-1,-1
65,2,1512,381,204,156,-1,-1,-1,-1
65,3,1117,422,784,181,-1,-1,-1,-1
66,1,498,296,164,120,-1,-1,-1,-1
66,2,1512,381,204,155,-1,-1,-1,-1
66,3,1117,422,784,181,-1,-1,-1,-1
67,1,500,298,157,120,-1,-1,-1,-1
67,2,1512,381,204,155,-1,-1,-1,-1
67,3,1116,422,785,181,-1,-1,-1,-1
68,1,500,298,154,122,-1,-1,-1,-1
68,2,1511,381,207,156,-1,-1,-1,-1
68,3,1115,421,787,183,-1,-1,-1,-1
69,1,500,300,152,121,-1,-1,-1,-1
69,2,1512,381,205,155,-1,-1,-1,-1
69,3,1116,422,785,181,-1,-1,-1,-1
70,1,501,301,146,121,-1,-1,-1,-1
70,2,1512,381,205,156,-1,-1,-1,-1
70,3,1116,421,786,183,-1,-1,-1,-1
71,1,503,304,143,119,-1,-1,-1,-1
71,2,1512,380,204,156,-1,-1,-1,-1
71,3,1117,421,784,182,-1,-1,-1,-1
72,1,504,306,139,118,-1,-1,-1,-1
72,2,1512,381,204,155,-1,-1,-1,-1
72,3,1117,422,783,181,-1,-1,-1,-1
73,1,503,307,137,119,-1,-1,-1,-1
73,2,1512,381,204,155,-1,-1,-1,-1
73,3,1117,422,784,181,-1,-1,-1,-1
74,1,507,308,129,118,-1,-1,-1,-1
74,2,1511,380,207,157,-1,-1,-1,-1
74,3,1116,421,786,183,-1,-1,-1,-1
75,1,508,309,126,119,-1,-1,-1,-1
75,2,1511,380,207,157,-1,-1,-1,-1
75,3,1115,421,787,183,-1,-1,-1,-1
76,1,511,309,119,122,-1,-1,-1,-1
76,2,1512,380,206,156,-1,-1,-1,-1
76,3,1115,421,787,183,-1,-1,-1,-1
77,1,512,309,117,124,-1,-1,-1,-1
77,2,1512,380,205,156,-1,-1,-1,-1
77,3,1116,421,785,182,-1,-1,-1,-1
78,1,512,310,114,126,-1,-1,-1,-1
78,2,1512,380,205,156,-1,-1,-1,-1
78,3,1116,422,785,181,-1,-1,-1,-1
79,1,516,309,106,127,-1,-1,-1,-1
79,2,1511,380,207,157,-1,-1,-1,-1
79,3,1116,421,786,183,-1,-1,-1,-1
80,1,517,309,104,128,-1,-1,-1,-1
80,2,1512,380,205,157,-1,-1,-1,-1
80,3,1116,421,785,183,-1,-1,-1,-1
81,1,518,311,104,129,-1,-1,-1,-1
81,2,1512,381,204,155,-1,-1,-1,-1
81,3,1116,422,785,181,-1,-1,-1,-1
82,1,519,311,103,129,-1,-1,-1,-1
82,2,1512,380,205,156,-1,-1,-1,-1
82,3,1116,421,785,182,-1,-1,-1,-1
83,1,518,311,103,129,-1,-1,-1,-1
83,2,1512,380,205,156,-1,-1,-1,-1
83,3,1115,421,787,183,-1,-1,-1,-1
84,1,522,312,97,128,-1,-1,-1,-1
84,2,1512,380,206,157,-1,-1,-1,-1
84,3,1116,421,786,183,-1,-1,-1,-1
85,1,520,313,100,130,-1,-1,-1,-1
85,2,1511,380,207,157,-1,-1,-1,-1
85,3,1117,421,784,182,-1,-1,-1,-1
86,1,522,314,97,129,-1,-1,-1,-1
86,2,1511,380,207,157,-1,-1,-1,-1
86,3,1115,421,787,183,-1,-1,-1,-1
87,1,523,317,98,128,-1,-1,-1,-1
87,2,1511,380,207,157,-1,-1,-1,-1
87,3,1116,421,786,183,-1,-1,-1,-1
88,1,526,319,97,127,-1,-1,-1,-1
88,2,1512,380,205,156,-1,-1,-1,-1
88,3,1117,422,784,181,-1,-1,-1,-1
89,1,527,320,96,127,-1,-1,-1,-1
89,2,1511,380,206,156,-1,-1,-1,-1
89,3,1116,422,786,182,-1,-1,-1,-1
90,1,525,322,102,128,-1,-1,-1,-1
90,2,1511,380,206,157,-1,-1,-1,-1
90,3,1117,423,784,180,-1,-1,-1,-1
91,1,522,321,108,129,-1,-1,-1,-1
91,2,1511,380,206,157,-1,-1,-1,-1
91,3,1117,423,783,180,-1,-1,-1,-1
92,1,517,320,118,130,-1,-1,-1,-1
92,2,1511,380,207,157,-1,-1,-1,-1
92,3,1117,423,784,181,-1,-1,-1,-1
93,1,521,323,116,131,-1,-1,-1,-1
93,2,1512,381,205,156,-1,-1,-1,-1
93,3,1116,422,785,182,-1,-1,-1,-1
94,1,520,323,118,130,-1,-1,-1,-1
94,2,1511,380,206,157,-1,-1,-1,-1
94,3,1117,423,784,181,-1,-1,-1,-1
95,1,522,325,120,129,-1,-1,-1,-1
95,2,1512,380,204,156,-1,-1,-1,-1
95,3,1117,423,784,181,-1,-1,-1,-1
96,1,528,327,117,128,-1,-1,-1,-1
96,2,1512,381,204,155,-1,-1,-1,-1
96,3,1116,422,786,182,-1,-1,-1,-1
97,1,526,327,118,129,-1,-1,-1,-1
97,2,1512,381,204,156,-1,-1,-1,-1
97,3,1117,422,784,181,-1,-1,-1,-1
98,1,522,327,127,129,-1,-1,-1,-1
98,2,1512,380,204,156,-1,-1,-1,-1
98,3,1117,421,784,182,-1,-1,-1,-1
99,1,521,329,131,130,-1,-1,-1,-1
99,2,1512,381,204,155,-1,-1,-1,-1
99,3,1117,422,784,182,-1,-1,-1,-1
100,1,520,330,134,129,-1,-1,-1,-1
100,2,1511,381,206,156,-1,-1,-1,-1
100,3,1116,421,785,183,-1,-1,-1,-1
101,1,518,330,138,130,-1,-1,-1,-1
101,2,1511,380,206,157,-1,-1,-1,-1
101,3,1116,421,786,183,-1,-1,-1,-1
102,1,513,333,146,128,-1,-1,-1,-1
102,2,1511,380,206,157,-1,-1,-1,-1
102,3,1115,421,787,183,-1,-1,-1,-1
103,1,516,335,147,126,-1,-1,-1,-1
103,2,1511,381,205,156,-1,-1,-1,-1
103,3,1116,421,786,183,-1,-1,-1,-1
104,1,515,336,152,125,-1,-1,-1,-1
104,2,1511,380,206,157,-1,-1,-1,-1
104,3,1115,421,788,183,-1,-1,-1,-1
105,1,509,335,164,126,-1,-1,-1,-1
105,2,1511,380,206,156,-1,-1,-1,-1
105,3,1115,421,787,183,-1,-1,-1,-1
106,1,511,336,165,127,-1,-1,-1,-1
106,2,1511,380,206,157,-1,-1,-1,-1
106,3,1115,421,787,183,-1,-1,-1,-1
107,1,510,335,176,128,-1,-1,-1,-1
107,2,1512,381,205,155,-1,-1,-1,-1
107,3,1117,422,784,181,-1,-1,-1,-1
108,1,510,337,178,126,-1,-1,-1,-1
108,2,1512,381,205,156,-1,-1,-1,-1
108,3,1116,421,786,183,-1,-1,-1,-1
109,1,509,337,184,128,-1,-1,-1,-1
109,2,1512,381,204,156,-1,-1,-1,-1
109,3,1115,421,787,183,-1,-1,-1,-1
110,1,514,337,181,130,-1,-1,-1,-1
110,2,1512,381,204,156,-1,-1,-1,-1
110,3,1116,422,784,181,-1,-1,-1,-1
111,1,512,338,188,129,-1,-1,-1,-1
111,2,1511,380,206,157,-1,-1,-1,-1
111,3,1116,421,786,183,-1,-1,-1,-1
112,1,513,339,191,128,-1,-1,-1,-1
112,2,1511,380,206,157,-1,-1,-1,-1
112,3,1116,422,785,182,-1,-1,-1,-1
113,1,509,340,201,128,-1,-1,-1,-1
113,2,1511,380,206,157,-1,-1,-1,-1
113,3,1117,423,784,181,-1,-1,-1,-1
114,1,506,342,211,126,-1,-1,-1,-1
114,2,1512,380,204,156,-1,-1,-1,-1
114,3,1116,422,785,182,-1,-1,-1,-1
115,1,509,341,208,127,-1,-1,-1,-1
115,2,1512,381,204,156,-1,-1,-1,-1
115,3,1116,421,785,183,-1,-1,-1,-1
116,1,507,341,214,128,-1,-1,-1,-1
116,2,1511,380,206,156,-1,-1,-1,-1
116,3,1116,422,786,182,-1,-1,-1,-1
117,1,507,342,218,127,-1,-1,-1,-1
117,2,1512,381,204,155,-1,-1,-1,-1
117,3,1117,422,784,182,-1,-1,-1,-1
118,1,511,344,219,126,-1,-1,-1,-1
118,2,1512,381,204,155,-1,-1,-1,-1
118,3,1116,422,786,182,-1,-1,-1,-1
119,1,509,343,228,127,-1,-1,-1,-1
119,2,1511,381,206,156,-1,-1,-1,-1
119,3,1117,423,784,181,-1,-1,-1,-1
120,1,509,345,234,126,-1,-1,-1,-1
120,2,1512,381,204,155,-1,-1,-1,-1
120,3,1117,422,784,182,-1,-1,-1,-1
121,1,503,347,249,126,-1,-1,-1,-1
121,2,1511,380,206,157,-1,-1,-1,-1
121,3,1116,422,786,182,-1,-1,-1,-1
122,1,506,348,251,125,-1,-1,-1,-1
122,2,1511,381,205,156,-1,-1,-1,-1
122,3,1115,422,786,181,-1,-1,-1,-1
123,1,506,349,259,124,-1,-1,-1,-1
123,2,1511,380,206,157,-1,-1,-1,-1
123,3,1115,421,787,183,-1,-1,-1,-1
124,1,511,349,252,123,-1,-1,-1,-1
124,2,1511,380,206,157,-1,-1,-1,-1
124,3,1115,421,787,183,-1,-1,-1,-1
125,1,512,349,256,124,-1,-1,-1,-1
125,2,1511,380,206,156,-1,-1,-1,-1
125,3,1115,421,787,183,-1,-1,-1,-1
126,1,513,349,262,125,-1,-1,-1,-1
126,2,1511,380,206,157,-1,-1,-1,-1
126,3,1115,421,787,183,-1,-1,-1,-1
127,1,512,349,267,126,-1,-1,-1,-1
127,2,1512,381,204,155,-1,-1,-1,-1
127,3,1116,422,785,182,-1,-1,-1,-1
128,1,512,350,272,125,-1,-1,-1,-1
128,2,1512,381,204,155,-1,-1,-1,-1
128,3,1115,421,787,183,-1,-1,-1,-1
129,1,517,352,273,123,-1,-1,-1,-1
129,2,1512,380,204,156,-1,-1,-1,-1
129,3,1116,421,785,182,-1,-1,-1,-1
130,1,518,351,277,126,-1,-1,-1,-1
130,2,1512,381,204,155,-1,-1,-1,-1
130,3,1117,422,784,181,-1,-1,-1,-1
131,1,516,351,285,127,-1,-1,-1,-1
131,2,1512,381,204,155,-1,-1,-1,-1
131,3,1116,422,785,181,-1,-1,-1,-1
132,1,519,352,287,126,-1,-1,-1,-1
132,2,1511,380,206,157,-1,-1,-1,-1
132,3,1116,421,786,182,-1,-1,-1,-1
133,1,518,351,293,127,-1,-1,-1,-1
133,2,1512,381,204,155,-1,-1,-1,-1
133,3,1116,422,785,180,-1,-1,-1,-1
134,1,518,353,299,125,-1,-1,-1,-1
134,2,1511,380,205,156,-1,-1,-1,-1
134,3,1117,422,784,180,-1,-1,-1,-1
135,1,522,354,299,123,-1,-1,-1,-1
135,2,1510,380,207,156,-1,-1,-1,-1
135,3,1116,422,785,181,-1,-1,-1,-1
136,1,527,354,301,126,-1,-1,-1,-1
136,2,1511,381,205,155,-1,-1,-1,-1
136,3,1115,421,787,182,-1,-1,-1,-1
137,1,527,354,307,128,-1,-1,-1,-1
137,2,1511,381,205,155,-1,-1,-1,-1
137,3,1116,422,785,181,-1,-1,-1,-1
138,1,527,355,309,126,-1,-1,-1,-1
138,2,1510,380,207,157,-1,-1,-1,-1
138,3,1115,421,787,182,-1,-1,-1,-1
139,1,532,356,310,125,-1,-1,-1,-1
139,2,1510,380,207,157,-1,-1,-1,-1
139,3,1116,422,785,180,-1,-1,-1,-1
140,1,531,355,317,126,-1,-1,-1,-1
140,2,1511,380,205,156,-1,-1,-1,-1
140,3,1116,422,785,180,-1,-1,-1,-1
141,1,534,354,318,127,-1,-1,-1,-1
141,2,1511,380,206,157,-1,-1,-1,-1
141,3,1116,421,785,182,-1,-1,-1,-1
142,1,541,357,318,126,-1,-1,-1,-1
142,2,1511,380,206,157,-1,-1,-1,-1
142,3,1117,422,784,180,-1,-1,-1,-1
143,1,541,357,323,127,-1,-1,-1,-1
143,2,1512,381,204,155,-1,-1,-1,-1
143,3,1117,422,784,180,-1,-1,-1,-1
144,1,545,357,321,127,-1,-1,-1,-1
144,2,1512,380,204,156,-1,-1,-1,-1
144,3,1117,422,784,181,-1,-1,-1,-1
145,1,546,358,326,126,-1,-1,-1,-1
145,2,1512,381,205,155,-1,-1,-1,-1
145,3,1117,422,784,181,-1,-1,-1,-1
146,1,550,359,322,125,-1,-1,-1,-1
146,2,1512,381,205,156,-1,-1,-1,-1
146,3,1116,421,786,183,-1,-1,-1,-1
147,1,548,360,341,123,-1,-1,-1,-1
147,2,1512,381,204,155,-1,-1,-1,-1
147,3,1116,421,786,182,-1,-1,-1,-1
148,1,555,360,331,124,-1,-1,-1,-1
148,2,1512,381,204,155,-1,-1,-1,-1
148,3,1117,422,784,181,-1,-1,-1,-1
149,1,562,360,329,125,-1,-1,-1,-1
149,2,1510,381,207,156,-1,-1,-1,-1
149,3,1116,421,786,182,-1,-1,-1,-1
150,1,568,359,328,127,-1,-1,-1,-1
150,2,1511,380,206,157,-1,-1,-1,-1
150,3,1116,422,785,180,-1,-1,-1,-1
151,1,568,360,330,126,-1,-1,-1,-1
151,2,1511,381,206,156,-1,-1,-1,-1
151,3,1116,422,785,181,-1,-1,-1,-1
152,1,572,360,338,126,-1,-1,-1,-1
152,2,1512,381,205,155,-1,-1,-1,-1
152,3,1116,422,785,181,-1,-1,-1,-1
153,1,576,361,339,125,-1,-1,-1,-1
153,2,1511,380,207,157,-1,-1,-1,-1
153,3,1115,421,787,183,-1,-1,-1,-1
154,1,582,361,330,126,-1,-1,-1,-1
154,2,1511,380,207,157,-1,-1,-1,-1
154,3,1115,421,787,183,-1,-1,-1,-1
155,1,581,361,342,127,-1,-1,-1,-1
155,2,1511,380,207,156,-1,-1,-1,-1
155,3,1115,421,787,183,-1,-1,-1,-1
156,1,585,362,340,126,-1,-1,-1,-1
156,2,1511,380,206,157,-1,-1,-1,-1
156,3,1115,421,787,183,-1,-1,-1,-1
157,1,586,361,346,127,-1,-1,-1,-1
157,2,1511,380,206,157,-1,-1,-1,-1
157,3,1116,421,786,183,-1,-1,-1,-1
158,1,593,362,349,126,-1,-1,-1,-1
158,2,1512,380,205,156,-1,-1,-1,-1
158,3,1115,421,787,182,-1,-1,-1,-1
159,1,595,361,346,127,-1,-1,-1,-1
159,2,1511,380,207,157,-1,-1,-1,-1
159,3,1116,422,785,181,-1,-1,-1,-1
160,1,602,363,354,127,-1,-1,-1,-1
160,2,1512,380,205,156,-1,-1,-1,-1
160,3,1116,421,784,182,-1,-1,-1,-1
161,1,606,362,354,129,-1,-1,-1,-1
161,2,1511,381,206,156,-1,-1,-1,-1
161,3,1115,421,787,183,-1,-1,-1,-1
162,1,609,363,352,127,-1,-1,-1,-1
162,2,1512,380,204,156,-1,-1,-1,-1
162,3,1115,421,787,182,-1,-1,-1,-1
163,1,618,364,346,126,-1,-1,-1,-1
163,2,1512,381,204,155,-1,-1,-1,-1
163,3,1116,422,785,180,-1,-1,-1,-1
164,1,623,364,346,127,-1,-1,-1,-1
164,2,1512,381,204,155,-1,-1,-1,-1
164,3,1116,422,784,180,-1,-1,-1,-1
165,1,622,363,348,129,-1,-1,-1,-1
165,2,1511,381,206,156,-1,-1,-1,-1
165,3,1116,422,784,180,-1,-1,-1,-1
166,1,623,363,351,129,-1,-1,-1,-1
166,2,1512,381,204,156,-1,-1,-1,-1
166,3,1116,422,785,181,-1,-1,-1,-1
167,1,624,364,355,128,-1,-1,-1,-1
167,2,1512,381,204,155,-1,-1,-1,-1
167,3,1116,422,785,181,-1,-1,-1,-1
168,1,628,364,353,128,-1,-1,-1,-1
168,2,1511,381,206,156,-1,-1,-1,-1
168,3,1115,421,787,183,-1,-1,-1,-1
169,1,627,364,363,129,-1,-1,-1,-1
169,2,1512,381,204,155,-1,-1,-1,-1
169,3,1115,421,786,182,-1,-1,-1,-1
170,1,629,363,367,131,-1,-1,-1,-1
170,2,1512,381,204,155,-1,-1,-1,-1
170,3,1116,422,784,181,-1,-1,-1,-1
171,1,638,363,363,130,-1,-1,-1,-1
171,2,1512,381,204,156,-1,-1,-1,-1
171,3,1115,421,787,183,-1,-1,-1,-1
172,1,646,363,362,131,-1,-1,-1,-1
172,2,1511,380,206,157,-1,-1,-1,-1
172,3,1115,421,787,183,-1,-1,-1,-1
173,1,649,363,364,132,-1,-1,-1,-1
173,2,1512,381,204,156,-1,-1,-1,-1
173,3,1115,422,786,182,-1,-1,-1,-1
174,1,653,364,363,131,-1,-1,-1,-1
174,2,1512,380,204,156,-1,-1,-1,-1
174,3,1115,421,786,183,-1,-1,-1,-1
175,1,661,365,359,130,-1,-1,-1,-1
175,2,1512,381,204,155,-1,-1,-1,-1
175,3,1114,422,788,182,-1,-1,-1,-1
176,1,664,364,361,132,-1,-1,-1,-1
176,2,1511,380,206,156,-1,-1,-1,-1
176,3,1114,422,787,181,-1,-1,-1,-1
177,1,669,366,358,131,-1,-1,-1,-1
177,2,1512,380,204,156,-1,-1,-1,-1
177,3,1115,421,787,183,-1,-1,-1,-1
178,1,676,366,357,132,-1,-1,-1,-1
178,2,1511,380,206,156,-1,-1,-1,-1
178,3,1115,421,787,182,-1,-1,-1,-1
179,1,676,365,362,133,-1,-1,-1,-1
179,2,1511,381,206,156,-1,-1,-1,-1
179,3,1114,421,788,183,-1,-1,-1,-1
180,1,680,367,365,132,-1,-1,-1,-1
180,2,1511,380,206,156,-1,-1,-1,-1
180,3,1114,421,788,183,-1,-1,-1,-1
181,1,686,369,368,131,-1,-1,-1,-1
181,2,1511,380,205,156,-1,-1,-1,-1
181,3,1114,421,788,183,-1,-1,-1,-1
182,1,690,370,367,130,-1,-1,-1,-1
182,2,1511,380,206,157,-1,-1,-1,-1
182,3,1114,421,788,182,-1,-1,-1,-1
183,1,704,370,359,130,-1,-1,-1,-1
183,2,1511,380,207,157,-1,-1,-1,-1
183,3,1116,422,785,181,-1,-1,-1,-1
184,1,705,370,359,133,-1,-1,-1,-1
184,2,1512,380,205,156,-1,-1,-1,-1
184,3,1114,421,788,183,-1,-1,-1,-1
185,1,708,369,359,134,-1,-1,-1,-1
185,2,1512,381,204,155,-1,-1,-1,-1
185,3,1114,421,788,182,-1,-1,-1,-1
186,1,717,370,360,135,-1,-1,-1,-1
186,2,1512,381,204,155,-1,-1,-1,-1
186,3,1115,422,785,180,-1,-1,-1,-1
187,1,716,370,364,135,-1,-1,-1,-1
187,2,1512,381,204,156,-1,-1,-1,-1
187,3,1114,422,787,181,-1,-1,-1,-1
188,1,718,372,366,133,-1,-1,-1,-1
188,2,1512,381,204,155,-1,-1,-1,-1
188,3,1114,422,787,181,-1,-1,-1,-1
189,1,726,375,362,131,-1,-1,-1,-1
189,2,1512,381,204,155,-1,-1,-1,-1
189,3,1113,422,787,181,-1,-1,-1,-1
190,1,727,376,363,130,-1,-1,-1,-1
190,2,1511,380,206,157,-1,-1,-1,-1
190,3,1113,421,789,183,-1,-1,-1,-1
191,1,735,377,361,129,-1,-1,-1,-1
191,2,1512,381,204,155,-1,-1,-1,-1
191,3,1112,421,790,183,-1,-1,-1,-1
192,1,743,378,359,129,-1,-1,-1,-1
192,2,1512,381,204,155,-1,-1,-1,-1
192,3,1112,421,790,183,-1,-1,-1,-1
193,1,744,378,359,130,-1,-1,-1,-1
193,2,1511,380,206,157,-1,-1,-1,-1
193,3,1112,421,789,183,-1,-1,-1,-1
194,1,752,378,352,132,-1,-1,-1,-1
194,2,1512,380,205,156,-1,-1,-1,-1
194,3,1112,421,789,182,-1,-1,-1,-1
195,1,755,379,359,133,-1,-1,-1,-1
195,2,1512,381,204,155,-1,-1,-1,-1
195,3,1114,422,787,181,-1,-1,-1,-1
196,1,758,379,358,132,-1,-1,-1,-1
196,2,1511,380,207,157,-1,-1,-1,-1
196,3,1112,421,789,183,-1,-1,-1,-1
197,1,768,379,356,135,-1,-1,-1,-1
197,2,1512,380,205,156,-1,-1,-1,-1
197,3,1112,421,790,182,-1,-1,-1,-1
198,1,770,379,357,135,-1,-1,-1,-1
198,2,1512,380,204,156,-1,-1,-1,-1
198,3,1113,421,788,182,-1,-1,-1,-1
199,1,771,379,359,135,-1,-1,-1,-1
199,2,1511,380,206,157,-1,-1,-1,-1
199,3,1112,421,790,182,-1,-1,-1,-1
200,1,775,381,364,134,-1,-1,-1,-1
200,2,1512,381,205,155,-1,-1,-1,-1
200,3,1114,421,787,182,-1,-1,-1,-1
201,1,777,380,365,135,-1,-1,-1,-1
201,2,1511,380,207,157,-1,-1,-1,-1
201,3,1114,421,787,182,-1,-1,-1,-1
202,1,784,381,361,135,-1,-1,-1,-1
202,2,1512,381,205,155,-1,-1,-1,-1
202,3,1113,420,789,184,-1,-1,-1,-1
203,1,793,381,358,136,-1,-1,-1,-1
203,2,1511,380,206,157,-1,-1,-1,-1
203,3,1112,421,789,183,-1,-1,-1,-1
204,1,795,381,358,136,-1,-1,-1,-1
204,2,1511,380,206,157,-1,-1,-1,-1
204,3,1113,422,788,182,-1,-1,-1,-1
205,1,801,382,360,136,-1,-1,-1,-1
205,2,1512,381,204,156,-1,-1,-1,-1
205,3,1112,422,789,181,-1,-1,-1,-1
206,1,806,383,355,136,-1,-1,-1,-1
206,2,1510,380,207,157,-1,-1,-1,-1
206,3,1113,422,787,180,-1,-1,-1,-1
207,1,811,383,354,136,-1,-1,-1,-1
207,2,1511,381,205,155,-1,-1,-1,-1
207,3,1116,422,784,180,-1,-1,-1,-1
208,1,821,384,347,136,-1,-1,-1,-1
208,2,1512,381,204,155,-1,-1,-1,-1
208,3,1114,422,786,180,-1,-1,-1,-1
209,1,819,384,356,136,-1,-1,-1,-1
209,2,1512,381,204,155,-1,-1,-1,-1
209,3,1119,422,781,180,-1,-1,-1,-1
210,1,824,385,359,135,-1,-1,-1,-1
210,2,1512,380,204,156,-1,-1,-1,-1
210,3,1116,422,785,180,-1,-1,-1,-1
211,1,829,387,360,135,-1,-1,-1,-1
211,2,1512,380,204,156,-1,-1,-1,-1
211,3,1117,421,783,181,-1,-1,-1,-1
212,1,832,388,360,134,-1,-1,-1,-1
212,2,1511,380,205,156,-1,-1,-1,-1
212,3,1117,421,784,181,-1,-1,-1,-1
213,1,839,389,360,133,-1,-1,-1,-1
213,2,1512,381,204,155,-1,-1,-1,-1
213,3,1121,422,780,180,-1,-1,-1,-1
214,1,842,391,361,132,-1,-1,-1,-1
214,2,1511,380,206,157,-1,-1,-1,-1
214,3,1120,421,782,182,-1,-1,-1,-1
215,1,846,392,361,131,-1,-1,-1,-1
215,2,1512,381,204,156,-1,-1,-1,-1
215,3,1116,422,785,180,-1,-1,-1,-1
216,1,851,393,356,132,-1,-1,-1,-1
216,2,1511,380,206,157,-1,-1,-1,-1
216,3,1116,421,786,182,-1,-1,-1,-1
217,1,856,393,357,133,-1,-1,-1,-1
217,2,1511,380,206,156,-1,-1,-1,-1
217,3,1113,421,787,181,-1,-1,-1,-1
218,1,857,394,362,133,-1,-1,-1,-1
218,2,1511,381,206,156,-1,-1,-1,-1
218,3,1104,421,796,182,-1,-1,-1,-1
219,1,863,396,362,131,-1,-1,-1,-1
219,2,1511,380,206,156,-1,-1,-1,-1
219,3,1105,420,796,183,-1,-1,-1,-1
220,1,865,397,364,131,-1,-1,-1,-1
220,2,1512,380,204,156,-1,-1,-1,-1
220,3,1105,421,795,182,-1,-1,-1,-1
221,1,872,398,361,132,-1,-1,-1,-1
221,2,1511,380,205,156,-1,-1,-1,-1
221,3,1111,420,791,183,-1,-1,-1,-1
222,1,876,398,362,132,-1,-1,-1,-1
222,2,1511,381,206,156,-1,-1,-1,-1
222,3,1112,420,790,183,-1,-1,-1,-1
223,1,878,398,363,133,-1,-1,-1,-1
223,2,1511,381,206,156,-1,-1,-1,-1
223,3,1117,420,785,183,-1,-1,-1,-1
224,1,878,399,373,131,-1,-1,-1,-1
224,2,1512,381,205,156,-1,-1,-1,-1
224,3,1118,420,784,183,-1,-1,-1,-1
225,1,889,402,362,129,-1,-1,-1,-1
225,2,1512,380,204,156,-1,-1,-1,-1
225,3,1119,420,783,182,-1,-1,-1,-1
226,1,892,402,364,129,-1,-1,-1,-1
226,2,1512,381,204,155,-1,-1,-1,-1
226,3,1120,421,781,181,-1,-1,-1,-1
227,1,899,402,363,130,-1,-1,-1,-1
227,2,1511,380,206,156,-1,-1,-1,-1
227,3,1120,420,782,182,-1,-1,-1,-1
228,1,898,402,372,132,-1,-1,-1,-1
228,2,1512,381,204,155,-1,-1,-1,-1
228,3,1121,421,780,181,-1,-1,-1,-1
229,1,903,401,373,131,-1,-1,-1,-1
229,2,1512,381,204,155,-1,-1,-1,-1
229,3,1112,422,789,180,-1,-1,-1,-1
230,1,906,403,375,130,-1,-1,-1,-1
230,2,1511,380,205,156,-1,-1,-1,-1
230,3,1110,422,790,180,-1,-1,-1,-1
231,1,914,405,373,129,-1,-1,-1,-1
231,2,1512,380,205,156,-1,-1,-1,-1
231,3,1113,422,788,180,-1,-1,-1,-1
232,1,916,402,377,133,-1,-1,-1,-1
232,2,1511,381,206,156,-1,-1,-1,-1
232,3,1111,422,791,181,-1,-1,-1,-1
233,1,919,402,378,134,-1,-1,-1,-1
233,2,1512,381,204,155,-1,-1,-1,-1
233,3,1112,421,790,181,-1,-1,-1,-1
234,1,922,404,384,132,-1,-1,-1,-1
234,2,1511,380,206,157,-1,-1,-1,-1
234,3,1108,420,794,183,-1,-1,-1,-1
235,1,929,405,380,131,-1,-1,-1,-1
235,2,1512,381,204,156,-1,-1,-1,-1
235,3,1121,420,783,182,-1,-1,-1,-1
236,1,931,405,386,131,-1,-1,-1,-1
236,2,1511,381,205,156,-1,-1,-1,-1
236,3,1120,421,782,180,-1,-1,-1,-1
237,1,938,406,387,129,-1,-1,-1,-1
237,2,1512,381,204,155,-1,-1,-1,-1
237,3,1119,421,784,180,-1,-1,-1,-1
238,1,942,406,389,130,-1,-1,-1,-1
238,2,1512,381,204,155,-1,-1,-1,-1
238,3,1120,421,782,181,-1,-1,-1,-1
239,1,942,408,396,131,-1,-1,-1,-1
239,2,1511,381,206,156,-1,-1,-1,-1
239,3,1117,420,786,183,-1,-1,-1,-1
240,1,951,409,391,129,-1,-1,-1,-1
240,2,1512,381,204,156,-1,-1,-1,-1
240,3,1113,420,790,183,-1,-1,-1,-1
241,1,952,405,395,135,-1,-1,-1,-1
241,2,1512,381,204,155,-1,-1,-1,-1
241,3,1120,421,783,182,-1,-1,-1,-1
242,1,961,407,387,131,-1,-1,-1,-1
242,2,1512,381,204,155,-1,-1,-1,-1
242,3,1117,421,785,181,-1,-1,-1,-1
243,1,966,408,391,130,-1,-1,-1,-1
243,2,1512,381,205,156,-1,-1,-1,-1
243,3,1122,421,782,182,-1,-1,-1,-1
244,1,968,408,395,131,-1,-1,-1,-1
244,2,1511,380,206,157,-1,-1,-1,-1
244,3,1121,421,781,181,-1,-1,-1,-1
245,1,971,407,399,133,-1,-1,-1,-1
245,2,1512,381,204,155,-1,-1,-1,-1
245,3,1121,421,783,182,-1,-1,-1,-1
246,1,977,407,403,133,-1,-1,-1,-1
246,2,1512,381,204,155,-1,-1,-1,-1
246,3,1122,422,780,180,-1,-1,-1,-1
247,1,977,407,403,133,-1,-1,-1,-1
247,2,1511,381,206,156,-1,-1,-1,-1
247,3,1121,422,782,181,-1,-1,-1,-1
248,1,979,407,404,133,-1,-1,-1,-1
248,2,1511,381,206,156,-1,-1,-1,-1
248,3,1118,422,785,181,-1,-1,-1,-1
249,1,986,408,401,132,-1,-1,-1,-1
249,2,1511,381,206,156,-1,-1,-1,-1
249,3,1117,422,786,180,-1,-1,-1,-1
250,1,992,408,403,133,-1,-1,-1,-1
250,2,1512,381,205,156,-1,-1,-1,-1
250,3,1113,422,790,180,-1,-1,-1,-1
251,1,995,408,404,133,-1,-1,-1,-1
251,2,1511,380,205,156,-1,-1,-1,-1
251,3,1114,422,789,180,-1,-1,-1,-1
252,1,996,407,409,136,-1,-1,-1,-1
252,2,1512,381,204,156,-1,-1,-1,-1
252,3,1113,422,790,181,-1,-1,-1,-1
253,1,1006,408,407,133,-1,-1,-1,-1
253,2,1512,380,204,156,-1,-1,-1,-1
253,3,1115,422,788,180,-1,-1,-1,-1
254,1,1007,409,409,132,-1,-1,-1,-1
254,2,1511,380,205,156,-1,-1,-1,-1
254,3,1113,422,791,181,-1,-1,-1,-1
255,1,1013,408,409,131,-1,-1,-1,-1
255,2,1510,380,207,157,-1,-1,-1,-1
255,3,1113,421,790,181,-1,-1,-1,-1
256,1,1022,409,409,131,-1,-1,-1,-1
256,2,1511,381,205,155,-1,-1,-1,-1
256,3,1115,420,788,183,-1,-1,-1,-1
257,1,1021,408,412,133,-1,-1,-1,-1
257,2,1510,381,207,156,-1,-1,-1,-1
257,3,1116,421,788,182,-1,-1,-1,-1
258,1,1029,408,412,132,-1,-1,-1,-1
258,2,1511,381,205,155,-1,-1,-1,-1
258,3,1119,422,785,181,-1,-1,-1,-1
259,1,1033,411,413,131,-1,-1,-1,-1
259,2,1511,381,205,155,-1,-1,-1,-1
259,3,1122,422,780,180,-1,-1,-1,-1
260,1,1031,411,412,130,-1,-1,-1,-1
260,2,1510,380,207,157,-1,-1,-1,-1
260,3,1120,422,783,181,-1,-1,-1,-1
261,1,1033,412,410,128,-1,-1,-1,-1
261,2,1511,381,205,156,-1,-1,-1,-1
261,3,1121,423,782,179,-1,-1,-1,-1
262,1,1033,412,409,129,-1,-1,-1,-1
262,2,1511,380,205,156,-1,-1,-1,-1
262,3,1121,423,781,179,-1,-1,-1,-1
263,1,1033,412,410,129,-1,-1,-1,-1
263,2,1510,379,207,158,-1,-1,-1,-1
263,3,1122,423,781,179,-1,-1,-1,-1
264,1,1033,412,409,129,-1,-1,-1,-1
264,2,1510,380,207,157,-1,-1,-1,-1
264,3,1121,423,781,179,-1,-1,-1,-1
265,1,1032,412,410,129,-1,-1,-1,-1
265,2,1511,381,205,155,-1,-1,-1,-1
265,3,1122,423,780,179,-1,-1,-1,-1
266,1,1033,412,409,129,-1,-1,-1,-1
266,2,1511,381,205,155,-1,-1,-1,-1
266,3,1121,422,782,180,-1,-1,-1,-1
267,1,1032,411,412,130,-1,-1,-1,-1
267,2,1511,381,206,156,-1,-1,-1,-1
267,3,1122,423,781,178,-1,-1,-1,-1
268,1,1033,412,409,128,-1,-1,-1,-1
268,2,1511,381,206,155,-1,-1,-1,-1
268,3,1122,423,781,179,-1,-1,-1,-1
269,1,1034,407,412,135,-1,-1,-1,-1
269,2,1512,381,204,155,-1,-1,-1,-1
269,3,1121,422,783,180,-1,-1,-1,-1
270,1,1032,411,411,131,-1,-1,-1,-1
270,2,1511,381,205,155,-1,-1,-1,-1
270,3,1122,423,781,179,-1,-1,-1,-1
271,1,1032,411,411,130,-1,-1,-1,-1
271,2,1511,381,205,155,-1,-1,-1,-1
271,3,1121,423,783,180,-1,-1,-1,-1
272,1,1033,412,409,128,-1,-1,-1,-1
272,2,1511,381,205,156,-1,-1,-1,-1
272,3,1122,423,782,180,-1,-1,-1,-1
273,1,1033,412,409,128,-1,-1,-1,-1
273,2,1511,381,205,156,-1,-1,-1,-1
273,3,1121,422,783,180,-1,-1,-1,-1
274,1,1033,412,409,128,-1,-1,-1,-1
274,2,1511,381,205,156,-1,-1,-1,-1
274,3,1122,423,781,179,-1,-1,-1,-1
275,1,1033,412,409,128,-1,-1,-1,-1
275,2,1511,381,205,155,-1,-1,-1,-1
275,3,1121,422,782,180,-1,-1,-1,-1
276,1,1034,407,412,135,-1,-1,-1,-1
276,2,1511,381,205,156,-1,-1,-1,-1
276,3,1121,421,783,182,-1,-1,-1,-1
277,1,1033,406,414,137,-1,-1,-1,-1
277,2,1510,381,207,156,-1,-1,-1,-1
277,3,1121,422,783,181,-1,-1,-1,-1
278,1,1031,411,412,130,-1,-1,-1,-1
278,2,1511,380,205,156,-1,-1,-1,-1
278,3,1121,423,782,179,-1,-1,-1,-1
279,1,1032,412,410,128,-1,-1,-1,-1
279,2,1511,381,205,155,-1,-1,-1,-1
279,3,1121,422,782,180,-1,-1,-1,-1
280,1,1033,412,409,128,-1,-1,-1,-1
280,2,1510,381,206,156,-1,-1,-1,-1
280,3,1120,421,784,182,-1,-1,-1,-1
281,1,1033,412,409,128,-1,-1,-1,-1
281,2,1511,381,205,156,-1,-1,-1,-1
281,3,1120,421,784,182,-1,-1,-1,-1
282,1,1033,412,409,129,-1,-1,-1,-1
282,2,1511,381,205,156,-1,-1,-1,-1
282,3,1119,422,785,181,-1,-1,-1,-1
283,1,1032,411,411,130,-1,-1,-1,-1
283,2,1511,381,205,156,-1,-1,-1,-1
283,3,1121,422,782,180,-1,-1,-1,-1
284,1,1033,412,409,129,-1,-1,-1,-1
284,2,1511,381,205,156,-1,-1,-1,-1
284,3,1119,421,785,182,-1,-1,-1,-1
285,1,1032,411,411,130,-1,-1,-1,-1
285,2,1510,380,207,157,-1,-1,-1,-1
285,3,1120,422,783,181,-1,-1,-1,-1
286,1,1033,412,409,129,-1,-1,-1,-1
286,2,1512,381,204,155,-1,-1,-1,-1
286,3,1120,422,784,181,-1,-1,-1,-1
287,1,1031,411,412,130,-1,-1,-1,-1
287,2,1512,381,204,155,-1,-1,-1,-1
287,3,1121,422,782,180,-1,-1,-1,-1
288,1,1032,412,410,128,-1,-1,-1,-1
288,2,1512,381,204,155,-1,-1,-1,-1
288,3,1120,421,784,182,-1,-1,-1,-1
289,1,1032,412,410,128,-1,-1,-1,-1
289,2,1511,381,205,155,-1,-1,-1,-1
289,3,1120,421,784,182,-1,-1,-1,-1
290,1,1033,412,409,128,-1,-1,-1,-1
290,2,1511,381,205,156,-1,-1,-1,-1
290,3,1119,421,785,182,-1,-1,-1,-1
291,1,1033,412,409,128,-1,-1,-1,-1
291,2,1511,381,205,156,-1,-1,-1,-1
291,3,1120,421,784,182,-1,-1,-1,-1
292,1,1033,412,409,129,-1,-1,-1,-1
292,2,1511,381,206,156,-1,-1,-1,-1
292,3,1120,421,784,181,-1,-1,-1,-1
293,1,1032,411,411,130,-1,-1,-1,-1
293,2,1511,381,207,156,-1,-1,-1,-1
293,3,1122,422,780,180,-1,-1,-1,-1
294,1,1034,407,412,135,-1,-1,-1,-1
294,2,1512,381,205,156,-1,-1,-1,-1
294,3,1120,421,784,182,-1,-1,-1,-1
295,1,1032,411,411,130,-1,-1,-1,-1
295,2,1510,380,208,158,-1,-1,-1,-1
295,3,1120,422,784,181,-1,-1,-1,-1
296,1,1033,412,410,128,-1,-1,-1,-1
296,2,1511,380,207,158,-1,-1,-1,-1
296,3,1121,422,782,180,-1,-1,-1,-1
297,1,1033,412,410,128,-1,-1,-1,-1
297,2,1511,380,207,157,-1,-1,-1,-1
297,3,1120,421,784,182,-1,-1,-1,-1
298,1,1033,412,410,128,-1,-1,-1,-1
298,2,1512,381,205,155,-1,-1,-1,-1
298,3,1120,421,784,182,-1,-1,-1,-1
299,1,1033,412,410,128,-1,-1,-1,-1
299,2,1512,381,205,155,-1,-1,-1,-1
299,3,1120,421,784,182,-1,-1,-1,-1
300,1,1033,412,410,128,-1,-1,-1,-1
300,2,1512,381,205,155,-1,-1,-1,-1
300,3,1119,421,785,182,-1,-1,-1,-1
301,1,1033,412,409,128,-1,-1,-1,-1
301,2,1511,381,206,155,-1,-1,-1,-1
301,3,1120,421,783,182,-1,-1,-1,-1
302,1,1033,412,410,128,-1,-1,-1,-1
302,2,1511,381,206,155,-1,-1,-1,-1
302,3,1120,421,783,182,-1,-1,-1,-1
303,1,1033,411,409,129,-1,-1,-1,-1
303,2,1512,381,205,155,-1,-1,-1,-1
303,3,1120,421,783,182,-1,-1,-1,-1
304,1,1032,410,412,131,-1,-1,-1,-1
304,2,1512,381,205,155,-1,-1,-1,-1
304,3,1121,422,781,180,-1,-1,-1,-1
305,1,1032,410,411,131,-1,-1,-1,-1
305,2,1512,381,205,155,-1,-1,-1,-1
305,3,1120,421,783,181,-1,-1,-1,-1
306,1,1034,407,412,135,-1,-1,-1,-1
306,2,1512,381,205,155,-1,-1,-1,-1
306,3,1120,421,783,182,-1,-1,-1,-1
307,1,1033,406,414,137,-1,-1,-1,-1
307,2,1512,381,205,156,-1,-1,-1,-1
307,3,1121,422,782,180,-1,-1,-1,-1
308,1,1033,406,414,137,-1,-1,-1,-1
308,2,1511,380,207,157,-1,-1,-1,-1
308,3,1119,421,784,182,-1,-1,-1,-1
309,1,1033,406,414,137,-1,-1,-1,-1
309,2,1512,381,205,155,-1,-1,-1,-1
309,3,1120,421,784,181,-1,-1,-1,-1
310,1,1033,406,414,137,-1,-1,-1,-1
310,2,1512,381,204,156,-1,-1,-1,-1
310,3,1121,422,782,179,-1,-1,-1,-1
311,1,1033,406,413,137,-1,-1,-1,-1
311,2,1511,380,207,158,-1,-1,-1,-1
311,3,1121,422,781,179,-1,-1,-1,-1
312,1,1033,406,414,137,-1,-1,-1,-1
312,2,1511,380,207,157,-1,-1,-1,-1
312,3,1121,422,782,180,-1,-1,-1,-1
313,1,1033,406,414,137,-1,-1,-1,-1
313,2,1512,381,205,155,-1,-1,-1,-1
313,3,1119,421,785,182,-1,-1,-1,-1
314,1,1033,406,413,137,-1,-1,-1,-1
314,2,1512,381,205,155,-1,-1,-1,-1
314,3,1120,421,783,181,-1,-1,-1,-1
315,1,1032,410,411,131,-1,-1,-1,-1
315,2,1512,381,205,155,-1,-1,-1,-1
315,3,1121,422,782,180,-1,-1,-1,-1
316,1,1033,411,409,129,-1,-1,-1,-1
316,2,1512,381,205,155,-1,-1,-1,-1
316,3,1120,422,784,181,-1,-1,-1,-1
317,1,1033,411,409,129,-1,-1,-1,-1
317,2,1512,381,205,155,-1,-1,-1,-1
317,3,1121,423,782,179,-1,-1,-1,-1
318,1,1033,411,409,129,-1,-1,-1,-1
318,2,1512,381,205,155,-1,-1,-1,-1
318,3,1121,422,782,180,-1,-1,-1,-1
319,1,1033,411,409,129,-1,-1,-1,-1
319,2,1512,381,205,155,-1,-1,-1,-1
319,3,1120,422,784,181,-1,-1,-1,-1
320,1,1032,411,411,130,-1,-1,-1,-1
320,2,1512,381,205,155,-1,-1,-1,-1
320,3,1122,422,780,180,-1,-1,-1,-1
321,1,1033,412,409,128,-1,-1,-1,-1
321,2,1512,381,205,155,-1,-1,-1,-1
321,3,1120,421,784,182,-1,-1,-1,-1
322,1,1033,412,409,128,-1,-1,-1,-1
322,2,1512,381,205,155,-1,-1,-1,-1
322,3,1120,421,784,182,-1,-1,-1,-1
323,1,1033,412,409,128,-1,-1,-1,-1
323,2,1512,381,204,155,-1,-1,-1,-1
323,3,1120,421,784,182,-1,-1,-1,-1
324,1,1033,412,409,128,-1,-1,-1,-1
324,2,1512,381,205,155,-1,-1,-1,-1
324,3,1120,421,784,182,-1,-1,-1,-1
325,1,1033,412,409,128,-1,-1,-1,-1
325,2,1512,381,205,156,-1,-1,-1,-1
325,3,1120,421,783,182,-1,-1,-1,-1
326,1,1033,412,409,128,-1,-1,-1,-1
326,2,1512,381,205,155,-1,-1,-1,-1
326,3,1120,422,783,181,-1,-1,-1,-1
327,1,1033,412,409,128,-1,-1,-1,-1
327,2,1512,381,205,155,-1,-1,-1,-1
327,3,1121,422,781,180,-1,-1,-1,-1
328,1,1033,412,409,128,-1,-1,-1,-1
328,2,1512,381,205,155,-1,-1,-1,-1
328,3,1120,421,783,182,-1,-1,-1,-1
329,1,1034,407,411,135,-1,-1,-1,-1
329,2,1512,381,204,155,-1,-1,-1,-1
329,3,1120,421,783,182,-1,-1,-1,-1
330,1,1033,406,414,137,-1,-1,-1,-1
330,2,1512,381,204,155,-1,-1,-1,-1
330,3,1120,421,783,182,-1,-1,-1,-1
331,1,1033,406,414,137,-1,-1,-1,-1
331,2,1512,381,205,156,-1,-1,-1,-1
331,3,1120,421,784,182,-1,-1,-1,-1
332,1,1032,410,412,131,-1,-1,-1,-1
332,2,1511,380,207,157,-1,-1,-1,-1
332,3,1120,421,784,182,-1,-1,-1,-1
333,1,1032,411,412,130,-1,-1,-1,-1
333,2,1512,381,205,155,-1,-1,-1,-1
333,3,1121,421,782,181,-1,-1,-1,-1
334,1,1033,412,410,128,-1,-1,-1,-1
334,2,1512,381,204,155,-1,-1,-1,-1
334,3,1122,422,780,180,-1,-1,-1,-1
335,1,1033,412,409,128,-1,-1,-1,-1
335,2,1511,381,206,156,-1,-1,-1,-1
335,3,1121,423,781,179,-1,-1,-1,-1
336,1,1033,412,410,128,-1,-1,-1,-1
336,2,1512,381,205,156,-1,-1,-1,-1
336,3,1122,423,780,179,-1,-1,-1,-1
337,1,1034,407,411,135,-1,-1,-1,-1
337,2,1510,380,208,157,-1,-1,-1,-1
337,3,1122,423,780,179,-1,-1,-1,-1
338,1,1032,411,411,130,-1,-1,-1,-1
338,2,1511,381,206,156,-1,-1,-1,-1
338,3,1121,423,781,179,-1,-1,-1,-1
339,1,1033,412,410,129,-1,-1,-1,-1
339,2,1511,380,206,158,-1,-1,-1,-1
339,3,1121,423,781,179,-1,-1,-1,-1
340,1,1033,412,409,129,-1,-1,-1,-1
340,2,1511,381,206,157,-1,-1,-1,-1
340,3,1122,423,780,179,-1,-1,-1,-1
341,1,1033,411,410,130,-1,-1,-1,-1
341,2,1512,382,204,155,-1,-1,-1,-1
341,3,1121,423,781,179,-1,-1,-1,-1
342,1,1032,411,412,130,-1,-1,-1,-1
342,2,1512,381,204,156,-1,-1,-1,-1
342,3,1121,423,782,180,-1,-1,-1,-1
343,1,1034,407,412,135,-1,-1,-1,-1
343,2,1512,381,204,156,-1,-1,-1,-1
343,3,1121,423,782,179,-1,-1,-1,-1
344,1,1032,411,412,130,-1,-1,-1,-1
344,2,1511,381,206,156,-1,-1,-1,-1
344,3,1120,422,783,180,-1,-1,-1,-1
345,1,1034,407,412,135,-1,-1,-1,-1
345,2,1512,382,204,154,-1,-1,-1,-1
345,3,1120,421,784,182,-1,-1,-1,-1
346,1,1032,411,411,130,-1,-1,-1,-1
346,2,1512,381,205,156,-1,-1,-1,-1
346,3,1120,421,784,182,-1,-1,-1,-1
347,1,1033,412,409,128,-1,-1,-1,-1
347,2,1511,380,207,158,-1,-1,-1,-1
347,3,1121,421,783,182,-1,-1,-1,-1
348,1,1033,412,409,129,-1,-1,-1,-1
348,2,1511,380,207,158,-1,-1,-1,-1
348,3,1120,421,784,181,-1,-1,-1,-1
349,1,1032,411,411,131,-1,-1,-1,-1
349,2,1511,380,206,158,-1,-1,-1,-1
349,3,1121,422,782,180,-1,-1,-1,-1
350,1,1032,412,411,130,-1,-1,-1,-1
350,2,1511,380,206,158,-1,-1,-1,-1
350,3,1121,423,782,179,-1,-1,-1,-1
351,1,1032,411,411,131,-1,-1,-1,-1
351,2,1511,380,206,158,-1,-1,-1,-1
351,3,1121,423,782,179,-1,-1,-1,-1
352,1,1032,411,411,131,-1,-1,-1,-1
352,2,1511,380,206,158,-1,-1,-1,-1
352,3,1121,423,782,179,-1,-1,-1,-1
353,1,1032,412,411,130,-1,-1,-1,-1
353,2,1511,380,206,158,-1,-1,-1,-1
353,3,1119,423,784,179,-1,-1,-1,-1
354,1,1032,411,412,131,-1,-1,-1,-1
354,2,1511,380,206,158,-1,-1,-1,-1
354,3,1121,423,782,180,-1,-1,-1,-1
355,1,1032,412,412,130,-1,-1,-1,-1
355,2,1511,380,206,158,-1,-1,-1,-1
355,3,1119,422,784,181,-1,-1,-1,-1
356,1,1032,411,412,130,-1,-1,-1,-1
356,2,1511,380,206,158,-1,-1,-1,-1
356,3,1120,423,782,179,-1,-1,-1,-1
357,1,1033,412,410,129,-1,-1,-1,-1
357,2,1510,380,208,158,-1,-1,-1,-1
357,3,1121,423,781,179,-1,-1,-1,-1
358,1,1032,411,411,131,-1,-1,-1,-1
358,2,1511,380,206,158,-1,-1,-1,-1
358,3,1121,423,781,179,-1,-1,-1,-1
359,1,1032,411,411,131,-1,-1,-1,-1
359,2,1511,380,206,157,-1,-1,-1,-1
359,3,1122,423,781,179,-1,-1,-1,-1
360,1,1032,411,412,131,-1,-1,-1,-1
360,2,1511,381,205,155,-1,-1,-1,-1
360,3,1121,423,782,179,-1,-1,-1,-1
361,1,1032,411,412,131,-1,-1,-1,-1
361,2,1512,381,205,155,-1,-1,-1,-1
361,3,1121,423,782,179,-1,-1,-1,-1
362,1,1034,407,411,135,-1,-1,-1,-1
362,2,1512,381,205,155,-1,-1,-1,-1
362,3,1122,423,781,179,-1,-1,-1,-1
363,1,1033,406,414,137,-1,-1,-1,-1
363,2,1511,381,205,156,-1,-1,-1,-1
363,3,1121,423,782,179,-1,-1,-1,-1
364,1,1034,407,412,136,-1,-1,-1,-1
364,2,1510,380,207,158,-1,-1,-1,-1
364,3,1121,422,782,181,-1,-1,-1,-1
365,1,1032,411,411,131,-1,-1,-1,-1
365,2,1510,380,207,158,-1,-1,-1,-1
365,3,1121,422,782,180,-1,-1,-1,-1
366,1,1033,412,410,129,-1,-1,-1,-1
366,2,1510,380,207,158,-1,-1,-1,-1
366,3,1120,421,784,182,-1,-1,-1,-1
367,1,1034,407,412,136,-1,-1,-1,-1
367,2,1510,380,207,158,-1,-1,-1,-1
367,3,1121,421,783,182,-1,-1,-1,-1
368,1,1032,411,412,131,-1,-1,-1,-1
368,2,1511,380,206,158,-1,-1,-1,-1
368,3,1120,421,784,182,-1,-1,-1,-1
369,1,1034,407,412,135,-1,-1,-1,-1
369,2,1511,380,206,158,-1,-1,-1,-1
369,3,1120,421,785,182,-1,-1,-1,-1
370,1,1032,411,412,131,-1,-1,-1,-1
370,2,1511,381,206,157,-1,-1,-1,-1
370,3,1120,421,784,182,-1,-1,-1,-1
371,1,1033,412,410,129,-1,-1,-1,-1
371,2,1511,381,205,156,-1,-1,-1,-1
371,3,1120,421,784,182,-1,-1,-1,-1
372,1,1033,412,410,129,-1,-1,-1,-1
372,2,1512,381,204,156,-1,-1,-1,-1
372,3,1121,422,783,181,-1,-1,-1,-1
373,1,1033,412,410,129,-1,-1,-1,-1
373,2,1511,380,206,158,-1,-1,-1,-1
373,3,1121,423,782,179,-1,-1,-1,-1
374,1,1033,412,410,129,-1,-1,-1,-1
374,2,1511,380,206,157,-1,-1,-1,-1
374,3,1121,423,782,179,-1,-1,-1,-1
375,1,1033,412,410,129,-1,-1,-1,-1
375,2,1512,381,205,155,-1,-1,-1,-1
375,3,1121,423,782,180,-1,-1,-1,-1
376,1,1033,412,410,129,-1,-1,-1,-1
376,2,1512,381,205,155,-1,-1,-1,-1
376,3,1120,422,784,181,-1,-1,-1,-1
377,1,1033,412,410,129,-1,-1,-1,-1
377,2,1512,381,205,155,-1,-1,-1,-1
377,3,1120,421,784,182,-1,-1,-1,-1
378,1,1033,412,410,129,-1,-1,-1,-1
378,2,1512,381,205,155,-1,-1,-1,-1
378,3,1120,422,784,181,-1,-1,-1,-1
379,1,1033,412,410,129,-1,-1,-1,-1
379,2,1512,381,205,155,-1,-1,-1,-1
379,3,1120,423,783,180,-1,-1,-1,-1
380,1,1032,411,411,130,-1,-1,-1,-1
380,2,1512,381,205,155,-1,-1,-1,-1
380,3,1120,422,784,181,-1,-1,-1,-1
381,1,1033,412,409,129,-1,-1,-1,-1
381,2,1511,381,206,155,-1,-1,-1,-1
381,3,1121,423,782,179,-1,-1,-1,-1
382,1,1033,412,409,129,-1,-1,-1,-1
382,2,1511,381,206,155,-1,-1,-1,-1
382,3,1121,422,782,180,-1,-1,-1,-1
383,1,1032,412,411,130,-1,-1,-1,-1
383,2,1511,381,206,155,-1,-1,-1,-1
383,3,1121,421,783,181,-1,-1,-1,-1
384,1,1032,411,412,131,-1,-1,-1,-1
384,2,1511,381,206,156,-1,-1,-1,-1
384,3,1122,421,781,180,-1,-1,-1,-1
385,1,1033,412,410,129,-1,-1,-1,-1
385,2,1510,380,208,157,-1,-1,-1,-1
385,3,1122,422,781,179,-1,-1,-1,-1
386,1,1032,411,411,130,-1,-1,-1,-1
386,2,1511,381,206,156,-1,-1,-1,-1
386,3,1121,422,783,180,-1,-1,-1,-1
387,1,1033,411,409,129,-1,-1,-1,-1
387,2,1511,380,207,158,-1,-1,-1,-1
387,3,1122,423,781,178,-1,-1,-1,-1
388,1,1032,411,411,130,-1,-1,-1,-1
388,2,1511,380,207,158,-1,-1,-1,-1
388,3,1121,423,782,178,-1,-1,-1,-1
389,1,1033,412,409,128,-1,-1,-1,-1
389,2,1510,380,208,158,-1,-1,-1,-1
389,3,1121,423,782,178,-1,-1,-1,-1
390,1,1033,412,409,128,-1,-1,-1,-1
390,2,1510,380,208,158,-1,-1,-1,-1
390,3,1122,423,781,179,-1,-1,-1,-1
391,1,1034,407,412,135,-1,-1,-1,-1
391,2,1511,380,207,158,-1,-1,-1,-1
391,3,1122,423,781,180,-1,-1,-1,-1
392,1,1033,406,414,137,-1,-1,-1,-1
392,2,1511,380,207,158,-1,-1,-1,-1
392,3,1121,422,783,181,-1,-1,-1,-1
393,1,1033,406,414,137,-1,-1,-1,-1
393,2,1511,380,206,158,-1,-1,-1,-1
393,3,1121,422,783,180,-1,-1,-1,-1
394,1,1033,406,414,137,-1,-1,-1,-1
394,2,1511,380,207,158,-1,-1,-1,-1
394,3,1120,422,785,180,-1,-1,-1,-1
395,1,1034,406,413,137,-1,-1,-1,-1
395,2,1511,380,206,158,-1,-1,-1,-1
395,3,1121,422,783,180,-1,-1,-1,-1
396,1,1033,406,414,137,-1,-1,-1,-1
396,2,1511,380,206,158,-1,-1,-1,-1
396,3,1121,423,782,179,-1,-1,-1,-1
397,1,1032,411,412,131,-1,-1,-1,-1
397,2,1511,380,207,158,-1,-1,-1,-1
397,3,1120,422,784,180,-1,-1,-1,-1
398,1,1034,407,412,135,-1,-1,-1,-1
398,2,1511,380,207,158,-1,-1,-1,-1
398,3,1121,423,782,179,-1,-1,-1,-1
399,1,1033,406,414,137,-1,-1,-1,-1
399,2,1510,380,208,158,-1,-1,-1,-1
399,3,1120,422,784,180,-1,-1,-1,-1
400,1,1031,411,413,131,-1,-1,-1,-1
400,2,1510,380,208,158,-1,-1,-1,-1
400,3,1122,422,781,180,-1,-1,-1,-1
401,1,1033,412,410,129,-1,-1,-1,-1
401,2,1510,380,208,158,-1,-1,-1,-1
401,3,1120,421,784,181,-1,-1,-1,-1
402,1,1034,407,412,135,-1,-1,-1,-1
402,2,1511,380,207,158,-1,-1,-1,-1
402,3,1120,421,784,181,-1,-1,-1,-1
403,1,1033,406,414,137,-1,-1,-1,-1
403,2,1511,380,206,158,-1,-1,-1,-1
403,3,1120,421,784,180,-1,-1,-1,-1
404,1,1032,411,411,131,-1,-1,-1,-1
404,2,1510,380,207,158,-1,-1,-1,-1
404,3,1122,422,781,180,-1,-1,-1,-1
405,1,1032,411,412,130,-1,-1,-1,-1
405,2,1510,380,207,158,-1,-1,-1,-1
405,3,1121,421,783,181,-1,-1,-1,-1
406,1,1033,412,410,128,-1,-1,-1,-1
406,2,1511,380,206,158,-1,-1,-1,-1
406,3,1121,422,783,180,-1,-1,-1,-1
407,1,1033,412,409,128,-1,-1,-1,-1
407,2,1511,380,206,157,-1,-1,-1,-1
407,3,1121,423,782,179,-1,-1,-1,-1
408,1,1033,412,409,128,-1,-1,-1,-1
408,2,1510,380,208,157,-1,-1,-1,-1
408,3,1120,423,784,180,-1,-1,-1,-1
409,1,1033,412,409,128,-1,-1,-1,-1
409,2,1511,381,206,156,-1,-1,-1,-1
409,3,1121,423,783,180,-1,-1,-1,-1
410,1,1033,412,410,129,-1,-1,-1,-1
410,2,1510,380,208,157,-1,-1,-1,-1
410,3,1121,422,782,180,-1,-1,-1,-1
411,1,1033,412,410,129,-1,-1,-1,-1
411,2,1511,381,206,155,-1,-1,-1,-1
411,3,1120,421,784,182,-1,-1,-1,-1
412,1,1033,412,409,129,-1,-1,-1,-1
412,2,1511,381,205,156,-1,-1,-1,-1
412,3,1120,421,784,182,-1,-1,-1,-1
413,1,1033,412,409,129,-1,-1,-1,-1
413,2,1510,380,208,158,-1,-1,-1,-1
413,3,1121,422,783,181,-1,-1,-1,-1
414,1,1034,408,412,134,-1,-1,-1,-1
414,2,1510,380,208,158,-1,-1,-1,-1
414,3,1122,423,782,180,-1,-1,-1,-1
415,1,1032,411,411,131,-1,-1,-1,-1
415,2,1511,380,207,158,-1,-1,-1,-1
415,3,1122,423,781,179,-1,-1,-1,-1
416,1,1032,411,411,130,-1,-1,-1,-1
416,2,1511,380,207,158,-1,-1,-1,-1
416,3,1122,423,781,179,-1,-1,-1,-1
417,1,1033,412,409,128,-1,-1,-1,-1
417,2,1510,380,208,157,-1,-1,-1,-1
417,3,1122,423,781,179,-1,-1,-1,-1
418,1,1033,412,409,128,-1,-1,-1,-1
418,2,1512,381,205,156,-1,-1,-1,-1
418,3,1122,422,782,181,-1,-1,-1,-1
419,1,1033,412,410,128,-1,-1,-1,-1
419,2,1510,380,208,158,-1,-1,-1,-1
419,3,1122,423,781,179,-1,-1,-1,-1
420,1,1033,412,410,128,-1,-1,-1,-1
420,2,1511,380,207,158,-1,-1,-1,-1
420,3,1121,422,783,180,-1,-1,-1,-1
421,1,1033,412,410,128,-1,-1,-1,-1
421,2,1510,380,208,158,-1,-1,-1,-1
421,3,1122,423,781,179,-1,-1,-1,-1
422,1,1033,412,410,128,-1,-1,-1,-1
422,2,1510,380,208,157,-1,-1,-1,-1
422,3,1121,422,783,180,-1,-1,-1,-1
423,1,1033,412,409,128,-1,-1,-1,-1
423,2,1512,381,205,156,-1,-1,-1,-1
423,3,1122,423,781,179,-1,-1,-1,-1
424,1,1031,408,410,132,-1,-1,-1,-1
424,2,1510,380,208,158,-1,-1,-1,-1
424,3,1120,422,784,181,-1,-1,-1,-1
425,1,1022,407,413,134,-1,-1,-1,-1
425,2,1510,380,208,158,-1,-1,-1,-1
425,3,1117,422,787,181,-1,-1,-1,-1
426,1,1020,407,413,134,-1,-1,-1,-1
426,2,1510,380,208,158,-1,-1,-1,-1
426,3,1117,422,786,180,-1,-1,-1,-1
427,1,1013,408,411,131,-1,-1,-1,-1
427,2,1510,380,208,157,-1,-1,-1,-1
427,3,1113,422,790,181,-1,-1,-1,-1
428,1,1008,409,410,130,-1,-1,-1,-1
428,2,1511,381,206,155,-1,-1,-1,-1
428,3,1114,421,791,182,-1,-1,-1,-1
429,1,1007,410,407,128,-1,-1,-1,-1
429,2,1511,381,206,155,-1,-1,-1,-1
429,3,1115,421,790,182,-1,-1,-1,-1
430,1,996,408,410,135,-1,-1,-1,-1
430,2,1511,381,206,155,-1,-1,-1,-1
430,3,1114,421,790,182,-1,-1,-1,-1
431,1,994,407,411,136,-1,-1,-1,-1
431,2,1511,381,205,155,-1,-1,-1,-1
431,3,1120,422,784,181,-1,-1,-1,-1
432,1,992,408,407,133,-1,-1,-1,-1
432,2,1511,381,205,155,-1,-1,-1,-1
432,3,1115,422,788,180,-1,-1,-1,-1
433,1,986,407,408,132,-1,-1,-1,-1
433,2,1511,381,205,155,-1,-1,-1,-1
433,3,1118,422,787,181,-1,-1,-1,-1
434,1,985,406,409,133,-1,-1,-1,-1
434,2,1512,381,205,155,-1,-1,-1,-1
434,3,1115,422,788,180,-1,-1,-1,-1
435,1,974,408,408,132,-1,-1,-1,-1
435,2,1512,380,205,156,-1,-1,-1,-1
435,3,1120,421,784,182,-1,-1,-1,-1
436,1,971,407,408,134,-1,-1,-1,-1
436,2,1511,380,207,157,-1,-1,-1,-1
436,3,1119,421,785,181,-1,-1,-1,-1
437,1,969,407,406,134,-1,-1,-1,-1
437,2,1512,380,205,156,-1,-1,-1,-1
437,3,1120,421,784,182,-1,-1,-1,-1
438,1,961,407,400,133,-1,-1,-1,-1
438,2,1511,380,207,157,-1,-1,-1,-1
438,3,1123,421,781,181,-1,-1,-1,-1
439,1,961,407,400,132,-1,-1,-1,-1
439,2,1512,381,205,155,-1,-1,-1,-1
439,3,1122,422,781,180,-1,-1,-1,-1
440,1,957,408,392,129,-1,-1,-1,-1
440,2,1512,380,205,156,-1,-1,-1,-1
440,3,1117,421,786,182,-1,-1,-1,-1
441,1,952,410,394,127,-1,-1,-1,-1
441,2,1511,379,207,158,-1,-1,-1,-1
441,3,1119,421,784,182,-1,-1,-1,-1
442,1,949,410,396,128,-1,-1,-1,-1
442,2,1511,380,207,157,-1,-1,-1,-1
442,3,1117,422,785,180,-1,-1,-1,-1
443,1,939,408,400,129,-1,-1,-1,-1
443,2,1512,380,205,156,-1,-1,-1,-1
443,3,1119,422,783,180,-1,-1,-1,-1
444,1,937,409,400,127,-1,-1,-1,-1
444,2,1511,380,207,157,-1,-1,-1,-1
444,3,1117,422,785,180,-1,-1,-1,-1
445,1,931,408,401,128,-1,-1,-1,-1
445,2,1512,380,205,156,-1,-1,-1,-1
445,3,1112,422,789,181,-1,-1,-1,-1
446,1,928,407,389,129,-1,-1,-1,-1
446,2,1511,380,206,157,-1,-1,-1,-1
446,3,1112,421,790,183,-1,-1,-1,-1
447,1,927,407,388,128,-1,-1,-1,-1
447,2,1512,381,204,155,-1,-1,-1,-1
447,3,1113,421,789,183,-1,-1,-1,-1
448,1,923,406,384,129,-1,-1,-1,-1
448,2,1512,381,205,155,-1,-1,-1,-1
448,3,1105,421,797,183,-1,-1,-1,-1
449,1,917,406,386,130,-1,-1,-1,-1
449,2,1512,381,205,155,-1,-1,-1,-1
449,3,1101,421,800,182,-1,-1,-1,-1
450,1,916,406,383,129,-1,-1,-1,-1
450,2,1512,381,205,155,-1,-1,-1,-1
450,3,1102,421,798,181,-1,-1,-1,-1
451,1,911,405,379,130,-1,-1,-1,-1
451,2,1511,381,206,156,-1,-1,-1,-1
451,3,1106,421,795,182,-1,-1,-1,-1
452,1,910,405,376,129,-1,-1,-1,-1
452,2,1512,381,204,155,-1,-1,-1,-1
452,3,1111,422,790,180,-1,-1,-1,-1
453,1,904,404,377,130,-1,-1,-1,-1
453,2,1512,381,204,156,-1,-1,-1,-1
453,3,1107,421,794,182,-1,-1,-1,-1
454,1,902,403,369,129,-1,-1,-1,-1
454,2,1512,381,204,155,-1,-1,-1,-1
454,3,1116,421,786,181,-1,-1,-1,-1
455,1,902,403,366,128,-1,-1,-1,-1
455,2,1512,380,205,156,-1,-1,-1,-1
455,3,1116,422,785,179,-1,-1,-1,-1
456,1,894,403,365,129,-1,-1,-1,-1
456,2,1512,381,205,155,-1,-1,-1,-1
456,3,1125,422,776,179,-1,-1,-1,-1
457,1,888,402,366,131,-1,-1,-1,-1
457,2,1512,381,205,155,-1,-1,-1,-1
457,3,1128,422,773,179,-1,-1,-1,-1
458,1,885,401,371,129,-1,-1,-1,-1
458,2,1511,380,206,156,-1,-1,-1,-1
458,3,1121,422,780,180,-1,-1,-1,-1
459,1,881,402,368,129,-1,-1,-1,-1
459,2,1511,381,206,156,-1,-1,-1,-1
459,3,1120,421,782,182,-1,-1,-1,-1
460,1,880,401,368,130,-1,-1,-1,-1
460,2,1512,381,205,155,-1,-1,-1,-1
460,3,1120,421,783,182,-1,-1,-1,-1
461,1,876,399,361,132,-1,-1,-1,-1
461,2,1512,381,205,155,-1,-1,-1,-1
461,3,1112,421,789,182,-1,-1,-1,-1
462,1,873,399,358,131,-1,-1,-1,-1
462,2,1511,380,206,157,-1,-1,-1,-1
462,3,1111,421,791,182,-1,-1,-1,-1
463,1,869,399,357,130,-1,-1,-1,-1
463,2,1512,380,204,156,-1,-1,-1,-1
463,3,1108,422,792,181,-1,-1,-1,-1
464,1,865,397,355,132,-1,-1,-1,-1
464,2,1512,380,204,156,-1,-1,-1,-1
464,3,1107,421,795,182,-1,-1,-1,-1
465,1,866,397,349,131,-1,-1,-1,-1
465,2,1512,380,204,156,-1,-1,-1,-1
465,3,1105,422,795,181,-1,-1,-1,-1
466,1,861,396,348,132,-1,-1,-1,-1
466,2,1512,381,204,155,-1,-1,-1,-1
466,3,1104,421,797,183,-1,-1,-1,-1
467,1,857,395,345,133,-1,-1,-1,-1
467,2,1512,381,204,155,-1,-1,-1,-1
467,3,1112,421,790,182,-1,-1,-1,-1
468,1,851,395,354,132,-1,-1,-1,-1
468,2,1512,380,204,156,-1,-1,-1,-1
468,3,1109,422,792,181,-1,-1,-1,-1
469,1,849,395,350,130,-1,-1,-1,-1
469,2,1512,380,204,156,-1,-1,-1,-1
469,3,1118,421,784,182,-1,-1,-1,-1
470,1,849,393,345,130,-1,-1,-1,-1
470,2,1512,380,204,156,-1,-1,-1,-1
470,3,1122,422,779,180,-1,-1,-1,-1
471,1,844,392,347,131,-1,-1,-1,-1
471,2,1511,380,206,156,-1,-1,-1,-1
471,3,1121,421,780,181,-1,-1,-1,-1
472,1,838,392,343,131,-1,-1,-1,-1
472,2,1511,381,206,156,-1,-1,-1,-1
472,3,1119,422,783,181,-1,-1,-1,-1
473,1,836,391,338,131,-1,-1,-1,-1
473,2,1511,381,205,156,-1,-1,-1,-1
473,3,1115,422,786,180,-1,-1,-1,-1
474,1,831,389,338,132,-1,-1,-1,-1
474,2,1511,381,206,156,-1,-1,-1,-1
474,3,1115,421,787,182,-1,-1,-1,-1
475,1,830,387,333,133,-1,-1,-1,-1
475,2,1512,380,204,157,-1,-1,-1,-1
475,3,1113,422,788,180,-1,-1,-1,-1
476,1,826,386,334,134,-1,-1,-1,-1
476,2,1511,381,206,156,-1,-1,-1,-1
476,3,1113,421,788,182,-1,-1,-1,-1
477,1,821,385,334,135,-1,-1,-1,-1
477,2,1511,380,206,157,-1,-1,-1,-1
477,3,1112,421,790,182,-1,-1,-1,-1
478,1,817,385,333,134,-1,-1,-1,-1
478,2,1511,381,205,155,-1,-1,-1,-1
478,3,1113,422,789,181,-1,-1,-1,-1
479,1,812,384,338,136,-1,-1,-1,-1
479,2,1511,381,206,156,-1,-1,-1,-1
479,3,1113,423,788,180,-1,-1,-1,-1
480,1,809,383,336,136,-1,-1,-1,-1
480,2,1511,381,205,156,-1,-1,-1,-1
480,3,1113,422,788,181,-1,-1,-1,-1
481,1,804,383,335,135,-1,-1,-1,-1
481,2,1511,381,205,156,-1,-1,-1,-1
481,3,1112,422,790,182,-1,-1,-1,-1
482,1,799,381,333,137,-1,-1,-1,-1
482,2,1511,380,206,157,-1,-1,-1,-1
482,3,1113,422,787,181,-1,-1,-1,-1
483,1,800,381,326,136,-1,-1,-1,-1
483,2,1512,381,204,155,-1,-1,-1,-1
483,3,1113,421,788,183,-1,-1,-1,-1
484,1,795,382,325,135,-1,-1,-1,-1
484,2,1512,381,204,155,-1,-1,-1,-1
484,3,1112,421,789,183,-1,-1,-1,-1
485,1,788,381,330,136,-1,-1,-1,-1
485,2,1512,381,204,155,-1,-1,-1,-1
485,3,1112,421,789,183,-1,-1,-1,-1
486,1,788,381,325,135,-1,-1,-1,-1
486,2,1512,381,204,156,-1,-1,-1,-1
486,3,1113,422,788,182,-1,-1,-1,-1
487,1,781,380,326,135,-1,-1,-1,-1
487,2,1511,380,206,157,-1,-1,-1,-1
487,3,1114,423,786,181,-1,-1,-1,-1
488,1,777,381,326,134,-1,-1,-1,-1
488,2,1512,381,204,155,-1,-1,-1,-1
488,3,1114,422,786,181,-1,-1,-1,-1
489,1,773,381,329,133,-1,-1,-1,-1
489,2,1512,381,204,156,-1,-1,-1,-1
489,3,1113,422,788,182,-1,-1,-1,-1
490,1,769,381,327,131,-1,-1,-1,-1
490,2,1511,380,206,157,-1,-1,-1,-1
490,3,1112,422,789,182,-1,-1,-1,-1
491,1,765,380,329,132,-1,-1,-1,-1
491,2,1512,381,204,155,-1,-1,-1,-1
491,3,1113,422,787,181,-1,-1,-1,-1
492,1,759,379,327,132,-1,-1,-1,-1
492,2,1512,381,204,155,-1,-1,-1,-1
492,3,1111,422,790,182,-1,-1,-1,-1
493,1,757,378,329,133,-1,-1,-1,-1
493,2,1512,381,204,156,-1,-1,-1,-1
493,3,1112,422,788,181,-1,-1,-1,-1
494,1,753,378,330,133,-1,-1,-1,-1
494,2,1511,380,206,157,-1,-1,-1,-1
494,3,1112,421,790,183,-1,-1,-1,-1
495,1,748,378,331,132,-1,-1,-1,-1
495,2,1512,381,204,156,-1,-1,-1,-1
495,3,1112,421,789,183,-1,-1,-1,-1
496,1,744,377,327,130,-1,-1,-1,-1
496,2,1512,380,204,156,-1,-1,-1,-1
496,3,1112,422,789,182,-1,-1,-1,-1
497,1,745,377,322,130,-1,-1,-1,-1
497,2,1512,381,204,155,-1,-1,-1,-1
497,3,1113,423,787,180,-1,-1,-1,-1
498,1,737,375,327,133,-1,-1,-1,-1
498,2,1512,380,204,156,-1,-1,-1,-1
498,3,1113,422,788,181,-1,-1,-1,-1
499,1,732,374,327,135,-1,-1,-1,-1
499,2,1512,381,204,155,-1,-1,-1,-1
499,3,1113,421,788,183,-1,-1,-1,-1
500,1,728,376,325,130,-1,-1,-1,-1
500,2,1512,381,204,155,-1,-1,-1,-1
500,3,1113,421,788,183,-1,-1,-1,-1
501,1,722,375,324,129,-1,-1,-1,-1
501,2,1512,381,204,156,-1,-1,-1,-1
501,3,1113,421,788,183,-1,-1,-1,-1
502,1,719,374,328,129,-1,-1,-1,-1
502,2,1512,381,204,155,-1,-1,-1,-1
502,3,1113,421,788,183,-1,-1,-1,-1
503,1,714,374,329,130,-1,-1,-1,-1
503,2,1512,380,204,156,-1,-1,-1,-1
503,3,1113,422,789,182,-1,-1,-1,-1
504,1,708,373,327,131,-1,-1,-1,-1
504,2,1512,381,204,156,-1,-1,-1,-1
504,3,1114,422,787,181,-1,-1,-1,-1
505,1,705,372,327,132,-1,-1,-1,-1
505,2,1512,380,205,156,-1,-1,-1,-1
505,3,1113,422,789,182,-1,-1,-1,-1
506,1,700,370,328,131,-1,-1,-1,-1
506,2,1512,381,204,155,-1,-1,-1,-1
506,3,1113,422,788,181,-1,-1,-1,-1
507,1,695,370,327,130,-1,-1,-1,-1
507,2,1511,380,206,157,-1,-1,-1,-1
507,3,1114,422,786,182,-1,-1,-1,-1
508,1,690,369,328,132,-1,-1,-1,-1
508,2,1512,381,204,155,-1,-1,-1,-1
508,3,1113,421,788,183,-1,-1,-1,-1
509,1,682,367,330,133,-1,-1,-1,-1
509,2,1512,381,205,155,-1,-1,-1,-1
509,3,1114,422,787,181,-1,-1,-1,-1
510,1,677,367,332,132,-1,-1,-1,-1
510,2,1512,380,205,156,-1,-1,-1,-1
510,3,1114,421,788,183,-1,-1,-1,-1
511,1,674,367,331,131,-1,-1,-1,-1
511,2,1512,381,204,155,-1,-1,-1,-1
511,3,1115,422,786,181,-1,-1,-1,-1
512,1,666,367,336,131,-1,-1,-1,-1
512,2,1511,380,206,156,-1,-1,-1,-1
512,3,1114,422,788,182,-1,-1,-1,-1
513,1,668,368,327,129,-1,-1,-1,-1
513,2,1512,381,206,156,-1,-1,-1,-1
513,3,1115,422,786,181,-1,-1,-1,-1
514,1,661,366,328,130,-1,-1,-1,-1
514,2,1512,381,205,155,-1,-1,-1,-1
514,3,1115,422,787,182,-1,-1,-1,-1
515,1,651,365,336,131,-1,-1,-1,-1
515,2,1511,381,207,156,-1,-1,-1,-1
515,3,1115,422,786,181,-1,-1,-1,-1
516,1,649,366,335,131,-1,-1,-1,-1
516,2,1512,381,205,155,-1,-1,-1,-1
516,3,1115,422,787,182,-1,-1,-1,-1
517,1,644,365,334,130,-1,-1,-1,-1
517,2,1511,380,205,156,-1,-1,-1,-1
517,3,1116,423,785,180,-1,-1,-1,-1
518,1,638,366,336,129,-1,-1,-1,-1
518,2,1512,380,204,156,-1,-1,-1,-1
518,3,1116,423,785,180,-1,-1,-1,-1
519,1,635,364,333,130,-1,-1,-1,-1
519,2,1512,381,205,155,-1,-1,-1,-1
519,3,1116,423,785,180,-1,-1,-1,-1
520,1,632,365,330,129,-1,-1,-1,-1
520,2,1511,380,206,157,-1,-1,-1,-1
520,3,1115,422,787,182,-1,-1,-1,-1
521,1,627,365,332,129,-1,-1,-1,-1
521,2,1512,381,204,155,-1,-1,-1,-1
521,3,1116,423,785,180,-1,-1,-1,-1
522,1,625,365,329,127,-1,-1,-1,-1
522,2,1511,380,206,156,-1,-1,-1,-1
522,3,1116,422,785,181,-1,-1,-1,-1
523,1,619,365,333,127,-1,-1,-1,-1
523,2,1511,380,206,157,-1,-1,-1,-1
523,3,1116,422,785,182,-1,-1,-1,-1
524,1,614,364,333,128,-1,-1,-1,-1
524,2,1511,380,206,157,-1,-1,-1,-1
524,3,1115,422,787,182,-1,-1,-1,-1
525,1,608,364,333,128,-1,-1,-1,-1
525,2,1511,381,205,156,-1,-1,-1,-1
525,3,1116,423,785,181,-1,-1,-1,-1
526,1,604,364,330,126,-1,-1,-1,-1
526,2,1510,380,207,157,-1,-1,-1,-1
526,3,1116,422,785,182,-1,-1,-1,-1
527,1,600,364,330,126,-1,-1,-1,-1
527,2,1511,381,205,156,-1,-1,-1,-1
527,3,1115,421,787,184,-1,-1,-1,-1
528,1,595,363,326,127,-1,-1,-1,-1
528,2,1511,380,205,157,-1,-1,-1,-1
528,3,1115,421,787,184,-1,-1,-1,-1
529,1,588,363,330,127,-1,-1,-1,-1
529,2,1512,381,204,155,-1,-1,-1,-1
529,3,1114,421,788,183,-1,-1,-1,-1
530,1,588,362,326,128,-1,-1,-1,-1
530,2,1512,381,205,155,-1,-1,-1,-1
530,3,1116,422,785,181,-1,-1,-1,-1
531,1,583,362,327,127,-1,-1,-1,-1
531,2,1512,381,205,155,-1,-1,-1,-1
531,3,1116,422,785,181,-1,-1,-1,-1
532,1,579,362,329,126,-1,-1,-1,-1
532,2,1512,381,205,155,-1,-1,-1,-1
532,3,1116,422,784,181,-1,-1,-1,-1
533,1,574,362,325,126,-1,-1,-1,-1
533,2,1512,381,205,156,-1,-1,-1,-1
533,3,1116,422,785,181,-1,-1,-1,-1
534,1,570,361,325,127,-1,-1,-1,-1
534,2,1512,380,205,156,-1,-1,-1,-1
534,3,1117,422,784,182,-1,-1,-1,-1
535,1,569,361,321,126,-1,-1,-1,-1
535,2,1512,381,205,156,-1,-1,-1,-1
535,3,1115,421,787,183,-1,-1,-1,-1
536,1,562,360,324,127,-1,-1,-1,-1
536,2,1511,380,206,156,-1,-1,-1,-1
536,3,1116,421,785,182,-1,-1,-1,-1
537,1,554,360,336,125,-1,-1,-1,-1
537,2,1512,380,205,156,-1,-1,-1,-1
537,3,1115,421,787,183,-1,-1,-1,-1
538,1,551,360,325,126,-1,-1,-1,-1
538,2,1511,380,206,157,-1,-1,-1,-1
538,3,1115,421,787,183,-1,-1,-1,-1
539,1,549,360,321,125,-1,-1,-1,-1
539,2,1511,380,206,156,-1,-1,-1,-1
539,3,1115,421,788,182,-1,-1,-1,-1
540,1,545,359,325,126,-1,-1,-1,-1
540,2,1512,380,205,156,-1,-1,-1,-1
540,3,1116,422,786,182,-1,-1,-1,-1
541,1,543,359,320,125,-1,-1,-1,-1
541,2,1512,380,204,156,-1,-1,-1,-1
541,3,1116,422,785,181,-1,-1,-1,-1
542,1,538,357,323,126,-1,-1,-1,-1
542,2,1512,380,204,156,-1,-1,-1,-1
542,3,1117,422,784,181,-1,-1,-1,-1
543,1,537,357,317,125,-1,-1,-1,-1
543,2,1511,379,206,158,-1,-1,-1,-1
543,3,1117,421,785,183,-1,-1,-1,-1
544,1,531,356,319,126,-1,-1,-1,-1
544,2,1511,380,206,157,-1,-1,-1,-1
544,3,1117,422,785,182,-1,-1,-1,-1
545,1,527,356,322,126,-1,-1,-1,-1
545,2,1512,380,204,156,-1,-1,-1,-1
545,3,1116,422,786,182,-1,-1,-1,-1
546,1,526,356,315,126,-1,-1,-1,-1
546,2,1512,381,204,155,-1,-1,-1,-1
546,3,1117,423,783,180,-1,-1,-1,-1
547,1,524,357,311,124,-1,-1,-1,-1
547,2,1512,381,204,155,-1,-1,-1,-1
547,3,1117,422,784,181,-1,-1,-1,-1
548,1,517,356,315,125,-1,-1,-1,-1
548,2,1512,381,205,155,-1,-1,-1,-1
548,3,1116,422,786,182,-1,-1,-1,-1
549,1,515,355,311,124,-1,-1,-1,-1
549,2,1512,381,204,155,-1,-1,-1,-1
549,3,1117,422,784,181,-1,-1,-1,-1
550,1,513,354,308,124,-1,-1,-1,-1
550,2,1512,381,204,155,-1,-1,-1,-1
550,3,1115,421,787,182,-1,-1,-1,-1
551,1,512,354,304,125,-1,-1,-1,-1
551,2,1512,381,204,155,-1,-1,-1,-1
551,3,1116,421,786,183,-1,-1,-1,-1
552,1,511,353,301,126,-1,-1,-1,-1
552,2,1512,380,204,156,-1,-1,-1,-1
552,3,1115,422,787,182,-1,-1,-1,-1
553,1,509,353,298,125,-1,-1,-1,-1
553,2,1512,381,204,155,-1,-1,-1,-1
553,3,1116,423,785,180,-1,-1,-1,-1
554,1,507,352,295,126,-1,-1,-1,-1
554,2,1512,380,204,156,-1,-1,-1,-1
554,3,1116,423,785,180,-1,-1,-1,-1
555,1,506,350,294,128,-1,-1,-1,-1
555,2,1512,380,204,156,-1,-1,-1,-1
555,3,1116,423,785,180,-1,-1,-1,-1
556,1,506,351,286,125,-1,-1,-1,-1
556,2,1511,380,206,157,-1,-1,-1,-1
556,3,1116,423,785,180,-1,-1,-1,-1
557,1,506,351,281,124,-1,-1,-1,-1
557,2,1512,381,204,155,-1,-1,-1,-1
557,3,1116,422,785,181,-1,-1,-1,-1
558,1,502,351,283,124,-1,-1,-1,-1
558,2,1512,381,204,155,-1,-1,-1,-1
558,3,1115,422,787,182,-1,-1,-1,-1
559,1,502,351,277,124,-1,-1,-1,-1
559,2,1512,381,204,155,-1,-1,-1,-1
559,3,1116,423,785,180,-1,-1,-1,-1
560,1,499,349,278,125,-1,-1,-1,-1
560,2,1512,381,204,155,-1,-1,-1,-1
560,3,1116,423,784,180,-1,-1,-1,-1
561,1,497,349,271,124,-1,-1,-1,-1
561,2,1512,381,204,156,-1,-1,-1,-1
561,3,1116,423,785,180,-1,-1,-1,-1
562,1,496,348,270,124,-1,-1,-1,-1
562,2,1511,380,206,156,-1,-1,-1,-1
562,3,1115,422,787,181,-1,-1,-1,-1
563,1,493,349,268,123,-1,-1,-1,-1
563,2,1512,380,204,156,-1,-1,-1,-1
563,3,1116,422,785,181,-1,-1,-1,-1
564,1,495,347,260,124,-1,-1,-1,-1
564,2,1511,380,206,157,-1,-1,-1,-1
564,3,1116,422,786,182,-1,-1,-1,-1
565,1,493,346,256,125,-1,-1,-1,-1
565,2,1512,381,204,156,-1,-1,-1,-1
565,3,1117,423,784,180,-1,-1,-1,-1
566,1,493,345,251,125,-1,-1,-1,-1
566,2,1511,380,206,157,-1,-1,-1,-1
566,3,1117,422,784,181,-1,-1,-1,-1
567,1,499,345,239,124,-1,-1,-1,-1
567,2,1512,380,204,156,-1,-1,-1,-1
567,3,1116,421,786,183,-1,-1,-1,-1
568,1,497,343,239,125,-1,-1,-1,-1
568,2,1511,380,206,157,-1,-1,-1,-1
568,3,1116,422,786,182,-1,-1,-1,-1
569,1,498,342,230,125,-1,-1,-1,-1
569,2,1512,381,204,155,-1,-1,-1,-1
569,3,1117,422,784,181,-1,-1,-1,-1
570,1,497,342,228,125,-1,-1,-1,-1
570,2,1511,380,206,157,-1,-1,-1,-1
570,3,1115,422,787,182,-1,-1,-1,-1
571,1,493,342,229,124,-1,-1,-1,-1
571,2,1512,380,205,156,-1,-1,-1,-1
571,3,1117,423,784,180,-1,-1,-1,-1
572,1,493,342,226,124,-1,-1,-1,-1
572,2,1512,380,204,156,-1,-1,-1,-1
572,3,1117,423,784,180,-1,-1,-1,-1
573,1,492,340,223,126,-1,-1,-1,-1
573,2,1512,380,205,156,-1,-1,-1,-1
573,3,1116,423,785,180,-1,-1,-1,-1
574,1,493,338,218,128,-1,-1,-1,-1
574,2,1512,381,205,155,-1,-1,-1,-1
574,3,1116,422,785,181,-1,-1,-1,-1
575,1,493,338,218,128,-1,-1,-1,-1
575,2,1512,381,205,155,-1,-1,-1,-1
575,3,1115,421,787,183,-1,-1,-1,-1
576,1,498,338,208,128,-1,-1,-1,-1
576,2,1512,381,204,156,-1,-1,-1,-1
576,3,1115,422,787,182,-1,-1,-1,-1
577,1,499,337,201,128,-1,-1,-1,-1
577,2,1511,381,205,156,-1,-1,-1,-1
577,3,1116,422,785,181,-1,-1,-1,-1
578,1,498,337,200,128,-1,-1,-1,-1
578,2,1512,381,204,155,-1,-1,-1,-1
578,3,1115,422,787,182,-1,-1,-1,-1
579,1,498,336,195,127,-1,-1,-1,-1
579,2,1512,381,204,156,-1,-1,-1,-1
579,3,1116,423,785,180,-1,-1,-1,-1
580,1,499,335,191,127,-1,-1,-1,-1
580,2,1511,380,206,157,-1,-1,-1,-1
580,3,1116,423,785,180,-1,-1,-1,-1
581,1,499,335,186,126,-1,-1,-1,-1
581,2,1511,380,206,157,-1,-1,-1,-1
581,3,1117,422,784,181,-1,-1,-1,-1
582,1,503,334,173,125,-1,-1,-1,-1
582,2,1511,380,206,157,-1,-1,-1,-1
582,3,1116,421,786,183,-1,-1,-1,-1
583,1,501,334,171,125,-1,-1,-1,-1
583,2,1512,380,204,156,-1,-1,-1,-1
583,3,1116,421,786,182,-1,-1,-1,-1
584,1,503,335,164,125,-1,-1,-1,-1
584,2,1512,380,204,156,-1,-1,-1,-1
584,3,1116,421,786,183,-1,-1,-1,-1
585,1,503,334,160,124,-1,-1,-1,-1
585,2,1511,380,206,157,-1,-1,-1,-1
585,3,1116,422,786,182,-1,-1,-1,-1
586,1,510,334,149,122,-1,-1,-1,-1
586,2,1511,380,206,157,-1,-1,-1,-1
586,3,1117,422,784,181,-1,-1,-1,-1
587,1,508,333,148,122,-1,-1,-1,-1
587,2,1512,380,205,156,-1,-1,-1,-1
587,3,1117,421,784,182,-1,-1,-1,-1
588,1,508,332,146,123,-1,-1,-1,-1
588,2,1512,381,205,155,-1,-1,-1,-1
588,3,1117,422,784,181,-1,-1,-1,-1
589,1,509,329,141,125,-1,-1,-1,-1
589,2,1512,381,205,156,-1,-1,-1,-1
589,3,1117,422,785,182,-1,-1,-1,-1
590,1,506,329,146,123,-1,-1,-1,-1
590,2,1512,381,204,155,-1,-1,-1,-1
590,3,1116,421,786,183,-1,-1,-1,-1
591,1,508,329,140,122,-1,-1,-1,-1
591,2,1512,381,204,155,-1,-1,-1,-1
591,3,1117,422,784,182,-1,-1,-1,-1
592,1,504,327,144,123,-1,-1,-1,-1
592,2,1512,381,204,156,-1,-1,-1,-1
592,3,1116,421,786,183,-1,-1,-1,-1
593,1,506,326,141,124,-1,-1,-1,-1
593,2,1512,381,204,155,-1,-1,-1,-1
593,3,1117,422,784,181,-1,-1,-1,-1
594,1,509,324,135,125,-1,-1,-1,-1
594,2,1511,380,206,157,-1,-1,-1,-1
594,3,1116,421,786,183,-1,-1,-1,-1
595,1,512,321,126,127,-1,-1,-1,-1
595,2,1511,380,205,156,-1,-1,-1,-1
595,3,1116,421,787,183,-1,-1,-1,-1
596,1,511,319,127,129,-1,-1,-1,-1
596,2,1511,380,206,157,-1,-1,-1,-1
596,3,1115,421,787,183,-1,-1,-1,-1
597,1,513,318,122,128,-1,-1,-1,-1
597,2,1511,380,206,157,-1,-1,-1,-1
597,3,1116,422,787,182,-1,-1,-1,-1
598,1,516,317,118,129,-1,-1,-1,-1
598,2,1512,380,205,156,-1,-1,-1,-1
598,3,1116,422,786,182,-1,-1,-1,-1
599,1,517,317,114,127,-1,-1,-1,-1
599,2,1512,381,205,155,-1,-1,-1,-1
599,3,1117,423,784,180,-1,-1,-1,-1
600,1,520,317,111,126,-1,-1,-1,-1
600,2,1512,381,205,155,-1,-1,-1,-1
600,3,1117,423,784,180,-1,-1,-1,-1
601,1,522,318,105,125,-1,-1,-1,-1
601,2,1512,381,204,155,-1,-1,-1,-1
601,3,1117,422,784,181,-1,-1,-1,-1
602,1,523,315,101,126,-1,-1,-1,-1
602,2,1511,380,206,157,-1,-1,-1,-1
602,3,1116,422,786,182,-1,-1,-1,-1
603,1,523,315,97,125,-1,-1,-1,-1
603,2,1512,381,204,156,-1,-1,-1,-1
603,3,1117,423,784,180,-1,-1,-1,-1
604,1,520,311,99,128,-1,-1,-1,-1
604,2,1511,380,206,156,-1,-1,-1,-1
604,3,1117,422,784,181,-1,-1,-1,-1
605,1,516,309,101,130,-1,-1,-1,-1
605,2,1512,381,204,155,-1,-1,-1,-1
605,3,1116,421,786,183,-1,-1,-1,-1
606,1,518,308,99,130,-1,-1,-1,-1
606,2,1511,380,205,157,-1,-1,-1,-1
606,3,1116,421,786,183,-1,-1,-1,-1
607,1,517,307,102,128,-1,-1,-1,-1
607,2,1511,380,206,156,-1,-1,-1,-1
607,3,1116,421,786,183,-1,-1,-1,-1
608,1,517,307,100,127,-1,-1,-1,-1
608,2,1512,381,204,155,-1,-1,-1,-1
608,3,1116,422,786,182,-1,-1,-1,-1
609,1,517,307,99,126,-1,-1,-1,-1
609,2,1512,381,204,156,-1,-1,-1,-1
609,3,1118,422,783,181,-1,-1,-1,-1
610,1,516,307,103,124,-1,-1,-1,-1
610,2,1512,380,205,156,-1,-1,-1,-1
610,3,1116,421,786,183,-1,-1,-1,-1
611,1,512,306,108,125,-1,-1,-1,-1
611,2,1511,380,206,156,-1,-1,-1,-1
611,3,1116,422,786,182,-1,-1,-1,-1
612,1,512,305,111,124,-1,-1,-1,-1
612,2,1512,381,204,156,-1,-1,-1,-1
612,3,1117,422,784,181,-1,-1,-1,-1
613,1,512,304,111,123,-1,-1,-1,-1
613,2,1512,381,204,155,-1,-1,-1,-1
613,3,1116,422,785,181,-1,-1,-1,-1
614,1,511,303,117,122,-1,-1,-1,-1
614,2,1512,381,204,155,-1,-1,-1,-1
614,3,1117,422,784,181,-1,-1,-1,-1
615,1,509,302,124,122,-1,-1,-1,-1
615,2,1512,381,204,155,-1,-1,-1,-1
615,3,1116,422,785,181,-1,-1,-1,-1
616,1,507,304,129,118,-1,-1,-1,-1
616,2,1512,381,204,155,-1,-1,-1,-1
616,3,1116,422,785,181,-1,-1,-1,-1
617,1,505,300,136,119,-1,-1,-1,-1
617,2,1512,381,204,155,-1,-1,-1,-1
617,3,1116,422,786,182,-1,-1,-1,-1
618,1,504,299,139,120,-1,-1,-1,-1
618,2,1512,381,205,155,-1,-1,-1,-1
618,3,1116,422,786,181,-1,-1,-1,-1
619,1,504,299,140,118,-1,-1,-1,-1
619,2,1512,381,204,155,-1,-1,-1,-1
619,3,1116,422,785,181,-1,-1,-1,-1
620,1,502,296,148,120,-1,-1,-1,-1
620,2,1512,381,204,155,-1,-1,-1,-1
620,3,1115,421,787,183,-1,-1,-1,-1
621,1,501,295,152,121,-1,-1,-1,-1
621,2,1512,381,204,155,-1,-1,-1,-1
621,3,1116,422,785,181,-1,-1,-1,-1
622,1,500,295,159,119,-1,-1,-1,-1
622,2,1512,381,204,155,-1,-1,-1,-1
622,3,1116,421,786,182,-1,-1,-1,-1
623,1,501,295,160,117,-1,-1,-1,-1
623,2,1512,381,204,156,-1,-1,-1,-1
623,3,1115,421,787,183,-1,-1,-1,-1
624,1,504,294,160,118,-1,-1,-1,-1
624,2,1511,381,206,156,-1,-1,-1,-1
624,3,1115,421,787,183,-1,-1,-1,-1
625,1,504,293,168,118,-1,-1,-1,-1
625,2,1512,381,204,155,-1,-1,-1,-1
625,3,1116,422,785,181,-1,-1,-1,-1
626,1,503,292,171,119,-1,-1,-1,-1
626,2,1511,381,205,156,-1,-1,-1,-1
626,3,1117,421,784,182,-1,-1,-1,-1
627,1,502,290,179,120,-1,-1,-1,-1
627,2,1512,381,204,155,-1,-1,-1,-1
627,3,1115,421,787,183,-1,-1,-1,-1
628,1,500,288,187,120,-1,-1,-1,-1
628,2,1511,380,206,157,-1,-1,-1,-1
628,3,1115,421,787,183,-1,-1,-1,-1
629,1,500,288,189,119,-1,-1,-1,-1
629,2,1511,380,206,157,-1,-1,-1,-1
629,3,1115,421,787,183,-1,-1,-1,-1
630,1,503,287,189,117,-1,-1,-1,-1
630,2,1512,381,205,156,-1,-1,-1,-1
630,3,1116,421,786,183,-1,-1,-1,-1
631,1,503,286,190,118,-1,-1,-1,-1
631,2,1511,380,207,157,-1,-1,-1,-1
631,3,1115,421,787,183,-1,-1,-1,-1
632,1,504,285,193,118,-1,-1,-1,-1
632,2,1512,381,205,155,-1,-1,-1,-1
632,3,1117,422,784,181,-1,-1,-1,-1
633,1,504,283,196,119,-1,-1,-1,-1
633,2,1512,381,205,156,-1,-1,-1,-1
633,3,1115,422,787,182,-1,-1,-1,-1
634,1,504,282,198,120,-1,-1,-1,-1
634,2,1511,380,206,157,-1,-1,-1,-1
634,3,1116,422,785,181,-1,-1,-1,-1
635,1,507,281,196,119,-1,-1,-1,-1
635,2,1512,380,204,156,-1,-1,-1,-1
635,3,1115,421,787,183,-1,-1,-1,-1
636,1,507,281,196,119,-1,-1,-1,-1
636,2,1512,381,204,155,-1,-1,-1,-1
636,3,1116,422,785,181,-1,-1,-1,-1
637,1,507,280,197,120,-1,-1,-1,-1
637,2,1512,381,204,155,-1,-1,-1,-1
637,3,1116,422,785,181,-1,-1,-1,-1
638,1,506,280,198,120,-1,-1,-1,-1
638,2,1512,381,204,155,-1,-1,-1,-1
638,3,1115,422,787,182,-1,-1,-1,-1
639,1,507,280,196,119,-1,-1,-1,-1
639,2,1512,381,205,155,-1,-1,-1,-1
639,3,1117,422,784,181,-1,-1,-1,-1
640,1,507,280,196,119,-1,-1,-1,-1
640,2,1512,381,205,155,-1,-1,-1,-1
640,3,1117,422,785,182,-1,-1,-1,-1
641,1,507,280,197,119,-1,-1,-1,-1
641,2,1511,381,207,156,-1,-1,-1,-1
641,3,1116,422,786,182,-1,-1,-1,-1
642,1,507,280,196,119,-1,-1,-1,-1
642,2,1512,380,205,156,-1,-1,-1,-1
642,3,1117,422,784,181,-1,-1,-1,-1
643,1,507,280,196,119,-1,-1,-1,-1
643,2,1512,381,205,155,-1,-1,-1,-1
643,3,1116,422,786,182,-1,-1,-1,-1
644,1,507,280,196,119,-1,-1,-1,-1
644,2,1512,381,205,156,-1,-1,-1,-1
644,3,1117,422,784,181,-1,-1,-1,-1
645,1,507,280,196,119,-1,-1,-1,-1
645,2,1512,381,205,155,-1,-1,-1,-1
645,3,1117,421,784,182,-1,-1,-1,-1
646,1,507,280,196,119,-1,-1,-1,-1
646,2,1511,380,207,157,-1,-1,-1,-1
646,3,1116,421,786,183,-1,-1,-1,-1
647,1,507,280,197,119,-1,-1,-1,-1
647,2,1511,380,207,157,-1,-1,-1,-1
647,3,1116,421,787,183,-1,-1,-1,-1
648,1,507,280,196,119,-1,-1,-1,-1
648,2,1511,380,207,157,-1,-1,-1,-1
648,3,1116,421,786,183,-1,-1,-1,-1
649,1,507,280,197,119,-1,-1,-1,-1
649,2,1511,380,207,157,-1,-1,-1,-1
649,3,1116,421,786,183,-1,-1,-1,-1
650,1,507,280,197,119,-1,-1,-1,-1
650,2,1511,380,207,157,-1,-1,-1,-1
650,3,1116,421,786,183,-1,-1,-1,-1
651,1,507,280,197,119,-1,-1,-1,-1
651,2,1511,380,207,157,-1,-1,-1,-1
651,3,1116,421,786,183,-1,-1,-1,-1
652,1,507,280,197,119,-1,-1,-1,-1
652,2,1511,380,206,157,-1,-1,-1,-1
652,3,1116,421,786,183,-1,-1,-1,-1
653,1,507,280,197,119,-1,-1,-1,-1
653,2,1511,380,206,157,-1,-1,-1,-1
653,3,1116,421,786,183,-1,-1,-1,-1
654,1,507,280,197,119,-1,-1,-1,-1
654,2,1511,380,206,157,-1,-1,-1,-1
654,3,1116,421,786,183,-1,-1,-1,-1
655,1,507,280,197,119,-1,-1,-1,-1
655,2,1511,380,207,157,-1,-1,-1,-1
655,3,1115,421,787,183,-1,-1,-1,-1
656,1,506,280,198,119,-1,-1,-1,-1
656,2,1511,380,206,157,-1,-1,-1,-1
656,3,1115,421,787,183,-1,-1,-1,-1
657,1,507,280,197,119,-1,-1,-1,-1
657,2,1511,380,206,157,-1,-1,-1,-1
657,3,1115,421,787,183,-1,-1,-1,-1
658,1,506,280,198,119,-1,-1,-1,-1
658,2,1512,381,204,156,-1,-1,-1,-1
658,3,1115,421,787,183,-1,-1,-1,-1
659,1,505,280,199,119,-1,-1,-1,-1
659,2,1511,380,206,158,-1,-1,-1,-1
659,3,1115,422,787,182,-1,-1,-1,-1
660,1,506,281,197,118,-1,-1,-1,-1
660,2,1511,380,206,158,-1,-1,-1,-1
660,3,1116,422,786,181,-1,-1,-1,-1
661,1,506,280,197,119,-1,-1,-1,-1
661,2,1511,380,206,158,-1,-1,-1,-1
661,3,1115,421,787,183,-1,-1,-1,-1
662,1,507,280,197,119,-1,-1,-1,-1
662,2,1511,380,206,158,-1,-1,-1,-1
662,3,1116,421,787,183,-1,-1,-1,-1
663,1,506,281,198,119,-1,-1,-1,-1
663,2,1511,380,207,158,-1,-1,-1,-1
663,3,1116,421,787,183,-1,-1,-1,-1
664,1,507,281,196,118,-1,-1,-1,-1
664,2,1511,380,207,157,-1,-1,-1,-1
664,3,1115,421,788,183,-1,-1,-1,-1
665,1,506,281,198,119,-1,-1,-1,-1
665,2,1512,381,205,156,-1,-1,-1,-1
665,3,1116,421,786,183,-1,-1,-1,-1
666,1,507,281,196,118,-1,-1,-1,-1
666,2,1511,380,207,157,-1,-1,-1,-1
666,3,1118,422,785,181,-1,-1,-1,-1
