1,2,1433,315,487,189,-1,-1,-1,-1
1,1,64,185,850,197,-1,-1,-1,-1
2,2,1430,315,490,189,-1,-1,-1,-1
2,1,62,185,854,197,-1,-1,-1,-1
3,2,1427,315,493,189,-1,-1,-1,-1
3,1,62,186,854,195,-1,-1,-1,-1
4,2,1424,314,496,190,-1,-1,-1,-1
4,1,62,184,853,198,-1,-1,-1,-1
5,2,1421,307,499,196,-1,-1,-1,-1
5,1,62,183,852,199,-1,-1,-1,-1
6,2,1416,300,504,210,-1,-1,-1,-1
6,1,64,183,851,199,-1,-1,-1,-1
7,2,1416,280,503,227,-1,-1,-1,-1
7,1,64,182,850,201,-1,-1,-1,-1
8,2,1415,314,505,187,-1,-1,-1,-1
8,1,62,182,854,202,-1,-1,-1,-1
9,2,1414,314,506,186,-1,-1,-1,-1
9,1,62,182,855,201,-1,-1,-1,-1
10,2,1411,314,509,186,-1,-1,-1,-1
10,1,63,183,850,200,-1,-1,-1,-1
11,2,1409,312,511,187,-1,-1,-1,-1
11,1,62,182,852,201,-1,-1,-1,-1
12,2,1407,307,511,190,-1,-1,-1,-1
12,1,62,183,852,199,-1,-1,-1,-1
13,2,1404,306,514,191,-1,-1,-1,-1
13,1,61,182,854,200,-1,-1,-1,-1
14,2,1402,299,516,199,-1,-1,-1,-1
14,1,60,181,856,201,-1,-1,-1,-1
15,2,1401,303,516,196,-1,-1,-1,-1
15,1,60,182,855,200,-1,-1,-1,-1
16,2,1399,294,519,205,-1,-1,-1,-1
16,1,61,183,854,198,-1,-1,-1,-1
17,2,1396,301,522,198,-1,-1,-1,-1
17,1,61,181,853,200,-1,-1,-1,-1
18,2,1397,298,521,202,-1,-1,-1,-1
18,1,61,180,852,201,-1,-1,-1,-1
19,2,1394,293,524,207,-1,-1,-1,-1
19,1,60,180,853,201,-1,-1,-1,-1
20,2,1392,294,527,204,-1,-1,-1,-1
20,1,61,181,850,200,-1,-1,-1,-1
21,2,1391,293,527,210,-1,-1,-1,-1
21,1,60,180,854,202,-1,-1,-1,-1
22,2,1389,296,529,205,-1,-1,-1,-1
22,1,61,181,853,201,-1,-1,-1,-1
23,2,1386,288,533,212,-1,-1,-1,-1
23,1,62,180,852,201,-1,-1,-1,-1
24,2,1384,287,535,213,-1,-1,-1,-1
24,1,59,180,856,201,-1,-1,-1,-1
25,2,1382,283,537,216,-1,-1,-1,-1
25,1,61,182,853,199,-1,-1,-1,-1
26,2,1379,286,540,213,-1,-1,-1,-1
26,1,62,182,853,199,-1,-1,-1,-1
27,2,1377,286,542,212,-1,-1,-1,-1
27,1,65,182,849,199,-1,-1,-1,-1
28,2,1375,285,544,212,-1,-1,-1,-1
28,1,63,181,852,200,-1,-1,-1,-1
29,2,1372,284,547,211,-1,-1,-1,-1
29,1,62,181,852,199,-1,-1,-1,-1
30,2,1372,273,547,224,-1,-1,-1,-1
30,1,62,181,854,199,-1,-1,-1,-1
31,2,1368,277,551,218,-1,-1,-1,-1
31,1,62,182,852,199,-1,-1,-1,-1
32,2,1366,274,553,223,-1,-1,-1,-1
32,1,61,182,851,200,-1,-1,-1,-1
33,2,1366,252,554,251,-1,-1,-1,-1
33,1,62,182,852,199,-1,-1,-1,-1
34,2,1364,256,556,248,-1,-1,-1,-1
34,1,63,182,851,199,-1,-1,-1,-1
35,2,1361,274,559,226,-1,-1,-1,-1
35,1,61,182,854,199,-1,-1,-1,-1
36,2,1357,272,563,226,-1,-1,-1,-1
36,1,62,183,852,198,-1,-1,-1,-1
37,2,1355,269,565,227,-1,-1,-1,-1
37,1,61,184,852,198,-1,-1,-1,-1
38,2,1351,269,569,229,-1,-1,-1,-1
38,1,61,182,853,200,-1,-1,-1,-1
39,2,1350,271,570,225,-1,-1,-1,-1
39,1,62,183,853,199,-1,-1,-1,-1
40,2,1350,271,570,227,-1,-1,-1,-1
40,1,61,182,854,200,-1,-1,-1,-1
41,2,1348,271,572,226,-1,-1,-1,-1
41,1,62,184,851,198,-1,-1,-1,-1
42,2,1346,269,574,228,-1,-1,-1,-1
42,1,62,182,853,200,-1,-1,-1,-1
43,2,1349,268,571,229,-1,-1,-1,-1
43,1,63,181,852,201,-1,-1,-1,-1
44,2,1348,266,572,231,-1,-1,-1,-1
44,1,62,181,851,201,-1,-1,-1,-1
45,2,1347,263,573,235,-1,-1,-1,-1
45,1,62,182,852,201,-1,-1,-1,-1
46,2,1347,257,573,241,-1,-1,-1,-1
46,1,63,181,851,201,-1,-1,-1,-1
47,2,1345,253,575,245,-1,-1,-1,-1
47,1,61,181,851,201,-1,-1,-1,-1
48,2,1344,257,576,239,-1,-1,-1,-1
48,1,61,183,851,199,-1,-1,-1,-1
49,2,1342,260,578,236,-1,-1,-1,-1
49,1,61,182,852,200,-1,-1,-1,-1
50,2,1340,260,580,236,-1,-1,-1,-1
50,1,61,182,849,200,-1,-1,-1,-1
51,2,1339,256,581,241,-1,-1,-1,-1
51,1,67,182,845,200,-1,-1,-1,-1
52,2,1337,252,583,246,-1,-1,-1,-1
52,1,66,182,847,201,-1,-1,-1,-1
53,2,1335,253,585,244,-1,-1,-1,-1
53,1,66,182,847,201,-1,-1,-1,-1
54,2,1333,251,587,245,-1,-1,-1,-1
54,1,67,183,847,199,-1,-1,-1,-1
55,2,1332,245,588,253,-1,-1,-1,-1
55,1,68,183,846,201,-1,-1,-1,-1
56,2,1330,246,590,249,-1,-1,-1,-1
56,1,67,183,847,200,-1,-1,-1,-1
57,2,1329,247,591,247,-1,-1,-1,-1
57,1,67,180,846,202,-1,-1,-1,-1
58,2,1330,250,587,243,-1,-1,-1,-1
58,1,66,179,850,202,-1,-1,-1,-1
59,2,1328,247,589,246,-1,-1,-1,-1
59,1,65,181,851,202,-1,-1,-1,-1
60,2,1318,230,602,266,-1,-1,-1,-1
60,1,66,182,847,201,-1,-1,-1,-1
61,2,1316,227,604,270,-1,-1,-1,-1
61,1,68,182,846,201,-1,-1,-1,-1
62,2,1316,238,604,256,-1,-1,-1,-1
62,1,66,182,849,201,-1,-1,-1,-1
63,2,1316,238,604,258,-1,-1,-1,-1
63,1,65,181,851,201,-1,-1,-1,-1
64,2,1314,238,606,259,-1,-1,-1,-1
64,1,64,180,849,201,-1,-1,-1,-1
65,2,1312,237,608,258,-1,-1,-1,-1
65,1,65,181,848,200,-1,-1,-1,-1
66,2,1312,239,608,254,-1,-1,-1,-1
66,1,64,182,848,198,-1,-1,-1,-1
67,2,1310,239,610,255,-1,-1,-1,-1
67,1,64,182,847,199,-1,-1,-1,-1
68,2,1315,246,602,243,-1,-1,-1,-1
68,1,64,182,847,199,-1,-1,-1,-1
69,2,1308,235,612,255,-1,-1,-1,-1
69,1,65,182,849,198,-1,-1,-1,-1
70,2,1308,236,612,253,-1,-1,-1,-1
70,1,65,183,849,197,-1,-1,-1,-1
71,2,1307,236,613,254,-1,-1,-1,-1
71,1,66,183,845,197,-1,-1,-1,-1
72,2,1306,234,614,255,-1,-1,-1,-1
72,1,65,185,847,196,-1,-1,-1,-1
73,2,1305,234,615,257,-1,-1,-1,-1
73,1,64,183,849,197,-1,-1,-1,-1
74,2,1304,233,616,258,-1,-1,-1,-1
74,1,62,183,851,198,-1,-1,-1,-1
75,2,1304,230,615,260,-1,-1,-1,-1
75,1,62,182,853,198,-1,-1,-1,-1
76,2,1301,232,619,259,-1,-1,-1,-1
76,1,63,182,852,198,-1,-1,-1,-1
77,2,1300,229,620,262,-1,-1,-1,-1
77,1,63,183,849,198,-1,-1,-1,-1
78,2,1300,230,619,260,-1,-1,-1,-1
78,1,63,182,850,199,-1,-1,-1,-1
79,2,1298,227,621,264,-1,-1,-1,-1
79,1,63,183,850,198,-1,-1,-1,-1
80,2,1297,227,622,263,-1,-1,-1,-1
80,1,64,183,848,199,-1,-1,-1,-1
81,2,1297,226,622,265,-1,-1,-1,-1
81,1,61,182,851,199,-1,-1,-1,-1
82,2,1296,226,623,264,-1,-1,-1,-1
82,1,63,183,851,198,-1,-1,-1,-1
83,2,1295,226,624,265,-1,-1,-1,-1
83,1,61,182,853,198,-1,-1,-1,-1
84,2,1292,225,627,265,-1,-1,-1,-1
84,1,62,182,850,199,-1,-1,-1,-1
85,2,1290,223,629,267,-1,-1,-1,-1
85,1,63,182,849,200,-1,-1,-1,-1
86,2,1288,221,631,270,-1,-1,-1,-1
86,1,63,182,850,199,-1,-1,-1,-1
87,2,1285,220,633,270,-1,-1,-1,-1
87,1,61,182,854,199,-1,-1,-1,-1
88,2,1283,208,636,286,-1,-1,-1,-1
88,1,63,181,851,200,-1,-1,-1,-1
89,2,1282,213,636,279,-1,-1,-1,-1
89,1,63,183,850,199,-1,-1,-1,-1
90,2,1279,214,640,278,-1,-1,-1,-1
90,1,60,182,857,200,-1,-1,-1,-1
91,2,1280,214,639,279,-1,-1,-1,-1
91,1,60,182,856,200,-1,-1,-1,-1
92,2,1277,216,642,277,-1,-1,-1,-1
92,1,58,181,855,201,-1,-1,-1,-1
93,2,1275,218,644,274,-1,-1,-1,-1
93,1,60,182,854,200,-1,-1,-1,-1
94,2,1274,220,645,271,-1,-1,-1,-1
94,1,60,182,854,201,-1,-1,-1,-1
95,2,1274,221,645,270,-1,-1,-1,-1
95,1,61,183,851,199,-1,-1,-1,-1
96,2,1274,219,645,273,-1,-1,-1,-1
96,1,62,185,851,198,-1,-1,-1,-1
97,2,1272,219,647,272,-1,-1,-1,-1
97,1,62,183,851,200,-1,-1,-1,-1
98,2,1273,222,646,270,-1,-1,-1,-1
98,1,63,183,848,200,-1,-1,-1,-1
99,2,1270,222,650,268,-1,-1,-1,-1
99,1,64,185,846,198,-1,-1,-1,-1
100,2,1269,224,651,266,-1,-1,-1,-1
100,1,65,187,845,196,-1,-1,-1,-1
101,2,1266,224,654,266,-1,-1,-1,-1
101,1,63,183,853,201,-1,-1,-1,-1
102,2,1265,225,655,265,-1,-1,-1,-1
102,1,63,182,853,202,-1,-1,-1,-1
103,2,1265,225,655,265,-1,-1,-1,-1
103,1,64,184,849,200,-1,-1,-1,-1
104,2,1262,227,658,262,-1,-1,-1,-1
104,1,63,182,853,202,-1,-1,-1,-1
105,2,1263,226,657,264,-1,-1,-1,-1
105,1,61,181,856,202,-1,-1,-1,-1
106,2,1261,227,659,263,-1,-1,-1,-1
106,1,62,182,855,201,-1,-1,-1,-1
107,2,1260,227,660,261,-1,-1,-1,-1
107,1,65,183,851,201,-1,-1,-1,-1
108,2,1257,226,663,263,-1,-1,-1,-1
108,1,67,183,848,201,-1,-1,-1,-1
109,2,1255,227,665,262,-1,-1,-1,-1
109,1,66,182,850,203,-1,-1,-1,-1
110,2,1254,227,666,265,-1,-1,-1,-1
110,1,65,180,851,204,-1,-1,-1,-1
111,2,1253,226,667,264,-1,-1,-1,-1
111,1,65,183,851,201,-1,-1,-1,-1
112,2,1250,227,670,262,-1,-1,-1,-1
112,1,64,183,852,201,-1,-1,-1,-1
113,2,1249,227,671,262,-1,-1,-1,-1
113,1,64,184,851,200,-1,-1,-1,-1
114,2,1247,228,673,259,-1,-1,-1,-1
114,1,64,183,853,201,-1,-1,-1,-1
115,2,1243,222,677,264,-1,-1,-1,-1
115,1,67,184,848,202,-1,-1,-1,-1
116,2,1240,223,680,262,-1,-1,-1,-1
116,1,68,184,846,202,-1,-1,-1,-1
117,2,1242,228,678,258,-1,-1,-1,-1
117,1,65,183,850,203,-1,-1,-1,-1
118,2,1238,228,682,258,-1,-1,-1,-1
118,1,65,183,849,203,-1,-1,-1,-1
119,2,1239,226,681,261,-1,-1,-1,-1
119,1,65,183,849,204,-1,-1,-1,-1
120,2,1234,226,686,262,-1,-1,-1,-1
120,1,64,183,851,203,-1,-1,-1,-1
121,2,1233,227,687,262,-1,-1,-1,-1
121,1,63,183,852,204,-1,-1,-1,-1
122,2,1230,226,690,262,-1,-1,-1,-1
122,1,62,181,854,206,-1,-1,-1,-1
123,2,1230,228,690,259,-1,-1,-1,-1
123,1,61,182,855,204,-1,-1,-1,-1
124,2,1226,227,694,260,-1,-1,-1,-1
124,1,62,182,855,204,-1,-1,-1,-1
125,2,1227,227,693,261,-1,-1,-1,-1
125,1,62,182,855,204,-1,-1,-1,-1
126,2,1224,228,696,260,-1,-1,-1,-1
126,1,63,182,854,203,-1,-1,-1,-1
127,2,1223,231,697,259,-1,-1,-1,-1
127,1,62,184,856,201,-1,-1,-1,-1
128,2,1221,231,699,258,-1,-1,-1,-1
128,1,61,183,854,202,-1,-1,-1,-1
129,2,1220,230,700,259,-1,-1,-1,-1
129,1,62,183,853,203,-1,-1,-1,-1
130,2,1219,230,701,258,-1,-1,-1,-1
130,1,64,185,850,201,-1,-1,-1,-1
131,2,1218,229,702,259,-1,-1,-1,-1
131,1,62,185,852,200,-1,-1,-1,-1
132,2,1215,229,705,260,-1,-1,-1,-1
132,1,62,185,852,200,-1,-1,-1,-1
133,2,1213,229,706,260,-1,-1,-1,-1
133,1,62,185,852,200,-1,-1,-1,-1
134,2,1210,228,709,260,-1,-1,-1,-1
134,1,59,182,855,202,-1,-1,-1,-1
135,2,1209,228,709,261,-1,-1,-1,-1
135,1,60,183,853,201,-1,-1,-1,-1
136,2,1207,228,711,261,-1,-1,-1,-1
136,1,60,183,853,202,-1,-1,-1,-1
137,2,1207,228,710,260,-1,-1,-1,-1
137,1,58,184,857,201,-1,-1,-1,-1
138,2,1206,228,711,260,-1,-1,-1,-1
138,1,60,183,855,202,-1,-1,-1,-1
139,2,1204,228,713,260,-1,-1,-1,-1
139,1,63,184,851,201,-1,-1,-1,-1
140,2,1201,227,716,262,-1,-1,-1,-1
140,1,61,183,854,201,-1,-1,-1,-1
141,2,1203,225,713,264,-1,-1,-1,-1
141,1,63,184,851,200,-1,-1,-1,-1
142,2,1201,224,717,265,-1,-1,-1,-1
142,1,68,184,843,200,-1,-1,-1,-1
143,2,1200,223,717,268,-1,-1,-1,-1
143,1,68,183,845,202,-1,-1,-1,-1
144,2,1198,226,718,263,-1,-1,-1,-1
144,1,66,183,848,202,-1,-1,-1,-1
145,2,1198,223,717,268,-1,-1,-1,-1
145,1,68,182,844,203,-1,-1,-1,-1
146,2,1195,225,719,269,-1,-1,-1,-1
146,1,68,184,844,201,-1,-1,-1,-1
147,2,1192,224,723,268,-1,-1,-1,-1
147,1,62,184,851,201,-1,-1,-1,-1
148,2,1192,221,722,271,-1,-1,-1,-1
148,1,62,182,852,203,-1,-1,-1,-1
149,2,1192,225,722,268,-1,-1,-1,-1
149,1,61,181,853,204,-1,-1,-1,-1
150,2,1189,224,723,268,-1,-1,-1,-1
150,1,59,182,856,204,-1,-1,-1,-1
151,2,1190,228,718,262,-1,-1,-1,-1
151,1,60,184,858,202,-1,-1,-1,-1
152,2,1189,227,718,263,-1,-1,-1,-1
152,1,59,183,859,203,-1,-1,-1,-1
153,2,1189,227,718,262,-1,-1,-1,-1
153,1,60,182,857,204,-1,-1,-1,-1
154,2,1186,227,720,261,-1,-1,-1,-1
154,1,60,182,858,204,-1,-1,-1,-1
155,2,1185,227,720,261,-1,-1,-1,-1
155,1,61,183,857,203,-1,-1,-1,-1
156,2,1181,227,726,261,-1,-1,-1,-1
156,1,61,183,857,203,-1,-1,-1,-1
157,2,1179,227,725,261,-1,-1,-1,-1
157,1,64,182,847,203,-1,-1,-1,-1
158,2,1178,226,727,263,-1,-1,-1,-1
158,1,64,183,855,202,-1,-1,-1,-1
159,2,1175,225,729,263,-1,-1,-1,-1
159,1,62,181,854,204,-1,-1,-1,-1
160,2,1175,226,730,263,-1,-1,-1,-1
160,1,63,184,855,202,-1,-1,-1,-1
161,2,1172,225,734,264,-1,-1,-1,-1
161,1,63,184,853,202,-1,-1,-1,-1
162,2,1172,226,735,264,-1,-1,-1,-1
162,1,61,182,856,203,-1,-1,-1,-1
163,2,1168,228,738,261,-1,-1,-1,-1
163,1,62,183,853,202,-1,-1,-1,-1
164,2,1170,226,737,264,-1,-1,-1,-1
164,1,62,183,854,202,-1,-1,-1,-1
165,2,1165,228,743,261,-1,-1,-1,-1
165,1,61,184,855,202,-1,-1,-1,-1
166,2,1164,227,742,263,-1,-1,-1,-1
166,1,60,184,857,203,-1,-1,-1,-1
167,2,1162,228,746,262,-1,-1,-1,-1
167,1,60,183,855,203,-1,-1,-1,-1
168,2,1161,227,745,263,-1,-1,-1,-1
168,1,60,184,856,203,-1,-1,-1,-1
169,2,1152,220,760,271,-1,-1,-1,-1
169,1,59,183,857,204,-1,-1,-1,-1
170,2,1158,225,752,263,-1,-1,-1,-1
170,1,65,184,850,202,-1,-1,-1,-1
171,2,1157,224,754,265,-1,-1,-1,-1
171,1,65,183,850,203,-1,-1,-1,-1
172,2,1156,226,752,264,-1,-1,-1,-1
172,1,61,183,854,202,-1,-1,-1,-1
173,2,1153,226,755,263,-1,-1,-1,-1
173,1,62,183,853,203,-1,-1,-1,-1
174,2,1151,227,759,261,-1,-1,-1,-1
174,1,61,182,854,204,-1,-1,-1,-1
175,2,1151,225,758,265,-1,-1,-1,-1
175,1,62,183,854,202,-1,-1,-1,-1
176,2,1150,226,758,263,-1,-1,-1,-1
176,1,60,182,856,203,-1,-1,-1,-1
177,2,1141,217,770,274,-1,-1,-1,-1
177,1,61,184,852,201,-1,-1,-1,-1
178,2,1139,217,769,275,-1,-1,-1,-1
178,1,58,183,859,202,-1,-1,-1,-1
179,2,1134,221,770,267,-1,-1,-1,-1
179,1,59,183,858,202,-1,-1,-1,-1
180,2,1135,222,770,265,-1,-1,-1,-1
180,1,60,184,858,201,-1,-1,-1,-1
181,2,1132,221,775,268,-1,-1,-1,-1
181,1,61,185,856,201,-1,-1,-1,-1
182,2,1130,220,775,269,-1,-1,-1,-1
182,1,60,184,858,203,-1,-1,-1,-1
183,2,1128,221,778,269,-1,-1,-1,-1
183,1,60,183,858,203,-1,-1,-1,-1
184,2,1126,220,772,271,-1,-1,-1,-1
184,1,64,184,846,202,-1,-1,-1,-1
185,2,1126,221,764,268,-1,-1,-1,-1
185,1,60,183,857,203,-1,-1,-1,-1
186,2,1122,221,777,269,-1,-1,-1,-1
186,1,59,184,856,201,-1,-1,-1,-1
187,2,1121,219,778,270,-1,-1,-1,-1
187,1,60,184,856,201,-1,-1,-1,-1
188,2,1119,219,782,269,-1,-1,-1,-1
188,1,60,184,855,202,-1,-1,-1,-1
189,2,1115,220,783,267,-1,-1,-1,-1
189,1,62,183,853,203,-1,-1,-1,-1
190,2,1115,220,788,267,-1,-1,-1,-1
190,1,61,184,852,201,-1,-1,-1,-1
191,2,1115,219,778,268,-1,-1,-1,-1
191,1,61,183,853,202,-1,-1,-1,-1
192,2,1111,218,781,270,-1,-1,-1,-1
192,1,58,184,860,202,-1,-1,-1,-1
193,2,1112,219,778,268,-1,-1,-1,-1
193,1,64,185,846,200,-1,-1,-1,-1
194,2,1107,220,787,268,-1,-1,-1,-1
194,1,65,185,843,200,-1,-1,-1,-1
195,2,1105,220,790,267,-1,-1,-1,-1
195,1,64,184,846,202,-1,-1,-1,-1
196,2,1106,221,788,266,-1,-1,-1,-1
196,1,61,184,854,202,-1,-1,-1,-1
197,2,1101,217,801,272,-1,-1,-1,-1
197,1,65,183,852,203,-1,-1,-1,-1
198,2,1101,217,802,273,-1,-1,-1,-1
198,1,65,184,851,203,-1,-1,-1,-1
199,2,1100,219,801,271,-1,-1,-1,-1
199,1,60,182,858,205,-1,-1,-1,-1
200,2,1100,215,787,275,-1,-1,-1,-1
200,1,62,184,854,202,-1,-1,-1,-1
201,2,1099,216,795,275,-1,-1,-1,-1
201,1,62,182,854,204,-1,-1,-1,-1
202,2,1097,215,793,277,-1,-1,-1,-1
202,1,62,181,854,205,-1,-1,-1,-1
203,2,1093,214,796,278,-1,-1,-1,-1
203,1,64,182,850,204,-1,-1,-1,-1
204,2,1094,214,791,279,-1,-1,-1,-1
204,1,64,182,849,204,-1,-1,-1,-1
205,2,1095,214,782,276,-1,-1,-1,-1
205,1,62,182,853,205,-1,-1,-1,-1
206,2,1093,214,777,274,-1,-1,-1,-1
206,1,65,183,850,203,-1,-1,-1,-1
207,2,1091,214,780,274,-1,-1,-1,-1
207,1,62,183,852,203,-1,-1,-1,-1
208,2,1088,213,789,276,-1,-1,-1,-1
208,1,60,183,856,203,-1,-1,-1,-1
209,2,1087,213,783,276,-1,-1,-1,-1
209,1,66,182,843,204,-1,-1,-1,-1
210,2,1080,212,807,278,-1,-1,-1,-1
210,1,61,183,855,203,-1,-1,-1,-1
211,2,1080,213,806,278,-1,-1,-1,-1
211,1,61,182,854,206,-1,-1,-1,-1
212,2,1073,213,829,278,-1,-1,-1,-1
212,1,61,183,855,203,-1,-1,-1,-1
213,2,1075,213,808,278,-1,-1,-1,-1
213,1,65,184,843,202,-1,-1,-1,-1
214,2,1069,212,816,278,-1,-1,-1,-1
214,1,60,183,854,203,-1,-1,-1,-1
215,2,1071,209,802,280,-1,-1,-1,-1
215,1,61,184,853,201,-1,-1,-1,-1
216,2,1068,209,810,281,-1,-1,-1,-1
216,1,61,182,852,204,-1,-1,-1,-1
217,2,1066,210,810,280,-1,-1,-1,-1
217,1,67,186,839,199,-1,-1,-1,-1
218,2,1063,210,817,280,-1,-1,-1,-1
218,1,66,186,840,199,-1,-1,-1,-1
219,2,1063,210,814,279,-1,-1,-1,-1
219,1,67,186,839,199,-1,-1,-1,-1
220,2,1059,210,834,278,-1,-1,-1,-1
220,1,66,184,842,201,-1,-1,-1,-1
221,2,1057,208,832,279,-1,-1,-1,-1
221,1,63,184,845,201,-1,-1,-1,-1
222,2,1055,208,845,279,-1,-1,-1,-1
222,1,63,184,844,201,-1,-1,-1,-1
223,2,1056,208,825,278,-1,-1,-1,-1
223,1,62,185,854,202,-1,-1,-1,-1
224,2,1055,207,827,277,-1,-1,-1,-1
224,1,63,183,853,205,-1,-1,-1,-1
225,2,1054,206,824,278,-1,-1,-1,-1
225,1,65,184,852,204,-1,-1,-1,-1
226,2,1051,207,829,278,-1,-1,-1,-1
226,1,62,184,855,203,-1,-1,-1,-1
227,2,1047,206,839,282,-1,-1,-1,-1
227,1,61,184,854,203,-1,-1,-1,-1
228,2,1047,206,843,283,-1,-1,-1,-1
228,1,60,183,854,204,-1,-1,-1,-1
229,2,1047,206,840,284,-1,-1,-1,-1
229,1,64,184,845,202,-1,-1,-1,-1
230,2,1048,206,813,283,-1,-1,-1,-1
230,1,63,186,845,200,-1,-1,-1,-1
231,2,1040,206,845,285,-1,-1,-1,-1
231,1,65,185,843,201,-1,-1,-1,-1
232,2,1037,205,854,286,-1,-1,-1,-1
232,1,65,184,844,201,-1,-1,-1,-1
233,2,1036,204,853,285,-1,-1,-1,-1
233,1,62,185,854,201,-1,-1,-1,-1
234,2,1032,205,866,283,-1,-1,-1,-1
234,1,66,186,845,199,-1,-1,-1,-1
235,2,1035,204,843,284,-1,-1,-1,-1
235,1,65,185,846,200,-1,-1,-1,-1
236,2,1028,204,862,284,-1,-1,-1,-1
236,1,65,187,846,198,-1,-1,-1,-1
237,2,1025,205,873,282,-1,-1,-1,-1
237,1,64,185,844,202,-1,-1,-1,-1
238,2,1030,204,841,285,-1,-1,-1,-1
238,1,63,185,845,202,-1,-1,-1,-1
239,2,1022,204,868,284,-1,-1,-1,-1
239,1,63,184,844,203,-1,-1,-1,-1
240,2,1020,203,873,286,-1,-1,-1,-1
240,1,63,184,844,203,-1,-1,-1,-1
241,2,1018,202,879,286,-1,-1,-1,-1
241,1,58,184,856,203,-1,-1,-1,-1
242,2,1019,200,861,289,-1,-1,-1,-1
242,1,63,184,845,202,-1,-1,-1,-1
243,2,1014,200,878,289,-1,-1,-1,-1
243,1,64,186,843,200,-1,-1,-1,-1
244,2,1013,200,886,292,-1,-1,-1,-1
244,1,66,183,842,202,-1,-1,-1,-1
245,2,1010,200,895,289,-1,-1,-1,-1
245,1,62,185,853,200,-1,-1,-1,-1
246,2,1008,200,896,290,-1,-1,-1,-1
246,1,62,184,852,201,-1,-1,-1,-1
247,2,1008,200,901,290,-1,-1,-1,-1
247,1,60,183,855,203,-1,-1,-1,-1
248,2,1003,199,898,292,-1,-1,-1,-1
248,1,61,183,853,203,-1,-1,-1,-1
249,2,1005,199,892,289,-1,-1,-1,-1
249,1,66,185,839,201,-1,-1,-1,-1
250,2,1003,199,884,291,-1,-1,-1,-1
250,1,59,182,853,204,-1,-1,-1,-1
251,2,1001,198,885,291,-1,-1,-1,-1
251,1,61,182,853,204,-1,-1,-1,-1
252,2,1002,199,906,289,-1,-1,-1,-1
252,1,63,182,851,205,-1,-1,-1,-1
253,2,997,198,906,293,-1,-1,-1,-1
253,1,66,182,844,205,-1,-1,-1,-1
254,2,990,203,847,284,-1,-1,-1,-1
254,1,60,180,852,207,-1,-1,-1,-1
255,2,991,202,836,286,-1,-1,-1,-1
255,1,61,181,850,206,-1,-1,-1,-1
256,2,990,203,830,286,-1,-1,-1,-1
256,1,61,183,850,204,-1,-1,-1,-1
257,2,984,201,858,287,-1,-1,-1,-1
257,1,63,183,849,203,-1,-1,-1,-1
258,2,992,200,872,286,-1,-1,-1,-1
258,1,64,184,849,202,-1,-1,-1,-1
259,2,990,202,881,282,-1,-1,-1,-1
259,1,65,186,849,201,-1,-1,-1,-1
260,2,984,201,885,282,-1,-1,-1,-1
260,1,66,184,845,202,-1,-1,-1,-1
261,2,983,201,886,283,-1,-1,-1,-1
261,1,65,184,845,201,-1,-1,-1,-1
262,2,981,203,876,281,-1,-1,-1,-1
262,1,64,185,849,201,-1,-1,-1,-1
263,2,977,202,895,282,-1,-1,-1,-1
263,1,66,183,846,203,-1,-1,-1,-1
264,2,978,202,906,281,-1,-1,-1,-1
264,1,65,184,846,202,-1,-1,-1,-1
265,2,973,201,909,282,-1,-1,-1,-1
265,1,65,186,846,201,-1,-1,-1,-1
266,2,972,201,924,282,-1,-1,-1,-1
266,1,64,185,849,202,-1,-1,-1,-1
267,2,972,202,930,281,-1,-1,-1,-1
267,1,63,185,849,201,-1,-1,-1,-1
268,2,971,200,928,285,-1,-1,-1,-1
268,1,65,187,846,200,-1,-1,-1,-1
269,2,969,200,934,286,-1,-1,-1,-1
269,1,65,185,846,202,-1,-1,-1,-1
270,2,967,199,932,286,-1,-1,-1,-1
270,1,64,185,848,202,-1,-1,-1,-1
271,2,965,199,936,285,-1,-1,-1,-1
271,1,63,184,849,203,-1,-1,-1,-1
272,2,965,199,932,286,-1,-1,-1,-1
272,1,65,184,847,202,-1,-1,-1,-1
273,2,963,198,903,284,-1,-1,-1,-1
273,1,67,185,843,200,-1,-1,-1,-1
274,2,960,199,930,285,-1,-1,-1,-1
274,1,68,184,842,201,-1,-1,-1,-1
275,2,959,198,928,287,-1,-1,-1,-1
275,1,69,183,841,203,-1,-1,-1,-1
276,2,960,199,931,286,-1,-1,-1,-1
276,1,70,184,838,202,-1,-1,-1,-1
277,2,935,197,931,292,-1,-1,-1,-1
277,1,64,183,842,202,-1,-1,-1,-1
278,2,947,197,845,289,-1,-1,-1,-1
278,1,64,185,842,200,-1,-1,-1,-1
279,2,942,195,874,291,-1,-1,-1,-1
279,1,70,183,838,203,-1,-1,-1,-1
280,2,938,195,886,290,-1,-1,-1,-1
280,1,68,183,840,203,-1,-1,-1,-1
281,2,936,195,885,292,-1,-1,-1,-1
281,1,63,184,847,202,-1,-1,-1,-1
282,2,929,196,946,292,-1,-1,-1,-1
282,1,62,183,847,203,-1,-1,-1,-1
283,2,938,195,859,293,-1,-1,-1,-1
283,1,65,185,836,201,-1,-1,-1,-1
284,2,932,197,899,293,-1,-1,-1,-1
284,1,65,185,835,202,-1,-1,-1,-1
285,2,928,196,913,295,-1,-1,-1,-1
285,1,65,186,831,200,-1,-1,-1,-1
286,2,931,196,908,295,-1,-1,-1,-1
286,1,61,184,841,202,-1,-1,-1,-1
287,2,937,196,850,293,-1,-1,-1,-1
287,1,62,182,844,204,-1,-1,-1,-1
288,2,932,196,873,294,-1,-1,-1,-1
288,1,64,182,844,204,-1,-1,-1,-1
289,2,935,196,849,292,-1,-1,-1,-1
289,1,65,183,843,203,-1,-1,-1,-1
290,2,929,195,863,294,-1,-1,-1,-1
290,1,65,183,841,203,-1,-1,-1,-1
291,2,927,196,875,294,-1,-1,-1,-1
291,1,67,183,839,203,-1,-1,-1,-1
292,2,925,195,864,295,-1,-1,-1,-1
292,1,65,184,840,202,-1,-1,-1,-1
293,2,923,194,872,295,-1,-1,-1,-1
293,1,65,183,841,203,-1,-1,-1,-1
294,2,920,194,876,289,-1,-1,-1,-1
294,1,65,183,842,203,-1,-1,-1,-1
295,2,921,193,878,296,-1,-1,-1,-1
295,1,63,182,843,204,-1,-1,-1,-1
296,2,918,195,903,294,-1,-1,-1,-1
296,1,63,183,842,203,-1,-1,-1,-1
297,2,916,195,871,287,-1,-1,-1,-1
297,1,65,182,837,203,-1,-1,-1,-1
298,2,913,195,882,288,-1,-1,-1,-1
298,1,64,183,837,202,-1,-1,-1,-1
299,2,912,195,874,287,-1,-1,-1,-1
299,1,63,182,840,203,-1,-1,-1,-1
300,2,912,195,866,286,-1,-1,-1,-1
300,1,64,182,839,203,-1,-1,-1,-1
301,2,910,196,871,284,-1,-1,-1,-1
301,1,64,186,836,200,-1,-1,-1,-1
302,2,910,196,874,285,-1,-1,-1,-1
302,1,63,185,836,201,-1,-1,-1,-1
303,2,909,195,871,286,-1,-1,-1,-1
303,1,64,183,840,203,-1,-1,-1,-1
304,2,905,195,878,286,-1,-1,-1,-1
304,1,66,184,839,202,-1,-1,-1,-1
305,2,904,194,881,289,-1,-1,-1,-1
305,1,66,183,839,202,-1,-1,-1,-1
306,2,901,190,884,294,-1,-1,-1,-1
306,1,69,181,838,205,-1,-1,-1,-1
307,2,900,190,886,292,-1,-1,-1,-1
307,1,67,182,845,204,-1,-1,-1,-1
308,2,901,189,875,293,-1,-1,-1,-1
308,1,62,181,851,205,-1,-1,-1,-1
309,2,900,189,874,293,-1,-1,-1,-1
309,1,61,182,852,204,-1,-1,-1,-1
310,2,897,189,874,293,-1,-1,-1,-1
310,1,63,182,843,204,-1,-1,-1,-1
311,2,898,190,872,291,-1,-1,-1,-1
311,1,62,181,842,205,-1,-1,-1,-1
312,2,895,191,876,291,-1,-1,-1,-1
312,1,62,183,841,204,-1,-1,-1,-1
313,2,891,190,877,293,-1,-1,-1,-1
313,1,64,185,840,200,-1,-1,-1,-1
314,2,891,190,880,291,-1,-1,-1,-1
314,1,66,183,838,202,-1,-1,-1,-1
315,2,880,193,884,293,-1,-1,-1,-1
315,1,62,182,848,203,-1,-1,-1,-1
316,2,880,193,885,293,-1,-1,-1,-1
316,1,61,182,849,203,-1,-1,-1,-1
317,2,887,189,914,302,-1,-1,-1,-1
317,1,64,184,843,201,-1,-1,-1,-1
318,2,881,189,916,299,-1,-1,-1,-1
318,1,63,184,849,201,-1,-1,-1,-1
319,2,882,189,917,301,-1,-1,-1,-1
319,1,63,185,848,200,-1,-1,-1,-1
320,2,876,195,989,289,-1,-1,-1,-1
320,1,66,185,840,200,-1,-1,-1,-1
321,2,865,194,902,293,-1,-1,-1,-1
321,1,62,185,852,199,-1,-1,-1,-1
322,2,861,193,901,296,-1,-1,-1,-1
322,1,66,188,842,196,-1,-1,-1,-1
323,2,867,188,964,305,-1,-1,-1,-1
323,1,61,184,855,200,-1,-1,-1,-1
324,2,858,193,896,296,-1,-1,-1,-1
324,1,61,184,853,201,-1,-1,-1,-1
325,2,856,192,903,297,-1,-1,-1,-1
325,1,62,184,847,201,-1,-1,-1,-1
326,2,854,192,905,296,-1,-1,-1,-1
326,1,62,185,845,200,-1,-1,-1,-1
327,2,870,193,1009,291,-1,-1,-1,-1
327,1,60,183,848,203,-1,-1,-1,-1
328,2,870,192,1000,290,-1,-1,-1,-1
328,1,59,184,848,202,-1,-1,-1,-1
329,2,852,192,920,297,-1,-1,-1,-1
329,1,61,185,844,201,-1,-1,-1,-1
330,2,849,192,927,297,-1,-1,-1,-1
330,1,61,185,842,201,-1,-1,-1,-1
331,2,848,191,920,297,-1,-1,-1,-1
331,1,59,183,845,203,-1,-1,-1,-1
332,2,844,192,917,295,-1,-1,-1,-1
332,1,61,184,846,202,-1,-1,-1,-1
333,2,848,189,925,298,-1,-1,-1,-1
333,1,66,184,830,201,-1,-1,-1,-1
334,2,849,186,931,300,-1,-1,-1,-1
334,1,65,183,834,203,-1,-1,-1,-1
335,2,846,184,908,299,-1,-1,-1,-1
335,1,67,185,833,200,-1,-1,-1,-1
336,2,840,191,917,296,-1,-1,-1,-1
336,1,64,186,819,198,-1,-1,-1,-1
337,2,840,191,921,297,-1,-1,-1,-1
337,1,62,183,829,201,-1,-1,-1,-1
338,2,842,190,928,297,-1,-1,-1,-1
338,1,62,189,803,194,-1,-1,-1,-1
339,2,839,190,944,299,-1,-1,-1,-1
339,1,62,189,799,195,-1,-1,-1,-1
340,2,845,188,1033,296,-1,-1,-1,-1
340,1,61,189,803,195,-1,-1,-1,-1
341,2,833,189,921,298,-1,-1,-1,-1
341,1,64,194,792,186,-1,-1,-1,-1
342,2,829,189,928,299,-1,-1,-1,-1
342,1,60,188,804,196,-1,-1,-1,-1
343,2,833,189,903,297,-1,-1,-1,-1
343,1,59,187,804,197,-1,-1,-1,-1
344,2,828,189,921,298,-1,-1,-1,-1
344,1,59,188,811,196,-1,-1,-1,-1
345,2,831,183,892,298,-1,-1,-1,-1
345,1,60,191,807,193,-1,-1,-1,-1
346,2,830,184,895,298,-1,-1,-1,-1
346,1,62,192,799,192,-1,-1,-1,-1
347,2,830,183,893,300,-1,-1,-1,-1
347,1,62,188,802,195,-1,-1,-1,-1
348,2,814,186,1044,303,-1,-1,-1,-1
348,1,62,193,800,191,-1,-1,-1,-1
349,2,812,185,1066,304,-1,-1,-1,-1
349,1,63,192,802,191,-1,-1,-1,-1
350,2,827,187,1059,297,-1,-1,-1,-1
350,1,62,191,798,193,-1,-1,-1,-1
351,2,810,189,1053,292,-1,-1,-1,-1
351,1,65,194,794,189,-1,-1,-1,-1
352,2,807,187,998,301,-1,-1,-1,-1
352,1,65,193,792,191,-1,-1,-1,-1
353,2,815,188,931,297,-1,-1,-1,-1
353,1,66,193,791,191,-1,-1,-1,-1
354,2,822,188,1065,295,-1,-1,-1,-1
354,1,64,191,792,193,-1,-1,-1,-1
355,2,823,187,1067,297,-1,-1,-1,-1
355,1,64,190,791,195,-1,-1,-1,-1
356,2,816,187,1074,296,-1,-1,-1,-1
356,1,68,194,783,187,-1,-1,-1,-1
357,2,817,187,1073,298,-1,-1,-1,-1
357,1,62,193,795,192,-1,-1,-1,-1
358,2,792,191,1077,291,-1,-1,-1,-1
358,1,67,193,785,188,-1,-1,-1,-1
359,2,794,190,1083,293,-1,-1,-1,-1
359,1,67,193,783,188,-1,-1,-1,-1
360,2,791,188,1089,296,-1,-1,-1,-1
360,1,68,193,783,189,-1,-1,-1,-1
361,2,792,187,1093,297,-1,-1,-1,-1
361,1,67,192,788,196,-1,-1,-1,-1
362,2,795,187,1087,296,-1,-1,-1,-1
362,1,67,191,787,195,-1,-1,-1,-1
363,2,791,186,1096,297,-1,-1,-1,-1
363,1,68,196,788,189,-1,-1,-1,-1
364,2,793,187,1095,296,-1,-1,-1,-1
364,1,68,193,788,192,-1,-1,-1,-1
365,2,792,187,1096,297,-1,-1,-1,-1
365,1,69,194,785,191,-1,-1,-1,-1
366,2,794,187,1077,295,-1,-1,-1,-1
366,1,68,197,788,188,-1,-1,-1,-1
367,2,794,188,1079,294,-1,-1,-1,-1
367,1,66,197,786,187,-1,-1,-1,-1
368,2,790,188,1087,295,-1,-1,-1,-1
368,1,67,199,787,185,-1,-1,-1,-1
369,2,792,187,1081,295,-1,-1,-1,-1
369,1,65,197,787,187,-1,-1,-1,-1
370,2,791,187,1087,295,-1,-1,-1,-1
370,1,63,195,789,189,-1,-1,-1,-1
371,2,789,188,1084,295,-1,-1,-1,-1
371,1,65,195,783,188,-1,-1,-1,-1
372,2,785,184,970,303,-1,-1,-1,-1
372,1,63,193,785,191,-1,-1,-1,-1
373,2,787,186,1001,300,-1,-1,-1,-1
373,1,64,196,784,188,-1,-1,-1,-1
374,2,785,185,987,303,-1,-1,-1,-1
374,1,63,194,784,190,-1,-1,-1,-1
375,2,779,184,940,301,-1,-1,-1,-1
375,1,64,197,785,187,-1,-1,-1,-1
376,2,781,184,942,297,-1,-1,-1,-1
376,1,64,194,785,190,-1,-1,-1,-1
377,2,772,183,1020,305,-1,-1,-1,-1
377,1,64,197,786,187,-1,-1,-1,-1
378,2,778,187,1091,297,-1,-1,-1,-1
378,1,65,196,782,188,-1,-1,-1,-1
379,2,773,184,1042,306,-1,-1,-1,-1
379,1,66,198,784,186,-1,-1,-1,-1
380,2,768,184,1058,305,-1,-1,-1,-1
380,1,68,199,785,186,-1,-1,-1,-1
381,2,770,186,1089,298,-1,-1,-1,-1
381,1,67,197,782,188,-1,-1,-1,-1
382,2,765,183,1059,307,-1,-1,-1,-1
382,1,67,197,783,187,-1,-1,-1,-1
383,2,772,188,1090,295,-1,-1,-1,-1
383,1,65,193,783,191,-1,-1,-1,-1
384,2,767,186,1089,298,-1,-1,-1,-1
384,1,66,197,786,188,-1,-1,-1,-1
385,2,775,185,1088,300,-1,-1,-1,-1
385,1,61,197,787,187,-1,-1,-1,-1
386,2,777,185,1087,299,-1,-1,-1,-1
386,1,61,196,787,189,-1,-1,-1,-1
387,2,776,186,1087,299,-1,-1,-1,-1
387,1,62,195,787,190,-1,-1,-1,-1
388,2,772,183,1088,299,-1,-1,-1,-1
388,1,62,195,788,190,-1,-1,-1,-1
389,2,774,182,1090,302,-1,-1,-1,-1
389,1,69,198,777,183,-1,-1,-1,-1
390,2,776,185,1085,299,-1,-1,-1,-1
390,1,61,196,784,189,-1,-1,-1,-1
391,2,777,184,1083,301,-1,-1,-1,-1
391,1,63,199,781,185,-1,-1,-1,-1
392,2,776,184,1086,301,-1,-1,-1,-1
392,1,67,198,777,183,-1,-1,-1,-1
393,2,776,184,1084,301,-1,-1,-1,-1
393,1,63,195,784,189,-1,-1,-1,-1
394,2,776,183,1082,302,-1,-1,-1,-1
394,1,63,196,785,188,-1,-1,-1,-1
395,2,775,183,1084,302,-1,-1,-1,-1
395,1,64,196,784,187,-1,-1,-1,-1
396,2,771,183,1084,301,-1,-1,-1,-1
396,1,62,195,785,189,-1,-1,-1,-1
397,2,774,183,1081,302,-1,-1,-1,-1
397,1,63,197,786,187,-1,-1,-1,-1
398,2,771,183,1083,302,-1,-1,-1,-1
398,1,63,197,784,187,-1,-1,-1,-1
399,2,763,183,1060,300,-1,-1,-1,-1
399,1,61,195,785,189,-1,-1,-1,-1
400,2,761,184,1061,298,-1,-1,-1,-1
400,1,62,193,785,192,-1,-1,-1,-1
401,2,763,184,1058,299,-1,-1,-1,-1
401,1,66,197,775,185,-1,-1,-1,-1
402,2,761,183,1064,299,-1,-1,-1,-1
402,1,61,195,782,190,-1,-1,-1,-1
403,2,759,183,1064,299,-1,-1,-1,-1
403,1,61,195,783,191,-1,-1,-1,-1
404,2,758,183,1069,299,-1,-1,-1,-1
404,1,61,195,783,190,-1,-1,-1,-1
405,2,756,184,1063,299,-1,-1,-1,-1
405,1,72,199,766,180,-1,-1,-1,-1
406,2,756,183,1064,299,-1,-1,-1,-1
406,1,62,196,782,190,-1,-1,-1,-1
407,2,753,184,1056,300,-1,-1,-1,-1
407,1,61,194,783,192,-1,-1,-1,-1
408,2,753,184,1065,298,-1,-1,-1,-1
408,1,64,192,779,194,-1,-1,-1,-1
409,2,750,184,1062,299,-1,-1,-1,-1
409,1,64,194,779,192,-1,-1,-1,-1
410,2,748,184,1067,299,-1,-1,-1,-1
410,1,64,195,780,190,-1,-1,-1,-1
411,2,744,182,1064,302,-1,-1,-1,-1
411,1,64,193,780,192,-1,-1,-1,-1
412,2,743,183,1062,301,-1,-1,-1,-1
412,1,64,192,780,193,-1,-1,-1,-1
413,2,740,183,1075,301,-1,-1,-1,-1
413,1,63,195,781,190,-1,-1,-1,-1
414,2,741,182,957,305,-1,-1,-1,-1
414,1,61,192,781,193,-1,-1,-1,-1
415,2,744,178,950,307,-1,-1,-1,-1
415,1,62,191,780,194,-1,-1,-1,-1
416,2,732,178,1065,305,-1,-1,-1,-1
416,1,64,192,778,194,-1,-1,-1,-1
417,2,745,177,940,305,-1,-1,-1,-1
417,1,63,192,778,194,-1,-1,-1,-1
418,2,738,182,948,304,-1,-1,-1,-1
418,1,60,192,780,193,-1,-1,-1,-1
419,2,737,180,953,306,-1,-1,-1,-1
419,1,60,192,782,193,-1,-1,-1,-1
420,2,731,183,1067,301,-1,-1,-1,-1
420,1,61,192,781,193,-1,-1,-1,-1
421,2,726,183,1065,301,-1,-1,-1,-1
421,1,61,194,781,191,-1,-1,-1,-1
422,2,730,183,1061,301,-1,-1,-1,-1
422,1,62,193,781,192,-1,-1,-1,-1
423,2,732,181,962,304,-1,-1,-1,-1
423,1,63,195,781,190,-1,-1,-1,-1
424,2,729,184,1077,301,-1,-1,-1,-1
424,1,63,196,781,189,-1,-1,-1,-1
425,2,729,183,1077,302,-1,-1,-1,-1
425,1,63,193,781,192,-1,-1,-1,-1
426,2,725,183,1078,301,-1,-1,-1,-1
426,1,64,195,781,189,-1,-1,-1,-1
427,2,725,182,1082,302,-1,-1,-1,-1
427,1,64,195,779,189,-1,-1,-1,-1
428,2,730,182,1082,302,-1,-1,-1,-1
428,1,63,192,778,192,-1,-1,-1,-1
429,2,728,183,1082,300,-1,-1,-1,-1
429,1,62,194,782,190,-1,-1,-1,-1
430,2,726,183,1081,299,-1,-1,-1,-1
430,1,62,196,782,188,-1,-1,-1,-1
431,2,723,183,1079,299,-1,-1,-1,-1
431,1,62,197,780,187,-1,-1,-1,-1
432,2,723,183,1079,298,-1,-1,-1,-1
432,1,62,197,780,187,-1,-1,-1,-1
433,2,725,181,1082,303,-1,-1,-1,-1
433,1,60,198,781,186,-1,-1,-1,-1
434,2,728,183,1083,301,-1,-1,-1,-1
434,1,61,199,780,185,-1,-1,-1,-1
435,2,723,182,1083,301,-1,-1,-1,-1
435,1,63,198,778,186,-1,-1,-1,-1
436,2,724,180,1079,304,-1,-1,-1,-1
436,1,64,193,777,191,-1,-1,-1,-1
437,2,726,181,1081,303,-1,-1,-1,-1
437,1,63,197,776,186,-1,-1,-1,-1
438,2,726,180,1085,304,-1,-1,-1,-1
438,1,63,195,776,189,-1,-1,-1,-1
439,2,725,181,1087,303,-1,-1,-1,-1
439,1,63,195,776,189,-1,-1,-1,-1
440,2,722,182,1082,302,-1,-1,-1,-1
440,1,63,197,776,187,-1,-1,-1,-1
441,2,719,177,989,309,-1,-1,-1,-1
441,1,63,195,777,189,-1,-1,-1,-1
442,2,717,176,981,310,-1,-1,-1,-1
442,1,62,195,778,189,-1,-1,-1,-1
443,2,722,178,1086,304,-1,-1,-1,-1
443,1,63,201,775,184,-1,-1,-1,-1
444,2,717,177,1084,302,-1,-1,-1,-1
444,1,63,198,778,186,-1,-1,-1,-1
445,2,709,177,999,308,-1,-1,-1,-1
445,1,62,204,776,179,-1,-1,-1,-1
446,2,712,172,1024,317,-1,-1,-1,-1
446,1,61,203,779,181,-1,-1,-1,-1
447,2,713,172,1015,316,-1,-1,-1,-1
447,1,71,205,763,174,-1,-1,-1,-1
448,2,710,173,1032,314,-1,-1,-1,-1
448,1,60,204,781,180,-1,-1,-1,-1
449,2,703,180,1001,305,-1,-1,-1,-1
449,1,60,204,781,180,-1,-1,-1,-1
450,2,704,180,1046,301,-1,-1,-1,-1
450,1,61,202,780,181,-1,-1,-1,-1
451,2,704,180,1054,300,-1,-1,-1,-1
451,1,64,203,777,182,-1,-1,-1,-1
452,2,706,181,1071,299,-1,-1,-1,-1
452,1,64,208,777,177,-1,-1,-1,-1
453,2,701,181,1058,300,-1,-1,-1,-1
453,1,65,203,777,182,-1,-1,-1,-1
454,2,701,180,1042,301,-1,-1,-1,-1
454,1,66,203,776,183,-1,-1,-1,-1
455,2,701,180,1049,300,-1,-1,-1,-1
455,1,66,202,776,183,-1,-1,-1,-1
456,2,703,178,979,306,-1,-1,-1,-1
456,1,67,203,774,182,-1,-1,-1,-1
457,2,691,179,1050,301,-1,-1,-1,-1
457,1,67,204,777,181,-1,-1,-1,-1
458,2,698,178,981,305,-1,-1,-1,-1
458,1,65,202,779,183,-1,-1,-1,-1
459,2,691,178,1049,302,-1,-1,-1,-1
459,1,66,207,781,178,-1,-1,-1,-1
460,2,694,178,1088,301,-1,-1,-1,-1
460,1,65,205,780,180,-1,-1,-1,-1
461,2,691,179,1080,302,-1,-1,-1,-1
461,1,73,208,766,173,-1,-1,-1,-1
462,2,690,177,1076,303,-1,-1,-1,-1
462,1,74,205,765,175,-1,-1,-1,-1
463,2,686,176,1074,304,-1,-1,-1,-1
463,1,63,207,783,179,-1,-1,-1,-1
464,2,686,177,1082,304,-1,-1,-1,-1
464,1,63,208,783,177,-1,-1,-1,-1
465,2,692,175,1090,306,-1,-1,-1,-1
465,1,63,201,784,184,-1,-1,-1,-1
466,2,691,174,1096,307,-1,-1,-1,-1
466,1,65,208,780,177,-1,-1,-1,-1
467,2,689,176,1093,304,-1,-1,-1,-1
467,1,65,204,782,181,-1,-1,-1,-1
468,2,687,176,1096,303,-1,-1,-1,-1
468,1,66,208,781,177,-1,-1,-1,-1
469,2,689,175,1099,306,-1,-1,-1,-1
469,1,68,205,780,180,-1,-1,-1,-1
470,2,687,172,1101,305,-1,-1,-1,-1
470,1,69,202,778,183,-1,-1,-1,-1
471,2,682,173,1100,304,-1,-1,-1,-1
471,1,68,200,779,185,-1,-1,-1,-1
472,2,679,174,1105,305,-1,-1,-1,-1
472,1,77,210,766,171,-1,-1,-1,-1
473,2,682,175,1103,306,-1,-1,-1,-1
473,1,74,218,771,165,-1,-1,-1,-1
474,2,680,174,1104,306,-1,-1,-1,-1
474,1,63,209,781,178,-1,-1,-1,-1
475,2,670,170,1075,315,-1,-1,-1,-1
475,1,74,212,769,170,-1,-1,-1,-1
476,2,667,171,1020,314,-1,-1,-1,-1
476,1,72,211,772,171,-1,-1,-1,-1
477,2,663,171,1035,315,-1,-1,-1,-1
477,1,62,212,784,175,-1,-1,-1,-1
478,2,661,171,1074,316,-1,-1,-1,-1
478,1,62,203,784,184,-1,-1,-1,-1
479,2,662,171,1099,315,-1,-1,-1,-1
479,1,63,207,781,180,-1,-1,-1,-1
480,2,660,171,1026,315,-1,-1,-1,-1
480,1,63,210,780,177,-1,-1,-1,-1
481,2,659,170,1103,317,-1,-1,-1,-1
481,1,67,204,776,182,-1,-1,-1,-1
482,2,659,171,1124,316,-1,-1,-1,-1
482,1,69,205,772,181,-1,-1,-1,-1
483,2,664,170,1085,316,-1,-1,-1,-1
483,1,67,207,774,178,-1,-1,-1,-1
484,2,663,168,1104,318,-1,-1,-1,-1
484,1,68,207,775,178,-1,-1,-1,-1
485,2,654,167,1126,320,-1,-1,-1,-1
485,1,69,209,775,176,-1,-1,-1,-1
486,2,660,169,1111,319,-1,-1,-1,-1
486,1,69,210,773,175,-1,-1,-1,-1
487,2,663,168,1093,320,-1,-1,-1,-1
487,1,76,220,764,163,-1,-1,-1,-1
488,2,662,167,1080,320,-1,-1,-1,-1
488,1,75,220,767,163,-1,-1,-1,-1
489,2,661,166,1094,321,-1,-1,-1,-1
489,1,73,221,774,162,-1,-1,-1,-1
490,2,653,168,1035,316,-1,-1,-1,-1
490,1,69,234,780,151,-1,-1,-1,-1
491,2,648,167,1088,319,-1,-1,-1,-1
491,1,70,224,771,160,-1,-1,-1,-1
492,2,639,169,1061,311,-1,-1,-1,-1
492,1,70,225,773,159,-1,-1,-1,-1
493,2,641,168,1047,312,-1,-1,-1,-1
493,1,71,216,768,166,-1,-1,-1,-1
494,2,638,170,1052,311,-1,-1,-1,-1
494,1,67,235,776,148,-1,-1,-1,-1
495,2,640,170,1044,309,-1,-1,-1,-1
495,1,68,246,662,131,-1,-1,-1,-1
496,2,639,169,1046,310,-1,-1,-1,-1
496,1,70,245,655,132,-1,-1,-1,-1
497,2,635,168,1071,311,-1,-1,-1,-1
497,1,72,245,657,132,-1,-1,-1,-1
498,2,638,166,1087,311,-1,-1,-1,-1
498,1,77,246,625,131,-1,-1,-1,-1
499,2,635,168,1070,311,-1,-1,-1,-1
499,1,77,246,616,131,-1,-1,-1,-1
500,2,630,168,1070,310,-1,-1,-1,-1
500,1,73,246,634,132,-1,-1,-1,-1
501,2,633,168,1082,311,-1,-1,-1,-1
501,1,71,235,770,150,-1,-1,-1,-1
502,2,632,168,1084,311,-1,-1,-1,-1
502,1,74,246,658,133,-1,-1,-1,-1
503,2,637,165,1021,316,-1,-1,-1,-1
503,1,72,245,648,134,-1,-1,-1,-1
504,2,636,165,1010,317,-1,-1,-1,-1
504,1,69,233,769,152,-1,-1,-1,-1
505,2,634,165,1012,317,-1,-1,-1,-1
505,1,67,246,645,132,-1,-1,-1,-1
506,2,633,164,1009,318,-1,-1,-1,-1
506,1,69,246,652,132,-1,-1,-1,-1
507,2,630,163,1020,319,-1,-1,-1,-1
507,1,71,247,659,131,-1,-1,-1,-1
508,2,628,163,1021,319,-1,-1,-1,-1
508,1,69,235,770,149,-1,-1,-1,-1
509,2,624,162,1037,318,-1,-1,-1,-1
509,1,68,234,768,150,-1,-1,-1,-1
510,2,617,162,1047,319,-1,-1,-1,-1
510,1,70,229,764,155,-1,-1,-1,-1
511,2,616,165,1050,315,-1,-1,-1,-1
511,1,68,231,768,153,-1,-1,-1,-1
512,2,613,166,1059,315,-1,-1,-1,-1
512,1,68,232,769,152,-1,-1,-1,-1
513,2,615,166,1052,315,-1,-1,-1,-1
513,1,69,235,771,149,-1,-1,-1,-1
514,2,611,164,1044,317,-1,-1,-1,-1
514,1,68,227,768,157,-1,-1,-1,-1
515,2,614,164,1042,317,-1,-1,-1,-1
515,1,68,231,768,154,-1,-1,-1,-1
516,2,609,165,1050,316,-1,-1,-1,-1
516,1,69,229,764,156,-1,-1,-1,-1
517,2,609,167,1062,314,-1,-1,-1,-1
517,1,68,246,628,133,-1,-1,-1,-1
518,2,607,166,1067,315,-1,-1,-1,-1
518,1,67,247,631,132,-1,-1,-1,-1
519,2,605,165,1061,315,-1,-1,-1,-1
519,1,67,246,647,134,-1,-1,-1,-1
520,2,602,166,1070,314,-1,-1,-1,-1
520,1,68,232,762,153,-1,-1,-1,-1
521,2,599,165,1078,315,-1,-1,-1,-1
522,2,600,164,1068,314,-1,-1,-1,-1
522,1,67,247,629,133,-1,-1,-1,-1
523,2,597,166,1073,314,-1,-1,-1,-1
524,2,597,162,1068,318,-1,-1,-1,-1
524,1,75,247,595,129,-1,-1,-1,-1
525,2,593,159,1072,320,-1,-1,-1,-1
525,1,76,247,592,130,-1,-1,-1,-1
526,2,594,161,1064,319,-1,-1,-1,-1
526,1,73,247,600,129,-1,-1,-1,-1
527,2,589,160,1074,320,-1,-1,-1,-1
527,1,77,247,597,130,-1,-1,-1,-1
528,2,588,162,1077,317,-1,-1,-1,-1
528,1,75,247,596,129,-1,-1,-1,-1
529,2,587,160,1077,319,-1,-1,-1,-1
529,1,75,247,593,129,-1,-1,-1,-1
530,2,587,161,1080,318,-1,-1,-1,-1
530,1,72,249,596,127,-1,-1,-1,-1
531,2,583,161,1076,319,-1,-1,-1,-1
531,1,75,247,590,129,-1,-1,-1,-1
532,2,581,162,1075,316,-1,-1,-1,-1
532,1,75,247,590,129,-1,-1,-1,-1
533,2,580,162,1076,317,-1,-1,-1,-1
533,1,70,249,592,127,-1,-1,-1,-1
534,2,579,162,1082,316,-1,-1,-1,-1
534,1,70,249,594,127,-1,-1,-1,-1
535,2,578,161,1084,318,-1,-1,-1,-1
535,1,69,249,589,127,-1,-1,-1,-1
536,2,577,162,1076,317,-1,-1,-1,-1
536,1,68,249,585,127,-1,-1,-1,-1
537,2,577,162,1075,317,-1,-1,-1,-1
537,1,71,249,589,126,-1,-1,-1,-1
538,2,577,161,1072,318,-1,-1,-1,-1
538,1,68,250,584,126,-1,-1,-1,-1
539,2,580,162,1070,316,-1,-1,-1,-1
539,1,72,248,572,129,-1,-1,-1,-1
540,2,578,160,1080,317,-1,-1,-1,-1
540,1,73,248,576,128,-1,-1,-1,-1
541,2,578,161,1075,316,-1,-1,-1,-1
541,1,67,249,577,127,-1,-1,-1,-1
542,2,579,162,1076,316,-1,-1,-1,-1
542,1,70,250,578,126,-1,-1,-1,-1
543,2,578,161,1080,317,-1,-1,-1,-1
543,1,75,248,577,128,-1,-1,-1,-1
544,2,579,161,1076,318,-1,-1,-1,-1
544,1,68,249,587,127,-1,-1,-1,-1
545,2,578,161,1074,317,-1,-1,-1,-1
545,1,69,249,588,127,-1,-1,-1,-1
546,2,576,161,1080,317,-1,-1,-1,-1
546,1,68,249,587,127,-1,-1,-1,-1
547,2,577,159,1083,320,-1,-1,-1,-1
547,1,72,248,572,128,-1,-1,-1,-1
548,2,577,159,1083,320,-1,-1,-1,-1
548,1,72,248,570,129,-1,-1,-1,-1
549,2,575,161,1080,317,-1,-1,-1,-1
549,1,72,248,572,128,-1,-1,-1,-1
550,2,576,161,1085,317,-1,-1,-1,-1
550,1,71,248,568,128,-1,-1,-1,-1
