3,1,872,200,572,352,-1,-1,-1,-1
3,2,507,10,1411,464,-1,-1,-1,-1
3,3,290,287,238,187,-1,-1,-1,-1
4,1,872,201,572,350,-1,-1,-1,-1
4,2,507,9,1410,465,-1,-1,-1,-1
4,3,289,286,240,189,-1,-1,-1,-1
5,1,873,201,570,349,-1,-1,-1,-1
5,2,508,9,1410,466,-1,-1,-1,-1
5,3,289,287,240,188,-1,-1,-1,-1
6,1,874,201,568,349,-1,-1,-1,-1
6,2,506,10,1412,465,-1,-1,-1,-1
6,3,290,288,239,186,-1,-1,-1,-1
7,1,873,201,570,349,-1,-1,-1,-1
7,2,506,10,1412,465,-1,-1,-1,-1
7,3,290,288,238,186,-1,-1,-1,-1
8,1,873,202,570,348,-1,-1,-1,-1
8,2,507,10,1411,464,-1,-1,-1,-1
8,3,289,288,239,187,-1,-1,-1,-1
9,1,874,202,568,349,-1,-1,-1,-1
9,2,506,10,1410,463,-1,-1,-1,-1
9,3,290,287,237,189,-1,-1,-1,-1
10,1,874,202,567,350,-1,-1,-1,-1
10,2,506,10,1409,464,-1,-1,-1,-1
10,3,289,286,239,191,-1,-1,-1,-1
11,1,874,202,568,350,-1,-1,-1,-1
11,2,505,9,1410,464,-1,-1,-1,-1
11,3,288,286,240,191,-1,-1,-1,-1
12,1,874,202,568,350,-1,-1,-1,-1
12,2,504,9,1412,464,-1,-1,-1,-1
12,3,288,286,240,191,-1,-1,-1,-1
13,1,874,202,569,350,-1,-1,-1,-1
13,2,504,10,1412,463,-1,-1,-1,-1
13,3,289,286,239,190,-1,-1,-1,-1
14,1,874,202,569,350,-1,-1,-1,-1
14,2,506,11,1410,463,-1,-1,-1,-1
14,3,288,286,241,191,-1,-1,-1,-1
15,1,873,202,571,350,-1,-1,-1,-1
15,2,505,11,1412,462,-1,-1,-1,-1
15,3,288,286,241,191,-1,-1,-1,-1
16,1,873,203,570,349,-1,-1,-1,-1
16,2,507,10,1409,463,-1,-1,-1,-1
16,3,288,286,240,191,-1,-1,-1,-1
17,1,874,203,570,349,-1,-1,-1,-1
17,2,507,11,1410,462,-1,-1,-1,-1
17,3,288,286,240,191,-1,-1,-1,-1
18,1,874,203,570,349,-1,-1,-1,-1
18,2,509,11,1407,463,-1,-1,-1,-1
18,3,288,286,241,191,-1,-1,-1,-1
19,1,872,203,573,349,-1,-1,-1,-1
19,2,507,10,1410,463,-1,-1,-1,-1
19,3,289,286,239,191,-1,-1,-1,-1
20,1,873,204,571,347,-1,-1,-1,-1
20,2,506,10,1411,463,-1,-1,-1,-1
20,3,289,286,238,191,-1,-1,-1,-1
21,1,872,204,573,347,-1,-1,-1,-1
21,2,506,11,1410,462,-1,-1,-1,-1
21,3,288,286,239,191,-1,-1,-1,-1
22,1,874,204,569,347,-1,-1,-1,-1
22,2,508,12,1408,462,-1,-1,-1,-1
22,3,288,287,241,190,-1,-1,-1,-1
23,1,874,204,569,347,-1,-1,-1,-1
23,2,508,12,1408,461,-1,-1,-1,-1
23,3,289,288,239,188,-1,-1,-1,-1
24,1,873,204,571,348,-1,-1,-1,-1
24,2,510,13,1405,461,-1,-1,-1,-1
24,3,289,287,239,189,-1,-1,-1,-1
25,1,873,204,570,347,-1,-1,-1,-1
25,2,518,13,1401,460,-1,-1,-1,-1
25,3,288,287,241,189,-1,-1,-1,-1
26,1,873,204,571,347,-1,-1,-1,-1
26,2,531,16,1388,458,-1,-1,-1,-1
26,3,289,287,239,189,-1,-1,-1,-1
27,1,874,204,569,346,-1,-1,-1,-1
27,2,519,15,1399,460,-1,-1,-1,-1
27,3,288,287,240,190,-1,-1,-1,-1
28,1,873,204,571,346,-1,-1,-1,-1
28,2,522,14,1397,461,-1,-1,-1,-1
28,3,288,288,240,189,-1,-1,-1,-1
29,1,873,205,570,345,-1,-1,-1,-1
29,2,517,13,1401,462,-1,-1,-1,-1
29,3,289,287,239,189,-1,-1,-1,-1
30,1,874,204,569,346,-1,-1,-1,-1
30,2,528,14,1391,460,-1,-1,-1,-1
30,3,288,286,241,191,-1,-1,-1,-1
31,1,874,204,569,346,-1,-1,-1,-1
31,2,516,13,1402,461,-1,-1,-1,-1
31,3,288,286,241,191,-1,-1,-1,-1
32,1,872,204,572,347,-1,-1,-1,-1
32,2,524,13,1395,461,-1,-1,-1,-1
32,3,288,287,241,189,-1,-1,-1,-1
33,1,873,205,570,346,-1,-1,-1,-1
33,2,515,12,1402,462,-1,-1,-1,-1
33,3,289,288,239,187,-1,-1,-1,-1
34,1,873,206,570,345,-1,-1,-1,-1
34,2,529,13,1390,461,-1,-1,-1,-1
34,3,288,286,241,189,-1,-1,-1,-1
35,1,874,207,568,343,-1,-1,-1,-1
35,2,525,13,1392,462,-1,-1,-1,-1
35,3,287,285,243,191,-1,-1,-1,-1
36,1,874,207,568,343,-1,-1,-1,-1
36,2,528,13,1390,461,-1,-1,-1,-1
36,3,288,285,241,191,-1,-1,-1,-1
37,1,873,207,570,344,-1,-1,-1,-1
37,2,531,14,1387,460,-1,-1,-1,-1
37,3,288,286,240,190,-1,-1,-1,-1
38,1,875,208,567,342,-1,-1,-1,-1
38,2,527,13,1391,460,-1,-1,-1,-1
38,3,288,285,240,192,-1,-1,-1,-1
39,1,874,208,569,342,-1,-1,-1,-1
39,2,535,15,1384,458,-1,-1,-1,-1
39,3,289,285,239,192,-1,-1,-1,-1
40,1,874,208,569,342,-1,-1,-1,-1
40,2,553,16,1366,457,-1,-1,-1,-1
40,3,288,285,235,191,-1,-1,-1,-1
41,1,873,208,570,342,-1,-1,-1,-1
41,2,538,16,1381,457,-1,-1,-1,-1
41,3,287,284,236,193,-1,-1,-1,-1
42,1,874,208,568,341,-1,-1,-1,-1
42,2,527,15,1392,458,-1,-1,-1,-1
42,3,287,284,236,193,-1,-1,-1,-1
43,1,874,208,569,341,-1,-1,-1,-1
43,2,535,16,1384,457,-1,-1,-1,-1
43,3,286,284,238,193,-1,-1,-1,-1
44,1,874,208,569,342,-1,-1,-1,-1
44,2,519,14,1398,460,-1,-1,-1,-1
44,3,288,285,240,192,-1,-1,-1,-1
45,1,873,208,570,342,-1,-1,-1,-1
45,2,518,14,1400,459,-1,-1,-1,-1
45,3,288,285,241,192,-1,-1,-1,-1
46,1,874,209,568,340,-1,-1,-1,-1
46,2,520,15,1398,458,-1,-1,-1,-1
46,3,288,285,241,191,-1,-1,-1,-1
47,1,874,209,568,340,-1,-1,-1,-1
47,2,526,15,1392,459,-1,-1,-1,-1
47,3,289,286,239,189,-1,-1,-1,-1
48,1,874,209,568,340,-1,-1,-1,-1
48,2,524,15,1394,459,-1,-1,-1,-1
48,3,289,286,239,189,-1,-1,-1,-1
49,1,874,209,567,340,-1,-1,-1,-1
49,2,520,13,1396,461,-1,-1,-1,-1
49,3,289,286,239,190,-1,-1,-1,-1
50,1,874,208,567,341,-1,-1,-1,-1
50,2,528,13,1391,460,-1,-1,-1,-1
50,3,289,287,239,189,-1,-1,-1,-1
51,1,872,209,570,341,-1,-1,-1,-1
51,2,520,13,1396,461,-1,-1,-1,-1
51,3,288,285,241,190,-1,-1,-1,-1
52,1,874,210,568,340,-1,-1,-1,-1
52,2,522,12,1395,461,-1,-1,-1,-1
52,3,289,286,239,188,-1,-1,-1,-1
53,1,874,210,568,341,-1,-1,-1,-1
53,2,520,12,1398,461,-1,-1,-1,-1
53,3,288,286,241,189,-1,-1,-1,-1
54,1,873,210,569,340,-1,-1,-1,-1
54,2,518,12,1399,461,-1,-1,-1,-1
54,3,289,286,239,188,-1,-1,-1,-1
55,1,874,210,568,339,-1,-1,-1,-1
55,2,524,13,1394,460,-1,-1,-1,-1
55,3,289,286,239,189,-1,-1,-1,-1
56,1,873,210,569,340,-1,-1,-1,-1
56,2,517,12,1399,462,-1,-1,-1,-1
56,3,288,286,240,189,-1,-1,-1,-1
57,1,873,211,569,339,-1,-1,-1,-1
57,2,516,12,1401,461,-1,-1,-1,-1
57,3,289,287,239,187,-1,-1,-1,-1
58,1,873,212,568,338,-1,-1,-1,-1
58,2,515,12,1402,461,-1,-1,-1,-1
58,3,289,287,239,187,-1,-1,-1,-1
59,1,874,212,567,339,-1,-1,-1,-1
59,2,510,10,1404,463,-1,-1,-1,-1
59,3,288,285,233,190,-1,-1,-1,-1
60,1,874,212,567,339,-1,-1,-1,-1
60,2,506,10,1409,462,-1,-1,-1,-1
60,3,287,284,235,192,-1,-1,-1,-1
61,1,874,212,567,339,-1,-1,-1,-1
61,2,508,10,1406,463,-1,-1,-1,-1
61,3,287,284,235,192,-1,-1,-1,-1
62,1,873,212,569,339,-1,-1,-1,-1
62,2,508,9,1407,464,-1,-1,-1,-1
62,3,287,284,235,192,-1,-1,-1,-1
63,1,873,213,568,338,-1,-1,-1,-1
63,2,509,9,1406,465,-1,-1,-1,-1
63,3,288,286,238,189,-1,-1,-1,-1
64,1,874,213,567,338,-1,-1,-1,-1
64,2,509,9,1407,464,-1,-1,-1,-1
64,3,289,286,231,189,-1,-1,-1,-1
65,1,874,213,566,338,-1,-1,-1,-1
65,2,507,9,1410,464,-1,-1,-1,-1
65,3,288,285,233,191,-1,-1,-1,-1
66,1,874,213,567,338,-1,-1,-1,-1
66,2,507,8,1409,464,-1,-1,-1,-1
66,3,288,285,234,191,-1,-1,-1,-1
67,1,874,213,566,338,-1,-1,-1,-1
67,2,506,9,1410,464,-1,-1,-1,-1
67,3,288,285,233,190,-1,-1,-1,-1
68,1,873,213,568,338,-1,-1,-1,-1
68,2,507,8,1408,466,-1,-1,-1,-1
68,3,288,286,233,188,-1,-1,-1,-1
69,1,873,214,567,336,-1,-1,-1,-1
69,2,506,7,1410,466,-1,-1,-1,-1
69,3,288,286,233,188,-1,-1,-1,-1
70,1,873,214,567,336,-1,-1,-1,-1
70,2,508,8,1408,465,-1,-1,-1,-1
70,3,287,286,233,188,-1,-1,-1,-1
71,1,872,214,569,337,-1,-1,-1,-1
71,2,509,8,1408,465,-1,-1,-1,-1
71,3,287,287,238,186,-1,-1,-1,-1
72,1,873,215,567,335,-1,-1,-1,-1
72,2,509,8,1407,465,-1,-1,-1,-1
72,3,289,288,236,185,-1,-1,-1,-1
73,1,873,215,567,335,-1,-1,-1,-1
73,2,513,9,1404,464,-1,-1,-1,-1
73,3,289,288,236,185,-1,-1,-1,-1
74,1,873,215,567,335,-1,-1,-1,-1
74,2,515,10,1401,464,-1,-1,-1,-1
74,3,289,288,236,186,-1,-1,-1,-1
75,1,874,215,566,335,-1,-1,-1,-1
75,2,516,11,1401,463,-1,-1,-1,-1
75,3,289,288,236,186,-1,-1,-1,-1
76,1,873,215,567,336,-1,-1,-1,-1
76,2,514,10,1402,466,-1,-1,-1,-1
76,3,289,287,238,187,-1,-1,-1,-1
77,1,873,215,566,335,-1,-1,-1,-1
77,2,513,9,1404,467,-1,-1,-1,-1
77,3,289,287,239,188,-1,-1,-1,-1
78,1,874,215,565,335,-1,-1,-1,-1
78,2,520,8,1399,468,-1,-1,-1,-1
78,3,289,286,238,189,-1,-1,-1,-1
79,1,872,215,568,336,-1,-1,-1,-1
79,2,519,8,1400,468,-1,-1,-1,-1
79,3,288,287,239,188,-1,-1,-1,-1
80,1,873,216,566,334,-1,-1,-1,-1
80,2,518,8,1401,467,-1,-1,-1,-1
80,3,288,288,239,186,-1,-1,-1,-1
81,1,874,216,565,334,-1,-1,-1,-1
81,2,515,8,1403,468,-1,-1,-1,-1
81,3,288,287,240,187,-1,-1,-1,-1
82,1,874,216,565,334,-1,-1,-1,-1
82,2,513,8,1404,468,-1,-1,-1,-1
82,3,289,287,238,186,-1,-1,-1,-1
83,1,872,216,568,335,-1,-1,-1,-1
83,2,513,9,1405,466,-1,-1,-1,-1
83,3,289,287,238,187,-1,-1,-1,-1
84,1,872,217,568,334,-1,-1,-1,-1
84,2,511,10,1406,465,-1,-1,-1,-1
84,3,290,286,236,189,-1,-1,-1,-1
85,1,871,217,569,335,-1,-1,-1,-1
85,2,513,9,1403,467,-1,-1,-1,-1
85,3,289,286,237,189,-1,-1,-1,-1
86,1,872,218,568,334,-1,-1,-1,-1
86,2,512,9,1405,466,-1,-1,-1,-1
86,3,290,286,230,189,-1,-1,-1,-1
87,1,872,218,567,334,-1,-1,-1,-1
87,2,512,8,1404,468,-1,-1,-1,-1
87,3,289,286,238,189,-1,-1,-1,-1
88,1,872,218,567,334,-1,-1,-1,-1
88,2,512,9,1405,466,-1,-1,-1,-1
88,3,290,287,236,188,-1,-1,-1,-1
89,1,871,218,569,333,-1,-1,-1,-1
89,2,512,10,1404,466,-1,-1,-1,-1
89,3,289,286,238,190,-1,-1,-1,-1
90,1,868,216,573,331,-1,-1,-1,-1
90,2,511,10,1405,466,-1,-1,-1,-1
90,3,289,286,238,189,-1,-1,-1,-1
91,1,869,216,571,331,-1,-1,-1,-1
91,2,511,10,1404,466,-1,-1,-1,-1
91,3,290,287,237,187,-1,-1,-1,-1
92,1,868,215,572,332,-1,-1,-1,-1
92,2,511,10,1405,465,-1,-1,-1,-1
92,3,290,286,231,188,-1,-1,-1,-1
93,1,868,215,573,332,-1,-1,-1,-1
93,2,513,10,1402,466,-1,-1,-1,-1
93,3,289,286,238,189,-1,-1,-1,-1
94,1,868,215,574,332,-1,-1,-1,-1
94,2,512,10,1404,467,-1,-1,-1,-1
94,3,290,287,238,187,-1,-1,-1,-1
95,1,869,216,572,331,-1,-1,-1,-1
95,2,511,10,1406,467,-1,-1,-1,-1
95,3,290,287,238,187,-1,-1,-1,-1
96,1,869,215,572,332,-1,-1,-1,-1
96,2,511,10,1405,467,-1,-1,-1,-1
96,3,290,287,238,187,-1,-1,-1,-1
97,1,871,217,568,333,-1,-1,-1,-1
97,2,513,10,1402,467,-1,-1,-1,-1
97,3,290,287,238,187,-1,-1,-1,-1
98,1,870,218,570,333,-1,-1,-1,-1
98,2,513,10,1404,467,-1,-1,-1,-1
98,3,289,286,239,188,-1,-1,-1,-1
99,1,872,219,567,332,-1,-1,-1,-1
99,2,513,10,1403,467,-1,-1,-1,-1
99,3,290,287,237,186,-1,-1,-1,-1
100,1,869,218,573,329,-1,-1,-1,-1
100,2,512,9,1404,467,-1,-1,-1,-1
100,3,290,287,237,186,-1,-1,-1,-1
101,1,869,219,573,327,-1,-1,-1,-1
101,2,510,8,1407,467,-1,-1,-1,-1
101,3,289,287,240,187,-1,-1,-1,-1
102,1,869,219,573,327,-1,-1,-1,-1
102,2,511,8,1405,467,-1,-1,-1,-1
102,3,289,287,239,186,-1,-1,-1,-1
103,1,869,219,573,327,-1,-1,-1,-1
103,2,511,8,1405,468,-1,-1,-1,-1
103,3,289,287,238,185,-1,-1,-1,-1
104,1,868,219,575,327,-1,-1,-1,-1
104,2,513,8,1404,469,-1,-1,-1,-1
104,3,289,287,238,185,-1,-1,-1,-1
105,1,869,220,573,326,-1,-1,-1,-1
105,2,517,7,1401,469,-1,-1,-1,-1
105,3,288,287,240,185,-1,-1,-1,-1
106,1,869,220,573,326,-1,-1,-1,-1
106,2,513,8,1405,468,-1,-1,-1,-1
106,3,288,287,241,186,-1,-1,-1,-1
107,1,869,220,573,326,-1,-1,-1,-1
107,2,515,8,1402,469,-1,-1,-1,-1
107,3,290,288,238,186,-1,-1,-1,-1
108,1,869,220,574,326,-1,-1,-1,-1
108,2,513,8,1404,468,-1,-1,-1,-1
108,3,288,287,241,186,-1,-1,-1,-1
109,1,871,220,570,327,-1,-1,-1,-1
109,2,513,8,1404,468,-1,-1,-1,-1
109,3,290,287,237,186,-1,-1,-1,-1
110,1,870,221,572,326,-1,-1,-1,-1
110,2,512,9,1404,467,-1,-1,-1,-1
110,3,289,286,239,188,-1,-1,-1,-1
111,1,870,221,572,325,-1,-1,-1,-1
111,2,513,9,1402,467,-1,-1,-1,-1
111,3,289,286,239,188,-1,-1,-1,-1
112,1,870,221,572,325,-1,-1,-1,-1
112,2,512,10,1406,465,-1,-1,-1,-1
112,3,289,286,239,188,-1,-1,-1,-1
113,1,870,221,571,325,-1,-1,-1,-1
113,2,511,12,1408,464,-1,-1,-1,-1
113,3,289,286,239,188,-1,-1,-1,-1
114,1,870,221,573,325,-1,-1,-1,-1
114,2,516,13,1403,463,-1,-1,-1,-1
114,3,289,286,239,188,-1,-1,-1,-1
115,1,872,220,569,328,-1,-1,-1,-1
115,2,520,16,1399,458,-1,-1,-1,-1
115,3,289,286,239,188,-1,-1,-1,-1
116,1,872,220,568,329,-1,-1,-1,-1
116,2,517,14,1402,461,-1,-1,-1,-1
116,3,289,286,239,188,-1,-1,-1,-1
117,1,869,220,573,326,-1,-1,-1,-1
117,2,514,14,1405,461,-1,-1,-1,-1
117,3,289,286,237,187,-1,-1,-1,-1
118,1,870,221,572,324,-1,-1,-1,-1
118,2,512,13,1407,463,-1,-1,-1,-1
118,3,288,285,239,189,-1,-1,-1,-1
119,1,870,222,572,323,-1,-1,-1,-1
119,2,513,10,1404,466,-1,-1,-1,-1
119,3,289,286,239,188,-1,-1,-1,-1
120,1,871,222,570,322,-1,-1,-1,-1
120,2,514,10,1404,466,-1,-1,-1,-1
120,3,289,287,239,187,-1,-1,-1,-1
121,1,871,222,570,323,-1,-1,-1,-1
121,2,516,11,1403,465,-1,-1,-1,-1
121,3,290,287,239,186,-1,-1,-1,-1
122,1,870,222,571,323,-1,-1,-1,-1
122,2,518,11,1401,465,-1,-1,-1,-1
122,3,290,287,239,186,-1,-1,-1,-1
123,1,870,221,571,324,-1,-1,-1,-1
123,2,516,11,1403,466,-1,-1,-1,-1
123,3,290,287,239,186,-1,-1,-1,-1
124,1,869,222,573,324,-1,-1,-1,-1
124,2,514,9,1402,469,-1,-1,-1,-1
124,3,290,287,238,187,-1,-1,-1,-1
125,1,870,222,572,323,-1,-1,-1,-1
125,2,513,9,1404,468,-1,-1,-1,-1
125,3,289,286,240,189,-1,-1,-1,-1
126,1,870,222,572,323,-1,-1,-1,-1
126,2,513,9,1404,468,-1,-1,-1,-1
126,3,289,286,239,188,-1,-1,-1,-1
127,1,870,222,573,324,-1,-1,-1,-1
127,2,510,9,1407,468,-1,-1,-1,-1
127,3,289,287,239,186,-1,-1,-1,-1
128,1,871,223,572,324,-1,-1,-1,-1
128,2,510,8,1408,468,-1,-1,-1,-1
128,3,290,287,237,187,-1,-1,-1,-1
129,1,871,223,572,324,-1,-1,-1,-1
129,2,511,8,1407,468,-1,-1,-1,-1
129,3,289,286,239,189,-1,-1,-1,-1
130,1,871,223,572,324,-1,-1,-1,-1
130,2,512,9,1406,467,-1,-1,-1,-1
130,3,289,286,240,188,-1,-1,-1,-1
131,1,870,222,574,324,-1,-1,-1,-1
131,2,514,10,1405,465,-1,-1,-1,-1
131,3,290,287,238,186,-1,-1,-1,-1
132,1,871,223,572,322,-1,-1,-1,-1
132,2,515,10,1402,466,-1,-1,-1,-1
132,3,289,287,240,186,-1,-1,-1,-1
133,1,870,223,573,323,-1,-1,-1,-1
133,2,514,10,1404,465,-1,-1,-1,-1
133,3,289,287,239,186,-1,-1,-1,-1
134,1,870,223,573,324,-1,-1,-1,-1
134,2,499,7,1416,469,-1,-1,-1,-1
134,3,289,287,239,187,-1,-1,-1,-1
135,1,871,224,571,323,-1,-1,-1,-1
135,2,503,6,1412,470,-1,-1,-1,-1
135,3,289,286,239,189,-1,-1,-1,-1
136,1,871,224,571,324,-1,-1,-1,-1
136,2,505,6,1410,471,-1,-1,-1,-1
136,3,288,286,240,189,-1,-1,-1,-1
137,1,870,224,573,324,-1,-1,-1,-1
137,2,504,5,1412,471,-1,-1,-1,-1
137,3,288,286,240,189,-1,-1,-1,-1
138,1,870,224,572,324,-1,-1,-1,-1
138,2,506,5,1411,471,-1,-1,-1,-1
138,3,288,286,240,189,-1,-1,-1,-1
139,1,870,223,573,324,-1,-1,-1,-1
139,2,506,6,1411,470,-1,-1,-1,-1
139,3,289,286,238,189,-1,-1,-1,-1
140,1,871,224,571,323,-1,-1,-1,-1
140,2,508,6,1410,470,-1,-1,-1,-1
140,3,289,286,239,189,-1,-1,-1,-1
141,1,870,224,573,324,-1,-1,-1,-1
141,2,506,6,1412,470,-1,-1,-1,-1
141,3,289,286,238,189,-1,-1,-1,-1
142,1,869,223,574,324,-1,-1,-1,-1
142,2,510,7,1409,469,-1,-1,-1,-1
142,3,290,287,238,188,-1,-1,-1,-1
143,1,870,224,572,323,-1,-1,-1,-1
143,2,511,7,1407,469,-1,-1,-1,-1
143,3,289,286,240,190,-1,-1,-1,-1
144,1,870,224,572,324,-1,-1,-1,-1
144,2,508,6,1408,471,-1,-1,-1,-1
144,3,289,286,239,190,-1,-1,-1,-1
145,1,870,224,573,324,-1,-1,-1,-1
145,2,509,5,1408,472,-1,-1,-1,-1
145,3,288,286,240,190,-1,-1,-1,-1
146,1,871,225,571,323,-1,-1,-1,-1
146,2,511,6,1408,471,-1,-1,-1,-1
146,3,288,287,240,189,-1,-1,-1,-1
147,1,871,225,571,323,-1,-1,-1,-1
147,2,511,5,1407,473,-1,-1,-1,-1
147,3,289,287,239,189,-1,-1,-1,-1
148,1,870,224,573,324,-1,-1,-1,-1
148,2,508,5,1410,472,-1,-1,-1,-1
148,3,288,287,241,190,-1,-1,-1,-1
149,1,870,225,572,323,-1,-1,-1,-1
149,2,509,5,1409,473,-1,-1,-1,-1
149,3,288,287,241,190,-1,-1,-1,-1
150,1,870,224,573,323,-1,-1,-1,-1
150,2,513,5,1405,473,-1,-1,-1,-1
150,3,288,288,241,189,-1,-1,-1,-1
151,1,870,225,572,322,-1,-1,-1,-1
151,2,514,4,1405,474,-1,-1,-1,-1
151,3,288,287,241,189,-1,-1,-1,-1
152,1,869,225,574,323,-1,-1,-1,-1
152,2,511,4,1407,475,-1,-1,-1,-1
152,3,289,288,239,187,-1,-1,-1,-1
153,1,871,225,571,322,-1,-1,-1,-1
153,2,514,3,1405,476,-1,-1,-1,-1
153,3,289,288,239,187,-1,-1,-1,-1
154,1,869,225,574,322,-1,-1,-1,-1
154,2,514,5,1405,473,-1,-1,-1,-1
154,3,289,288,239,187,-1,-1,-1,-1
155,1,870,225,571,322,-1,-1,-1,-1
155,2,518,6,1401,472,-1,-1,-1,-1
155,3,289,288,240,187,-1,-1,-1,-1
156,1,869,225,573,323,-1,-1,-1,-1
156,2,514,6,1404,473,-1,-1,-1,-1
156,3,289,288,239,187,-1,-1,-1,-1
157,1,870,225,571,322,-1,-1,-1,-1
157,2,519,6,1400,473,-1,-1,-1,-1
157,3,289,287,240,188,-1,-1,-1,-1
158,1,870,225,572,321,-1,-1,-1,-1
158,2,513,7,1406,470,-1,-1,-1,-1
158,3,289,288,240,187,-1,-1,-1,-1
159,1,869,226,573,321,-1,-1,-1,-1
159,2,509,5,1407,472,-1,-1,-1,-1
159,3,289,286,239,189,-1,-1,-1,-1
160,1,871,227,570,321,-1,-1,-1,-1
160,2,509,4,1407,472,-1,-1,-1,-1
160,3,288,286,240,190,-1,-1,-1,-1
161,1,871,227,570,321,-1,-1,-1,-1
161,2,509,4,1407,472,-1,-1,-1,-1
161,3,288,286,240,190,-1,-1,-1,-1
162,1,871,227,570,321,-1,-1,-1,-1
162,2,510,4,1406,472,-1,-1,-1,-1
162,3,289,287,238,189,-1,-1,-1,-1
163,1,871,227,570,321,-1,-1,-1,-1
163,2,509,5,1408,471,-1,-1,-1,-1
163,3,287,286,241,191,-1,-1,-1,-1
164,1,871,227,570,321,-1,-1,-1,-1
164,2,512,5,1405,472,-1,-1,-1,-1
164,3,288,286,239,191,-1,-1,-1,-1
165,1,870,227,572,321,-1,-1,-1,-1
165,2,511,6,1407,472,-1,-1,-1,-1
165,3,288,286,240,191,-1,-1,-1,-1
166,1,871,227,570,320,-1,-1,-1,-1
166,2,511,5,1407,472,-1,-1,-1,-1
166,3,287,286,241,191,-1,-1,-1,-1
167,1,872,227,569,321,-1,-1,-1,-1
167,2,512,5,1406,471,-1,-1,-1,-1
167,3,288,286,239,191,-1,-1,-1,-1
168,1,871,227,571,321,-1,-1,-1,-1
168,2,512,5,1405,471,-1,-1,-1,-1
168,3,288,286,240,191,-1,-1,-1,-1
169,1,871,227,571,320,-1,-1,-1,-1
169,2,512,5,1405,472,-1,-1,-1,-1
169,3,288,286,241,191,-1,-1,-1,-1
170,1,872,228,569,319,-1,-1,-1,-1
170,2,511,4,1406,473,-1,-1,-1,-1
170,3,288,286,241,190,-1,-1,-1,-1
171,1,872,227,570,320,-1,-1,-1,-1
171,2,510,5,1408,472,-1,-1,-1,-1
171,3,289,287,239,188,-1,-1,-1,-1
172,1,871,227,572,321,-1,-1,-1,-1
172,2,513,6,1404,472,-1,-1,-1,-1
172,3,289,287,239,188,-1,-1,-1,-1
173,1,870,227,573,320,-1,-1,-1,-1
173,2,511,5,1407,472,-1,-1,-1,-1
173,3,289,287,239,188,-1,-1,-1,-1
174,1,871,228,571,318,-1,-1,-1,-1
174,2,510,4,1407,473,-1,-1,-1,-1
174,3,289,287,239,188,-1,-1,-1,-1
175,1,871,227,571,319,-1,-1,-1,-1
175,2,509,4,1409,474,-1,-1,-1,-1
175,3,288,287,241,188,-1,-1,-1,-1
176,1,872,227,570,320,-1,-1,-1,-1
176,2,510,5,1408,472,-1,-1,-1,-1
176,3,288,287,242,188,-1,-1,-1,-1
177,1,871,226,572,322,-1,-1,-1,-1
177,2,513,5,1405,472,-1,-1,-1,-1
177,3,289,288,239,186,-1,-1,-1,-1
178,1,871,226,572,322,-1,-1,-1,-1
178,2,513,4,1405,472,-1,-1,-1,-1
178,3,289,288,239,187,-1,-1,-1,-1
179,1,870,226,573,322,-1,-1,-1,-1
179,2,520,5,1399,471,-1,-1,-1,-1
179,3,288,287,241,188,-1,-1,-1,-1
180,1,871,226,572,321,-1,-1,-1,-1
180,2,516,6,1403,470,-1,-1,-1,-1
180,3,290,288,238,186,-1,-1,-1,-1
181,1,872,226,570,320,-1,-1,-1,-1
181,2,514,6,1404,470,-1,-1,-1,-1
181,3,290,288,238,186,-1,-1,-1,-1
182,1,872,226,569,320,-1,-1,-1,-1
182,2,513,6,1404,470,-1,-1,-1,-1
182,3,290,288,238,186,-1,-1,-1,-1
183,1,871,227,571,320,-1,-1,-1,-1
183,2,512,6,1404,470,-1,-1,-1,-1
183,3,290,288,238,186,-1,-1,-1,-1
184,1,871,228,571,319,-1,-1,-1,-1
184,2,513,3,1402,472,-1,-1,-1,-1
184,3,288,286,233,190,-1,-1,-1,-1
185,1,872,229,569,318,-1,-1,-1,-1
185,2,515,2,1401,473,-1,-1,-1,-1
185,3,287,285,235,191,-1,-1,-1,-1
186,1,870,228,572,319,-1,-1,-1,-1
186,2,513,2,1404,473,-1,-1,-1,-1
186,3,288,286,233,190,-1,-1,-1,-1
187,1,870,229,572,318,-1,-1,-1,-1
187,2,514,2,1403,473,-1,-1,-1,-1
187,3,287,285,234,192,-1,-1,-1,-1
188,1,871,229,570,317,-1,-1,-1,-1
188,2,514,2,1403,473,-1,-1,-1,-1
188,3,287,285,234,192,-1,-1,-1,-1
189,1,871,229,570,317,-1,-1,-1,-1
189,2,515,3,1402,473,-1,-1,-1,-1
189,3,287,285,235,192,-1,-1,-1,-1
190,1,871,229,570,317,-1,-1,-1,-1
190,2,515,4,1402,472,-1,-1,-1,-1
190,3,287,285,235,192,-1,-1,-1,-1
191,1,871,229,570,317,-1,-1,-1,-1
191,2,515,3,1401,473,-1,-1,-1,-1
191,3,287,285,235,191,-1,-1,-1,-1
192,1,871,229,570,317,-1,-1,-1,-1
192,2,514,5,1404,471,-1,-1,-1,-1
192,3,288,286,238,189,-1,-1,-1,-1
193,1,871,229,570,317,-1,-1,-1,-1
193,2,515,6,1402,470,-1,-1,-1,-1
193,3,289,287,237,187,-1,-1,-1,-1
194,1,871,229,570,318,-1,-1,-1,-1
194,2,514,6,1401,471,-1,-1,-1,-1
194,3,288,286,232,189,-1,-1,-1,-1
195,1,870,229,572,319,-1,-1,-1,-1
195,2,513,5,1402,471,-1,-1,-1,-1
195,3,288,285,232,191,-1,-1,-1,-1
196,1,870,228,573,319,-1,-1,-1,-1
196,2,513,5,1402,471,-1,-1,-1,-1
196,3,288,286,238,190,-1,-1,-1,-1
197,1,870,229,572,318,-1,-1,-1,-1
197,2,517,5,1400,472,-1,-1,-1,-1
197,3,288,287,239,189,-1,-1,-1,-1
198,1,871,229,571,317,-1,-1,-1,-1
198,2,519,4,1399,474,-1,-1,-1,-1
198,3,289,287,237,188,-1,-1,-1,-1
199,1,871,229,571,317,-1,-1,-1,-1
199,2,518,4,1401,473,-1,-1,-1,-1
199,3,289,287,238,188,-1,-1,-1,-1
200,1,871,229,571,318,-1,-1,-1,-1
200,2,514,4,1403,474,-1,-1,-1,-1
200,3,288,287,239,188,-1,-1,-1,-1
201,1,871,228,571,319,-1,-1,-1,-1
201,2,514,5,1405,473,-1,-1,-1,-1
201,3,289,287,239,188,-1,-1,-1,-1
202,1,870,227,572,320,-1,-1,-1,-1
202,2,515,6,1404,471,-1,-1,-1,-1
202,3,289,287,239,188,-1,-1,-1,-1
203,1,871,228,571,319,-1,-1,-1,-1
203,2,515,6,1403,471,-1,-1,-1,-1
203,3,288,287,240,188,-1,-1,-1,-1
204,1,870,227,573,320,-1,-1,-1,-1
204,2,518,5,1400,472,-1,-1,-1,-1
204,3,289,287,239,188,-1,-1,-1,-1
205,1,870,227,573,319,-1,-1,-1,-1
205,2,519,7,1400,470,-1,-1,-1,-1
205,3,289,287,239,188,-1,-1,-1,-1
206,1,871,228,572,319,-1,-1,-1,-1
206,2,525,8,1394,469,-1,-1,-1,-1
206,3,288,287,240,189,-1,-1,-1,-1
207,1,871,229,570,318,-1,-1,-1,-1
207,2,523,6,1396,472,-1,-1,-1,-1
207,3,289,287,237,188,-1,-1,-1,-1
208,1,870,228,573,319,-1,-1,-1,-1
208,2,519,6,1400,471,-1,-1,-1,-1
208,3,289,286,237,190,-1,-1,-1,-1
209,1,871,229,571,318,-1,-1,-1,-1
209,2,507,3,1409,473,-1,-1,-1,-1
209,3,287,286,241,190,-1,-1,-1,-1
210,1,872,230,570,318,-1,-1,-1,-1
210,2,509,3,1408,472,-1,-1,-1,-1
210,3,287,287,242,189,-1,-1,-1,-1
211,1,872,230,570,318,-1,-1,-1,-1
211,2,508,3,1408,472,-1,-1,-1,-1
211,3,288,288,240,187,-1,-1,-1,-1
212,1,871,229,572,318,-1,-1,-1,-1
212,2,507,3,1408,472,-1,-1,-1,-1
212,3,289,288,239,187,-1,-1,-1,-1
213,1,872,230,570,316,-1,-1,-1,-1
213,2,509,3,1407,473,-1,-1,-1,-1
213,3,288,288,240,187,-1,-1,-1,-1
214,1,872,229,570,318,-1,-1,-1,-1
214,2,509,2,1408,473,-1,-1,-1,-1
214,3,289,288,239,187,-1,-1,-1,-1
215,1,871,228,572,320,-1,-1,-1,-1
215,2,509,2,1408,473,-1,-1,-1,-1
215,3,289,288,239,187,-1,-1,-1,-1
216,1,871,228,572,320,-1,-1,-1,-1
216,2,508,3,1409,472,-1,-1,-1,-1
216,3,289,288,239,187,-1,-1,-1,-1
217,1,871,228,572,320,-1,-1,-1,-1
217,2,506,3,1411,472,-1,-1,-1,-1
217,3,289,287,240,188,-1,-1,-1,-1
218,1,870,228,573,320,-1,-1,-1,-1
218,2,507,3,1409,472,-1,-1,-1,-1
218,3,288,287,241,189,-1,-1,-1,-1
219,1,870,228,573,320,-1,-1,-1,-1
219,2,507,3,1409,473,-1,-1,-1,-1
219,3,289,288,239,187,-1,-1,-1,-1
220,1,870,228,573,320,-1,-1,-1,-1
220,2,507,3,1410,474,-1,-1,-1,-1
220,3,289,288,240,187,-1,-1,-1,-1
221,1,870,228,573,320,-1,-1,-1,-1
221,2,508,4,1409,473,-1,-1,-1,-1
221,3,288,288,241,188,-1,-1,-1,-1
222,1,871,228,571,320,-1,-1,-1,-1
222,2,507,4,1410,473,-1,-1,-1,-1
222,3,289,288,240,187,-1,-1,-1,-1
223,1,870,228,572,320,-1,-1,-1,-1
223,2,510,3,1407,474,-1,-1,-1,-1
223,3,290,289,237,185,-1,-1,-1,-1
224,1,870,228,572,320,-1,-1,-1,-1
224,2,510,3,1408,473,-1,-1,-1,-1
224,3,290,289,237,185,-1,-1,-1,-1
225,1,870,228,572,320,-1,-1,-1,-1
225,2,510,4,1408,473,-1,-1,-1,-1
225,3,290,289,238,185,-1,-1,-1,-1
226,1,870,228,572,320,-1,-1,-1,-1
226,2,513,3,1405,474,-1,-1,-1,-1
226,3,289,289,239,186,-1,-1,-1,-1
227,1,870,228,573,320,-1,-1,-1,-1
227,2,511,4,1407,474,-1,-1,-1,-1
227,3,289,288,239,187,-1,-1,-1,-1
228,1,870,229,573,319,-1,-1,-1,-1
228,2,512,4,1406,474,-1,-1,-1,-1
228,3,288,288,240,187,-1,-1,-1,-1
229,1,871,229,571,318,-1,-1,-1,-1
229,2,510,4,1408,473,-1,-1,-1,-1
229,3,288,289,240,185,-1,-1,-1,-1
230,1,870,229,573,319,-1,-1,-1,-1
230,2,513,4,1405,473,-1,-1,-1,-1
230,3,289,289,239,185,-1,-1,-1,-1
231,1,871,230,571,317,-1,-1,-1,-1
231,2,512,5,1406,472,-1,-1,-1,-1
231,3,289,289,239,185,-1,-1,-1,-1
232,1,871,230,571,317,-1,-1,-1,-1
232,2,512,4,1405,473,-1,-1,-1,-1
232,3,289,289,239,185,-1,-1,-1,-1
233,1,871,230,571,317,-1,-1,-1,-1
233,2,512,4,1405,472,-1,-1,-1,-1
233,3,289,289,239,185,-1,-1,-1,-1
234,1,873,229,565,321,-1,-1,-1,-1
234,2,514,4,1402,473,-1,-1,-1,-1
234,3,289,287,238,187,-1,-1,-1,-1
235,1,872,228,567,323,-1,-1,-1,-1
235,2,513,3,1404,473,-1,-1,-1,-1
235,3,288,286,240,189,-1,-1,-1,-1
236,1,873,228,566,323,-1,-1,-1,-1
236,2,512,4,1405,472,-1,-1,-1,-1
236,3,289,286,238,189,-1,-1,-1,-1
237,1,873,228,566,323,-1,-1,-1,-1
237,2,511,3,1406,472,-1,-1,-1,-1
237,3,290,287,238,188,-1,-1,-1,-1
238,1,873,228,565,323,-1,-1,-1,-1
238,2,512,3,1404,472,-1,-1,-1,-1
238,3,289,286,239,190,-1,-1,-1,-1
239,1,872,228,567,323,-1,-1,-1,-1
239,2,512,3,1406,472,-1,-1,-1,-1
239,3,288,286,241,189,-1,-1,-1,-1
240,1,872,228,567,323,-1,-1,-1,-1
240,2,509,4,1408,471,-1,-1,-1,-1
240,3,289,287,239,188,-1,-1,-1,-1
241,1,872,228,567,323,-1,-1,-1,-1
241,2,510,4,1406,472,-1,-1,-1,-1
241,3,289,286,240,190,-1,-1,-1,-1
242,1,872,228,567,323,-1,-1,-1,-1
242,2,509,3,1407,472,-1,-1,-1,-1
242,3,289,286,240,190,-1,-1,-1,-1
243,1,872,228,567,323,-1,-1,-1,-1
243,2,509,3,1407,473,-1,-1,-1,-1
243,3,289,286,240,190,-1,-1,-1,-1
244,1,873,228,566,323,-1,-1,-1,-1
244,2,508,4,1409,473,-1,-1,-1,-1
244,3,289,286,239,190,-1,-1,-1,-1
245,1,872,228,567,323,-1,-1,-1,-1
245,2,510,4,1407,472,-1,-1,-1,-1
245,3,289,286,239,190,-1,-1,-1,-1
246,1,872,228,567,323,-1,-1,-1,-1
246,2,509,5,1408,472,-1,-1,-1,-1
246,3,289,286,239,190,-1,-1,-1,-1
247,1,872,228,567,323,-1,-1,-1,-1
247,2,508,5,1408,472,-1,-1,-1,-1
247,3,289,286,239,190,-1,-1,-1,-1
248,1,873,228,566,323,-1,-1,-1,-1
248,2,509,5,1410,471,-1,-1,-1,-1
248,3,288,286,240,190,-1,-1,-1,-1
249,1,873,228,566,323,-1,-1,-1,-1
249,2,509,6,1408,471,-1,-1,-1,-1
249,3,288,286,240,190,-1,-1,-1,-1
250,1,872,228,567,323,-1,-1,-1,-1
250,2,511,6,1407,471,-1,-1,-1,-1
250,3,288,287,240,189,-1,-1,-1,-1
251,1,873,228,566,322,-1,-1,-1,-1
251,2,512,6,1405,471,-1,-1,-1,-1
251,3,289,288,238,187,-1,-1,-1,-1
252,1,873,228,566,322,-1,-1,-1,-1
252,2,511,5,1406,472,-1,-1,-1,-1
252,3,289,288,238,187,-1,-1,-1,-1
253,1,873,229,566,322,-1,-1,-1,-1
253,2,515,5,1403,472,-1,-1,-1,-1
253,3,289,288,238,187,-1,-1,-1,-1
254,1,873,229,566,322,-1,-1,-1,-1
254,2,515,5,1404,472,-1,-1,-1,-1
254,3,289,288,238,187,-1,-1,-1,-1
255,1,873,229,566,322,-1,-1,-1,-1
255,2,519,5,1400,472,-1,-1,-1,-1
255,3,289,288,238,187,-1,-1,-1,-1
256,1,874,229,564,321,-1,-1,-1,-1
256,2,521,5,1398,473,-1,-1,-1,-1
256,3,288,288,240,188,-1,-1,-1,-1
257,1,873,228,566,323,-1,-1,-1,-1
257,2,514,5,1405,472,-1,-1,-1,-1
257,3,289,289,238,186,-1,-1,-1,-1
258,1,870,229,571,318,-1,-1,-1,-1
258,2,515,6,1404,472,-1,-1,-1,-1
258,3,289,288,238,187,-1,-1,-1,-1
259,1,873,229,565,321,-1,-1,-1,-1
259,2,515,6,1404,470,-1,-1,-1,-1
259,3,288,286,235,189,-1,-1,-1,-1
260,1,873,228,567,323,-1,-1,-1,-1
260,2,514,6,1405,469,-1,-1,-1,-1
260,3,287,285,237,191,-1,-1,-1,-1
261,1,873,228,567,323,-1,-1,-1,-1
261,2,517,7,1401,468,-1,-1,-1,-1
261,3,288,285,235,191,-1,-1,-1,-1
262,1,873,228,567,323,-1,-1,-1,-1
262,2,515,7,1402,468,-1,-1,-1,-1
262,3,288,285,235,190,-1,-1,-1,-1
263,1,870,228,572,319,-1,-1,-1,-1
263,2,514,7,1403,468,-1,-1,-1,-1
263,3,288,285,235,189,-1,-1,-1,-1
264,1,870,229,572,317,-1,-1,-1,-1
264,2,514,5,1403,471,-1,-1,-1,-1
264,3,288,285,235,189,-1,-1,-1,-1
265,1,871,229,570,316,-1,-1,-1,-1
265,2,514,5,1404,470,-1,-1,-1,-1
265,3,289,285,234,189,-1,-1,-1,-1
266,1,870,229,572,316,-1,-1,-1,-1
266,2,514,5,1403,470,-1,-1,-1,-1
266,3,289,287,240,188,-1,-1,-1,-1
267,1,871,229,570,317,-1,-1,-1,-1
267,2,514,5,1404,470,-1,-1,-1,-1
267,3,290,288,238,186,-1,-1,-1,-1
268,1,870,229,572,317,-1,-1,-1,-1
268,2,510,4,1406,472,-1,-1,-1,-1
268,3,290,287,237,187,-1,-1,-1,-1
269,1,871,229,570,316,-1,-1,-1,-1
269,2,509,3,1408,472,-1,-1,-1,-1
269,3,289,287,239,188,-1,-1,-1,-1
270,1,871,229,570,316,-1,-1,-1,-1
270,2,510,3,1408,472,-1,-1,-1,-1
270,3,290,288,237,186,-1,-1,-1,-1
271,1,871,229,571,316,-1,-1,-1,-1
271,2,507,3,1411,472,-1,-1,-1,-1
271,3,290,287,236,187,-1,-1,-1,-1
272,1,871,229,571,317,-1,-1,-1,-1
272,2,509,3,1408,472,-1,-1,-1,-1
272,3,289,287,238,188,-1,-1,-1,-1
273,1,870,228,573,318,-1,-1,-1,-1
273,2,509,3,1408,473,-1,-1,-1,-1
273,3,290,288,236,186,-1,-1,-1,-1
274,1,872,229,570,317,-1,-1,-1,-1
274,2,507,4,1411,472,-1,-1,-1,-1
274,3,289,288,237,186,-1,-1,-1,-1
275,1,872,228,570,318,-1,-1,-1,-1
275,2,509,4,1408,473,-1,-1,-1,-1
275,3,290,288,236,186,-1,-1,-1,-1
276,1,871,229,572,318,-1,-1,-1,-1
276,2,507,3,1411,474,-1,-1,-1,-1
276,3,289,288,238,186,-1,-1,-1,-1
277,1,871,230,572,317,-1,-1,-1,-1
277,2,507,4,1411,473,-1,-1,-1,-1
277,3,289,288,239,186,-1,-1,-1,-1
278,1,871,230,572,316,-1,-1,-1,-1
278,2,509,4,1408,474,-1,-1,-1,-1
278,3,290,288,238,187,-1,-1,-1,-1
279,1,870,230,573,317,-1,-1,-1,-1
279,2,507,4,1411,474,-1,-1,-1,-1
279,3,289,287,239,188,-1,-1,-1,-1
280,1,871,229,572,317,-1,-1,-1,-1
280,2,508,4,1410,474,-1,-1,-1,-1
280,3,290,288,238,187,-1,-1,-1,-1
281,1,871,228,573,318,-1,-1,-1,-1
281,2,506,4,1412,474,-1,-1,-1,-1
281,3,290,287,238,189,-1,-1,-1,-1
282,1,871,229,573,318,-1,-1,-1,-1
282,2,507,4,1411,473,-1,-1,-1,-1
282,3,289,287,239,189,-1,-1,-1,-1
283,1,871,230,572,317,-1,-1,-1,-1
283,2,508,4,1408,473,-1,-1,-1,-1
283,3,289,287,239,188,-1,-1,-1,-1
284,1,872,231,570,318,-1,-1,-1,-1
284,2,513,3,1404,473,-1,-1,-1,-1
284,3,290,287,235,187,-1,-1,-1,-1
285,1,871,231,572,318,-1,-1,-1,-1
285,2,514,2,1404,473,-1,-1,-1,-1
285,3,288,287,239,188,-1,-1,-1,-1
286,1,872,232,570,317,-1,-1,-1,-1
286,2,513,2,1404,474,-1,-1,-1,-1
286,3,290,287,236,187,-1,-1,-1,-1
287,1,872,232,570,317,-1,-1,-1,-1
287,2,511,2,1407,474,-1,-1,-1,-1
287,3,289,287,238,188,-1,-1,-1,-1
288,1,872,232,570,317,-1,-1,-1,-1
288,2,513,3,1406,473,-1,-1,-1,-1
288,3,289,288,238,186,-1,-1,-1,-1
289,1,875,232,564,318,-1,-1,-1,-1
289,2,514,4,1404,473,-1,-1,-1,-1
289,3,289,288,238,186,-1,-1,-1,-1
290,1,875,233,565,318,-1,-1,-1,-1
290,2,515,3,1403,474,-1,-1,-1,-1
290,3,290,287,238,187,-1,-1,-1,-1
291,1,874,233,566,318,-1,-1,-1,-1
291,2,514,2,1404,474,-1,-1,-1,-1
291,3,289,286,240,189,-1,-1,-1,-1
292,1,876,232,563,319,-1,-1,-1,-1
292,2,514,3,1404,473,-1,-1,-1,-1
292,3,289,286,240,189,-1,-1,-1,-1
293,1,871,231,572,318,-1,-1,-1,-1
293,2,516,3,1402,472,-1,-1,-1,-1
293,3,289,287,240,188,-1,-1,-1,-1
294,1,875,232,564,318,-1,-1,-1,-1
294,2,515,3,1403,473,-1,-1,-1,-1
294,3,290,288,238,186,-1,-1,-1,-1
295,1,874,232,566,319,-1,-1,-1,-1
295,2,517,4,1402,472,-1,-1,-1,-1
295,3,290,288,238,186,-1,-1,-1,-1
296,1,873,232,567,319,-1,-1,-1,-1
296,2,524,6,1395,470,-1,-1,-1,-1
296,3,289,288,239,187,-1,-1,-1,-1
297,1,873,231,567,319,-1,-1,-1,-1
297,2,525,8,1394,468,-1,-1,-1,-1
297,3,288,287,241,189,-1,-1,-1,-1
298,1,874,232,565,318,-1,-1,-1,-1
298,2,525,8,1394,469,-1,-1,-1,-1
298,3,289,287,239,189,-1,-1,-1,-1
299,1,871,232,572,316,-1,-1,-1,-1
299,2,519,6,1400,471,-1,-1,-1,-1
299,3,289,287,239,188,-1,-1,-1,-1
300,1,871,232,572,315,-1,-1,-1,-1
300,2,515,6,1404,471,-1,-1,-1,-1
300,3,290,288,237,186,-1,-1,-1,-1
301,1,872,233,570,313,-1,-1,-1,-1
301,2,512,3,1406,475,-1,-1,-1,-1
301,3,289,288,238,187,-1,-1,-1,-1
302,1,872,233,570,314,-1,-1,-1,-1
302,2,510,2,1409,476,-1,-1,-1,-1
302,3,288,287,240,189,-1,-1,-1,-1
303,1,871,233,572,315,-1,-1,-1,-1
303,2,510,2,1408,475,-1,-1,-1,-1
303,3,288,287,241,189,-1,-1,-1,-1
304,1,871,234,572,313,-1,-1,-1,-1
304,2,512,2,1406,476,-1,-1,-1,-1
304,3,289,287,239,189,-1,-1,-1,-1
305,1,874,234,565,315,-1,-1,-1,-1
305,2,510,2,1408,475,-1,-1,-1,-1
305,3,288,287,240,189,-1,-1,-1,-1
306,1,874,234,565,316,-1,-1,-1,-1
306,2,509,2,1409,475,-1,-1,-1,-1
306,3,288,287,241,188,-1,-1,-1,-1
307,1,873,234,567,317,-1,-1,-1,-1
307,2,510,2,1408,475,-1,-1,-1,-1
307,3,289,288,239,186,-1,-1,-1,-1
308,1,873,234,566,316,-1,-1,-1,-1
308,2,509,2,1409,475,-1,-1,-1,-1
308,3,289,288,239,186,-1,-1,-1,-1
309,1,874,236,566,314,-1,-1,-1,-1
309,2,509,1,1408,476,-1,-1,-1,-1
309,3,289,287,239,187,-1,-1,-1,-1
310,1,875,237,564,312,-1,-1,-1,-1
310,2,506,0,1410,477,-1,-1,-1,-1
310,3,289,287,238,188,-1,-1,-1,-1
311,1,875,237,564,312,-1,-1,-1,-1
311,2,506,0,1412,477,-1,-1,-1,-1
311,3,287,286,242,190,-1,-1,-1,-1
312,1,874,238,566,312,-1,-1,-1,-1
312,2,506,0,1412,477,-1,-1,-1,-1
312,3,287,286,242,189,-1,-1,-1,-1
313,1,874,238,565,311,-1,-1,-1,-1
313,2,505,0,1412,477,-1,-1,-1,-1
313,3,289,287,238,188,-1,-1,-1,-1
314,1,874,238,566,312,-1,-1,-1,-1
314,2,506,1,1412,476,-1,-1,-1,-1
314,3,288,286,240,190,-1,-1,-1,-1
315,1,874,239,566,311,-1,-1,-1,-1
315,2,507,1,1411,476,-1,-1,-1,-1
315,3,288,286,240,190,-1,-1,-1,-1
316,1,875,240,565,310,-1,-1,-1,-1
316,2,507,0,1412,476,-1,-1,-1,-1
316,3,288,286,240,190,-1,-1,-1,-1
317,1,876,240,562,309,-1,-1,-1,-1
317,2,514,1,1405,475,-1,-1,-1,-1
317,3,287,286,241,190,-1,-1,-1,-1
318,1,875,240,564,310,-1,-1,-1,-1
318,2,511,1,1408,475,-1,-1,-1,-1
318,3,288,286,239,190,-1,-1,-1,-1
319,1,876,241,562,308,-1,-1,-1,-1
319,2,513,1,1406,475,-1,-1,-1,-1
319,3,287,286,241,190,-1,-1,-1,-1
320,1,876,241,562,308,-1,-1,-1,-1
320,2,512,1,1406,476,-1,-1,-1,-1
320,3,287,286,241,190,-1,-1,-1,-1
321,1,875,240,563,309,-1,-1,-1,-1
321,2,513,1,1406,475,-1,-1,-1,-1
321,3,288,286,239,189,-1,-1,-1,-1
322,1,875,240,563,309,-1,-1,-1,-1
322,2,512,1,1407,476,-1,-1,-1,-1
322,3,288,286,239,189,-1,-1,-1,-1
323,1,876,240,562,309,-1,-1,-1,-1
323,2,512,2,1407,475,-1,-1,-1,-1
323,3,289,287,238,188,-1,-1,-1,-1
324,1,876,239,562,310,-1,-1,-1,-1
324,2,514,3,1405,475,-1,-1,-1,-1
324,3,288,286,240,189,-1,-1,-1,-1
325,1,876,239,563,311,-1,-1,-1,-1
325,2,512,3,1407,474,-1,-1,-1,-1
325,3,289,287,238,187,-1,-1,-1,-1
326,1,874,239,565,311,-1,-1,-1,-1
326,2,515,3,1404,475,-1,-1,-1,-1
326,3,289,287,238,187,-1,-1,-1,-1
327,1,875,240,564,310,-1,-1,-1,-1
327,2,513,2,1406,476,-1,-1,-1,-1
327,3,289,287,238,187,-1,-1,-1,-1
328,1,875,241,564,309,-1,-1,-1,-1
328,2,512,1,1407,477,-1,-1,-1,-1
328,3,289,287,238,187,-1,-1,-1,-1
329,1,876,242,562,307,-1,-1,-1,-1
329,2,511,1,1407,478,-1,-1,-1,-1
329,3,288,287,240,188,-1,-1,-1,-1
330,1,875,242,564,307,-1,-1,-1,-1
330,2,511,1,1408,477,-1,-1,-1,-1
330,3,289,287,238,187,-1,-1,-1,-1
331,1,876,242,562,306,-1,-1,-1,-1
331,2,511,1,1408,476,-1,-1,-1,-1
331,3,288,287,239,188,-1,-1,-1,-1
332,1,877,242,561,306,-1,-1,-1,-1
332,2,512,1,1407,476,-1,-1,-1,-1
332,3,288,288,239,186,-1,-1,-1,-1
333,1,876,242,562,306,-1,-1,-1,-1
333,2,511,1,1407,477,-1,-1,-1,-1
333,3,289,287,238,187,-1,-1,-1,-1
334,1,874,243,564,306,-1,-1,-1,-1
334,2,510,1,1409,476,-1,-1,-1,-1
334,3,289,286,238,187,-1,-1,-1,-1
335,1,874,244,565,306,-1,-1,-1,-1
335,2,511,1,1407,475,-1,-1,-1,-1
335,3,290,287,236,185,-1,-1,-1,-1
336,1,875,244,563,305,-1,-1,-1,-1
336,2,511,0,1407,476,-1,-1,-1,-1
336,3,290,287,237,186,-1,-1,-1,-1
337,1,875,244,563,305,-1,-1,-1,-1
337,2,510,1,1409,475,-1,-1,-1,-1
337,3,290,287,237,186,-1,-1,-1,-1
338,1,875,244,563,305,-1,-1,-1,-1
338,2,509,2,1409,474,-1,-1,-1,-1
338,3,289,286,238,187,-1,-1,-1,-1
339,1,874,244,565,305,-1,-1,-1,-1
339,2,511,1,1407,475,-1,-1,-1,-1
339,3,289,287,238,185,-1,-1,-1,-1
340,1,874,245,564,304,-1,-1,-1,-1
340,2,510,2,1409,474,-1,-1,-1,-1
340,3,289,286,233,187,-1,-1,-1,-1
341,1,875,246,562,302,-1,-1,-1,-1
341,2,512,0,1407,471,-1,-1,-1,-1
341,3,289,285,233,189,-1,-1,-1,-1
342,1,875,245,563,303,-1,-1,-1,-1
342,2,514,0,1405,470,-1,-1,-1,-1
342,3,289,286,239,187,-1,-1,-1,-1
343,1,874,245,564,304,-1,-1,-1,-1
343,2,513,0,1406,470,-1,-1,-1,-1
343,3,290,287,237,185,-1,-1,-1,-1
344,1,875,245,562,303,-1,-1,-1,-1
344,2,513,0,1406,471,-1,-1,-1,-1
344,3,290,287,237,185,-1,-1,-1,-1
345,1,874,245,563,304,-1,-1,-1,-1
345,2,514,0,1405,471,-1,-1,-1,-1
345,3,290,287,237,185,-1,-1,-1,-1
346,1,875,246,562,304,-1,-1,-1,-1
346,2,513,0,1406,471,-1,-1,-1,-1
346,3,290,287,237,185,-1,-1,-1,-1
347,1,875,245,562,304,-1,-1,-1,-1
347,2,511,0,1407,476,-1,-1,-1,-1
347,3,289,287,238,186,-1,-1,-1,-1
348,1,875,245,562,304,-1,-1,-1,-1
348,2,512,0,1407,471,-1,-1,-1,-1
348,3,289,286,233,187,-1,-1,-1,-1
349,1,874,245,564,304,-1,-1,-1,-1
349,2,511,0,1407,475,-1,-1,-1,-1
349,3,289,286,238,188,-1,-1,-1,-1
350,1,875,246,562,303,-1,-1,-1,-1
350,2,510,0,1409,472,-1,-1,-1,-1
350,3,289,287,239,187,-1,-1,-1,-1
351,1,875,247,562,303,-1,-1,-1,-1
351,2,511,0,1408,471,-1,-1,-1,-1
351,3,290,287,237,186,-1,-1,-1,-1
352,1,875,247,562,303,-1,-1,-1,-1
352,2,513,0,1406,471,-1,-1,-1,-1
352,3,289,287,239,187,-1,-1,-1,-1
353,1,875,247,562,303,-1,-1,-1,-1
353,2,512,0,1407,472,-1,-1,-1,-1
353,3,290,287,237,186,-1,-1,-1,-1
354,1,875,247,562,303,-1,-1,-1,-1
354,2,510,0,1409,472,-1,-1,-1,-1
354,3,289,286,239,188,-1,-1,-1,-1
355,1,874,247,564,302,-1,-1,-1,-1
355,2,511,0,1408,471,-1,-1,-1,-1
355,3,289,286,239,188,-1,-1,-1,-1
356,1,875,248,562,300,-1,-1,-1,-1
356,2,511,0,1408,471,-1,-1,-1,-1
356,3,289,286,239,188,-1,-1,-1,-1
357,1,875,248,562,300,-1,-1,-1,-1
357,2,510,0,1409,471,-1,-1,-1,-1
357,3,289,286,239,188,-1,-1,-1,-1
358,1,873,248,565,301,-1,-1,-1,-1
358,2,509,0,1410,471,-1,-1,-1,-1
358,3,289,286,239,188,-1,-1,-1,-1
359,1,875,249,563,299,-1,-1,-1,-1
359,2,507,0,1412,470,-1,-1,-1,-1
359,3,290,286,234,189,-1,-1,-1,-1
360,1,874,249,564,299,-1,-1,-1,-1
360,2,508,0,1411,471,-1,-1,-1,-1
360,3,290,286,235,190,-1,-1,-1,-1
361,1,874,249,565,299,-1,-1,-1,-1
361,2,508,0,1411,471,-1,-1,-1,-1
361,3,289,285,238,191,-1,-1,-1,-1
362,1,875,249,564,299,-1,-1,-1,-1
362,2,508,0,1411,471,-1,-1,-1,-1
362,3,289,285,238,191,-1,-1,-1,-1
363,1,875,249,563,299,-1,-1,-1,-1
363,2,507,0,1412,471,-1,-1,-1,-1
363,3,288,285,239,191,-1,-1,-1,-1
364,1,875,249,563,299,-1,-1,-1,-1
364,2,509,0,1410,470,-1,-1,-1,-1
364,3,288,286,240,190,-1,-1,-1,-1
365,1,875,249,563,299,-1,-1,-1,-1
365,2,508,0,1411,470,-1,-1,-1,-1
365,3,289,286,238,190,-1,-1,-1,-1
366,1,875,249,563,299,-1,-1,-1,-1
366,2,508,0,1411,470,-1,-1,-1,-1
366,3,288,286,239,190,-1,-1,-1,-1
367,1,875,249,563,299,-1,-1,-1,-1
367,2,508,0,1411,470,-1,-1,-1,-1
367,3,288,286,239,190,-1,-1,-1,-1
368,1,875,249,563,299,-1,-1,-1,-1
368,2,509,0,1410,470,-1,-1,-1,-1
368,3,288,286,239,190,-1,-1,-1,-1
369,1,875,248,562,300,-1,-1,-1,-1
369,2,509,0,1410,470,-1,-1,-1,-1
369,3,288,287,239,189,-1,-1,-1,-1
370,1,874,248,564,301,-1,-1,-1,-1
370,2,508,0,1411,470,-1,-1,-1,-1
370,3,288,286,234,190,-1,-1,-1,-1
371,1,874,249,563,299,-1,-1,-1,-1
371,2,508,0,1411,470,-1,-1,-1,-1
371,3,288,287,239,189,-1,-1,-1,-1
372,1,875,249,562,299,-1,-1,-1,-1
372,2,509,0,1410,470,-1,-1,-1,-1
372,3,289,288,238,188,-1,-1,-1,-1
373,1,875,249,562,299,-1,-1,-1,-1
373,2,509,0,1410,470,-1,-1,-1,-1
373,3,288,288,240,189,-1,-1,-1,-1
374,1,875,249,562,299,-1,-1,-1,-1
374,2,509,0,1410,470,-1,-1,-1,-1
374,3,288,287,240,189,-1,-1,-1,-1
375,1,874,248,564,300,-1,-1,-1,-1
375,2,509,0,1410,470,-1,-1,-1,-1
375,3,289,287,238,188,-1,-1,-1,-1
376,1,875,249,562,299,-1,-1,-1,-1
376,2,510,0,1409,471,-1,-1,-1,-1
376,3,288,287,240,189,-1,-1,-1,-1
377,1,876,250,561,298,-1,-1,-1,-1
377,2,509,0,1410,472,-1,-1,-1,-1
377,3,289,288,238,187,-1,-1,-1,-1
378,1,875,250,562,298,-1,-1,-1,-1
378,2,509,0,1410,472,-1,-1,-1,-1
378,3,289,288,238,187,-1,-1,-1,-1
379,1,875,250,562,298,-1,-1,-1,-1
379,2,510,0,1409,472,-1,-1,-1,-1
379,3,289,288,238,187,-1,-1,-1,-1
380,1,875,250,563,298,-1,-1,-1,-1
380,2,509,0,1410,472,-1,-1,-1,-1
380,3,289,288,238,188,-1,-1,-1,-1
381,1,873,250,566,299,-1,-1,-1,-1
381,2,508,0,1411,472,-1,-1,-1,-1
381,3,288,287,240,190,-1,-1,-1,-1
382,1,874,251,564,297,-1,-1,-1,-1
382,2,510,0,1409,472,-1,-1,-1,-1
382,3,288,287,240,190,-1,-1,-1,-1
383,1,873,251,566,298,-1,-1,-1,-1
383,2,510,0,1409,471,-1,-1,-1,-1
383,3,289,287,238,190,-1,-1,-1,-1
384,1,873,252,566,296,-1,-1,-1,-1
384,2,511,0,1408,470,-1,-1,-1,-1
384,3,287,286,237,189,-1,-1,-1,-1
385,1,873,252,566,296,-1,-1,-1,-1
385,2,513,0,1406,469,-1,-1,-1,-1
385,3,288,286,232,189,-1,-1,-1,-1
386,1,873,252,566,296,-1,-1,-1,-1
386,2,514,0,1405,469,-1,-1,-1,-1
386,3,287,285,237,190,-1,-1,-1,-1
387,1,873,252,566,296,-1,-1,-1,-1
387,2,514,0,1405,469,-1,-1,-1,-1
387,3,287,285,236,189,-1,-1,-1,-1
388,1,873,252,566,296,-1,-1,-1,-1
388,2,514,0,1405,470,-1,-1,-1,-1
388,3,289,285,232,189,-1,-1,-1,-1
389,1,873,252,566,296,-1,-1,-1,-1
389,2,514,0,1405,470,-1,-1,-1,-1
389,3,287,286,238,188,-1,-1,-1,-1
390,1,873,251,566,297,-1,-1,-1,-1
390,2,514,0,1405,469,-1,-1,-1,-1
390,3,289,287,236,187,-1,-1,-1,-1
391,1,874,250,565,298,-1,-1,-1,-1
391,2,513,0,1406,469,-1,-1,-1,-1
391,3,290,288,235,186,-1,-1,-1,-1
392,1,873,249,567,300,-1,-1,-1,-1
392,2,515,0,1404,470,-1,-1,-1,-1
392,3,290,288,235,187,-1,-1,-1,-1
393,1,872,251,568,298,-1,-1,-1,-1
393,2,515,0,1404,471,-1,-1,-1,-1
393,3,289,287,238,188,-1,-1,-1,-1
394,1,874,252,565,296,-1,-1,-1,-1
394,2,517,0,1402,470,-1,-1,-1,-1
394,3,288,286,240,190,-1,-1,-1,-1
395,1,874,252,565,296,-1,-1,-1,-1
395,2,518,0,1401,469,-1,-1,-1,-1
395,3,288,286,240,189,-1,-1,-1,-1
396,1,874,252,565,296,-1,-1,-1,-1
396,2,520,0,1399,470,-1,-1,-1,-1
396,3,288,287,241,188,-1,-1,-1,-1
397,1,873,252,567,297,-1,-1,-1,-1
397,2,522,0,1397,470,-1,-1,-1,-1
397,3,289,288,238,187,-1,-1,-1,-1
398,1,874,253,565,295,-1,-1,-1,-1
398,2,527,0,1392,469,-1,-1,-1,-1
398,3,289,288,238,188,-1,-1,-1,-1
399,1,873,253,566,295,-1,-1,-1,-1
399,2,526,0,1393,469,-1,-1,-1,-1
399,3,288,287,240,188,-1,-1,-1,-1
400,1,873,253,566,295,-1,-1,-1,-1
400,2,529,0,1390,469,-1,-1,-1,-1
400,3,289,287,238,188,-1,-1,-1,-1
401,1,874,252,564,296,-1,-1,-1,-1
401,2,527,0,1392,470,-1,-1,-1,-1
401,3,289,286,238,190,-1,-1,-1,-1
402,1,873,252,566,297,-1,-1,-1,-1
402,2,523,0,1396,471,-1,-1,-1,-1
402,3,289,286,238,190,-1,-1,-1,-1
403,1,873,253,566,296,-1,-1,-1,-1
403,2,525,0,1394,471,-1,-1,-1,-1
403,3,289,286,239,190,-1,-1,-1,-1
404,1,874,253,564,295,-1,-1,-1,-1
404,2,517,0,1402,471,-1,-1,-1,-1
404,3,289,286,238,190,-1,-1,-1,-1
405,1,874,253,564,295,-1,-1,-1,-1
405,2,523,0,1396,471,-1,-1,-1,-1
405,3,288,287,240,189,-1,-1,-1,-1
406,1,873,253,565,295,-1,-1,-1,-1
406,2,522,0,1397,471,-1,-1,-1,-1
406,3,289,288,238,187,-1,-1,-1,-1
407,1,873,253,566,296,-1,-1,-1,-1
407,2,526,0,1393,470,-1,-1,-1,-1
407,3,289,287,238,188,-1,-1,-1,-1
408,1,874,254,565,294,-1,-1,-1,-1
408,2,525,0,1394,469,-1,-1,-1,-1
408,3,288,287,240,189,-1,-1,-1,-1
409,1,873,256,566,293,-1,-1,-1,-1
409,2,510,0,1409,469,-1,-1,-1,-1
409,3,289,286,236,189,-1,-1,-1,-1
410,1,873,257,566,291,-1,-1,-1,-1
410,2,509,0,1410,469,-1,-1,-1,-1
410,3,287,286,241,190,-1,-1,-1,-1
411,1,874,257,564,290,-1,-1,-1,-1
411,2,510,0,1409,469,-1,-1,-1,-1
411,3,287,286,241,190,-1,-1,-1,-1
412,1,873,257,566,291,-1,-1,-1,-1
412,2,511,0,1408,469,-1,-1,-1,-1
412,3,288,286,239,190,-1,-1,-1,-1
413,1,874,257,564,290,-1,-1,-1,-1
413,2,512,0,1407,469,-1,-1,-1,-1
413,3,288,286,240,190,-1,-1,-1,-1
414,1,874,257,564,290,-1,-1,-1,-1
414,2,512,0,1407,469,-1,-1,-1,-1
414,3,289,287,237,189,-1,-1,-1,-1
415,1,874,257,564,290,-1,-1,-1,-1
415,2,511,0,1408,469,-1,-1,-1,-1
415,3,288,286,239,190,-1,-1,-1,-1
416,1,873,257,565,290,-1,-1,-1,-1
416,2,511,0,1408,469,-1,-1,-1,-1
416,3,288,286,239,190,-1,-1,-1,-1
417,1,874,257,564,290,-1,-1,-1,-1
417,2,510,0,1409,469,-1,-1,-1,-1
417,3,289,286,237,189,-1,-1,-1,-1
418,1,874,257,563,290,-1,-1,-1,-1
418,2,510,0,1409,469,-1,-1,-1,-1
418,3,288,285,239,191,-1,-1,-1,-1
419,1,874,257,563,290,-1,-1,-1,-1
419,2,510,0,1409,469,-1,-1,-1,-1
419,3,288,285,240,191,-1,-1,-1,-1
420,1,874,257,564,290,-1,-1,-1,-1
420,2,509,0,1410,469,-1,-1,-1,-1
420,3,288,285,240,191,-1,-1,-1,-1
421,1,873,257,565,291,-1,-1,-1,-1
421,2,510,0,1409,469,-1,-1,-1,-1
421,3,289,285,238,191,-1,-1,-1,-1
422,1,874,258,564,289,-1,-1,-1,-1
422,2,511,0,1408,470,-1,-1,-1,-1
422,3,289,285,239,190,-1,-1,-1,-1
423,1,874,258,564,289,-1,-1,-1,-1
423,2,510,0,1409,470,-1,-1,-1,-1
423,3,290,285,237,189,-1,-1,-1,-1
424,1,874,258,564,289,-1,-1,-1,-1
424,2,512,0,1407,470,-1,-1,-1,-1
424,3,290,285,237,189,-1,-1,-1,-1
425,1,874,258,564,289,-1,-1,-1,-1
425,2,510,0,1409,471,-1,-1,-1,-1
425,3,290,285,237,189,-1,-1,-1,-1
426,1,876,258,562,289,-1,-1,-1,-1
426,2,516,0,1403,471,-1,-1,-1,-1
426,3,288,286,240,189,-1,-1,-1,-1
427,1,876,258,562,290,-1,-1,-1,-1
427,2,513,0,1406,471,-1,-1,-1,-1
427,3,289,287,238,187,-1,-1,-1,-1
428,1,875,259,564,289,-1,-1,-1,-1
428,2,513,0,1406,471,-1,-1,-1,-1
428,3,289,287,238,187,-1,-1,-1,-1
429,1,875,259,563,288,-1,-1,-1,-1
429,2,513,0,1406,471,-1,-1,-1,-1
429,3,290,287,237,187,-1,-1,-1,-1
430,1,875,259,563,288,-1,-1,-1,-1
430,2,513,0,1406,471,-1,-1,-1,-1
430,3,290,287,237,187,-1,-1,-1,-1
431,1,875,259,563,288,-1,-1,-1,-1
431,2,512,0,1407,471,-1,-1,-1,-1
431,3,289,287,239,187,-1,-1,-1,-1
432,1,875,259,563,289,-1,-1,-1,-1
432,2,511,0,1408,471,-1,-1,-1,-1
432,3,288,286,240,188,-1,-1,-1,-1
433,1,874,259,565,289,-1,-1,-1,-1
433,2,511,0,1408,470,-1,-1,-1,-1
433,3,289,287,238,186,-1,-1,-1,-1
434,1,874,260,564,288,-1,-1,-1,-1
434,2,511,0,1408,469,-1,-1,-1,-1
434,3,288,286,233,190,-1,-1,-1,-1
435,1,875,261,563,287,-1,-1,-1,-1
435,2,515,0,1404,469,-1,-1,-1,-1
435,3,287,285,235,192,-1,-1,-1,-1
436,1,876,261,562,287,-1,-1,-1,-1
436,2,522,0,1397,469,-1,-1,-1,-1
436,3,287,285,235,192,-1,-1,-1,-1
437,1,875,261,563,287,-1,-1,-1,-1
437,2,522,0,1397,469,-1,-1,-1,-1
437,3,287,285,235,192,-1,-1,-1,-1
438,1,875,261,563,287,-1,-1,-1,-1
438,2,516,0,1403,469,-1,-1,-1,-1
438,3,288,285,233,192,-1,-1,-1,-1
439,1,875,261,563,287,-1,-1,-1,-1
439,2,514,0,1405,469,-1,-1,-1,-1
439,3,287,285,237,190,-1,-1,-1,-1
440,1,875,261,564,288,-1,-1,-1,-1
440,2,513,0,1406,469,-1,-1,-1,-1
440,3,289,286,231,189,-1,-1,-1,-1
441,1,876,262,562,286,-1,-1,-1,-1
441,2,514,0,1405,469,-1,-1,-1,-1
441,3,288,285,233,190,-1,-1,-1,-1
442,1,875,261,564,287,-1,-1,-1,-1
442,2,514,0,1405,469,-1,-1,-1,-1
442,3,288,285,234,189,-1,-1,-1,-1
443,1,877,262,561,286,-1,-1,-1,-1
443,2,514,0,1405,469,-1,-1,-1,-1
443,3,287,284,236,191,-1,-1,-1,-1
444,1,877,262,560,286,-1,-1,-1,-1
444,2,516,0,1403,468,-1,-1,-1,-1
444,3,287,284,237,191,-1,-1,-1,-1
445,1,876,262,562,287,-1,-1,-1,-1
445,2,513,0,1406,468,-1,-1,-1,-1
445,3,289,286,237,189,-1,-1,-1,-1
446,1,876,262,562,286,-1,-1,-1,-1
446,2,514,0,1405,468,-1,-1,-1,-1
446,3,289,286,238,188,-1,-1,-1,-1
447,1,877,263,561,285,-1,-1,-1,-1
447,2,516,0,1403,468,-1,-1,-1,-1
447,3,290,287,237,186,-1,-1,-1,-1
448,1,878,263,559,284,-1,-1,-1,-1
448,2,515,0,1404,468,-1,-1,-1,-1
448,3,290,287,237,186,-1,-1,-1,-1
449,1,877,263,562,285,-1,-1,-1,-1
449,2,517,0,1402,468,-1,-1,-1,-1
449,3,290,287,238,187,-1,-1,-1,-1
450,1,878,264,559,283,-1,-1,-1,-1
450,2,514,0,1405,468,-1,-1,-1,-1
450,3,290,287,238,187,-1,-1,-1,-1
451,1,875,264,563,284,-1,-1,-1,-1
451,2,511,0,1408,469,-1,-1,-1,-1
451,3,290,286,237,188,-1,-1,-1,-1
452,1,877,265,560,282,-1,-1,-1,-1
452,2,510,0,1409,470,-1,-1,-1,-1
452,3,290,285,238,190,-1,-1,-1,-1
453,1,877,265,560,282,-1,-1,-1,-1
453,2,512,0,1407,470,-1,-1,-1,-1
453,3,289,285,239,190,-1,-1,-1,-1
454,1,876,265,562,282,-1,-1,-1,-1
454,2,513,0,1406,469,-1,-1,-1,-1
454,3,289,286,239,189,-1,-1,-1,-1
455,1,876,265,562,282,-1,-1,-1,-1
455,2,519,0,1400,468,-1,-1,-1,-1
455,3,289,287,239,187,-1,-1,-1,-1
456,1,875,262,564,285,-1,-1,-1,-1
456,2,522,0,1397,468,-1,-1,-1,-1
456,3,290,287,238,187,-1,-1,-1,-1
457,1,874,262,566,286,-1,-1,-1,-1
457,2,518,0,1401,468,-1,-1,-1,-1
457,3,290,287,238,187,-1,-1,-1,-1
458,1,876,264,563,284,-1,-1,-1,-1
458,2,517,0,1402,468,-1,-1,-1,-1
458,3,290,287,237,187,-1,-1,-1,-1
459,1,875,263,565,284,-1,-1,-1,-1
459,2,514,0,1405,468,-1,-1,-1,-1
459,3,289,287,239,187,-1,-1,-1,-1
460,1,874,262,567,286,-1,-1,-1,-1
460,2,514,0,1405,468,-1,-1,-1,-1
460,3,289,287,238,187,-1,-1,-1,-1
461,1,874,262,567,286,-1,-1,-1,-1
461,2,514,0,1405,468,-1,-1,-1,-1
461,3,289,286,238,188,-1,-1,-1,-1
462,1,874,262,567,286,-1,-1,-1,-1
462,2,514,0,1405,468,-1,-1,-1,-1
462,3,288,286,240,189,-1,-1,-1,-1
463,1,874,262,567,286,-1,-1,-1,-1
463,2,513,0,1406,468,-1,-1,-1,-1
463,3,289,287,238,187,-1,-1,-1,-1
464,1,874,262,567,286,-1,-1,-1,-1
464,2,513,0,1406,468,-1,-1,-1,-1
464,3,289,287,238,187,-1,-1,-1,-1
465,1,874,263,567,285,-1,-1,-1,-1
465,2,514,0,1405,468,-1,-1,-1,-1
465,3,290,287,237,187,-1,-1,-1,-1
466,1,875,264,565,284,-1,-1,-1,-1
466,2,514,0,1405,468,-1,-1,-1,-1
466,3,289,287,239,187,-1,-1,-1,-1
467,1,875,264,565,284,-1,-1,-1,-1
467,2,514,0,1405,468,-1,-1,-1,-1
467,3,289,287,238,187,-1,-1,-1,-1
468,1,874,264,566,284,-1,-1,-1,-1
468,2,513,0,1406,468,-1,-1,-1,-1
468,3,289,287,238,187,-1,-1,-1,-1
469,1,873,263,568,285,-1,-1,-1,-1
469,2,513,0,1406,469,-1,-1,-1,-1
469,3,290,287,237,187,-1,-1,-1,-1
470,1,875,264,565,283,-1,-1,-1,-1
470,2,513,0,1406,469,-1,-1,-1,-1
470,3,289,287,239,187,-1,-1,-1,-1
471,1,875,264,565,283,-1,-1,-1,-1
471,2,514,0,1405,468,-1,-1,-1,-1
471,3,290,287,238,187,-1,-1,-1,-1
472,1,875,264,566,284,-1,-1,-1,-1
472,2,512,0,1407,469,-1,-1,-1,-1
472,3,289,287,239,187,-1,-1,-1,-1
473,1,875,264,564,283,-1,-1,-1,-1
473,2,512,0,1407,470,-1,-1,-1,-1
473,3,290,287,238,187,-1,-1,-1,-1
474,1,875,263,564,284,-1,-1,-1,-1
474,2,513,0,1406,470,-1,-1,-1,-1
474,3,289,287,239,187,-1,-1,-1,-1
475,1,874,264,566,284,-1,-1,-1,-1
475,2,519,0,1400,470,-1,-1,-1,-1
475,3,290,287,239,187,-1,-1,-1,-1
476,1,873,264,568,283,-1,-1,-1,-1
476,2,519,0,1400,470,-1,-1,-1,-1
476,3,289,287,239,187,-1,-1,-1,-1
477,1,875,265,565,282,-1,-1,-1,-1
477,2,519,0,1400,470,-1,-1,-1,-1
477,3,288,287,240,187,-1,-1,-1,-1
478,1,874,265,566,282,-1,-1,-1,-1
478,2,518,0,1401,470,-1,-1,-1,-1
478,3,289,287,239,187,-1,-1,-1,-1
479,1,874,265,567,283,-1,-1,-1,-1
479,2,518,0,1401,470,-1,-1,-1,-1
479,3,288,287,239,187,-1,-1,-1,-1
480,1,874,265,566,282,-1,-1,-1,-1
480,2,527,0,1392,470,-1,-1,-1,-1
480,3,288,287,239,187,-1,-1,-1,-1
481,1,874,265,566,282,-1,-1,-1,-1
481,2,523,0,1396,470,-1,-1,-1,-1
481,3,288,287,239,187,-1,-1,-1,-1
482,1,874,265,566,282,-1,-1,-1,-1
482,2,519,0,1400,471,-1,-1,-1,-1
482,3,288,286,240,188,-1,-1,-1,-1
483,1,873,265,568,283,-1,-1,-1,-1
483,2,517,0,1402,470,-1,-1,-1,-1
483,3,289,287,238,186,-1,-1,-1,-1
484,1,875,266,564,282,-1,-1,-1,-1
484,2,513,0,1406,470,-1,-1,-1,-1
484,3,289,287,239,187,-1,-1,-1,-1
485,1,874,267,565,282,-1,-1,-1,-1
485,2,512,0,1407,469,-1,-1,-1,-1
485,3,288,286,241,189,-1,-1,-1,-1
486,1,874,267,564,282,-1,-1,-1,-1
486,2,511,0,1408,469,-1,-1,-1,-1
486,3,288,286,240,188,-1,-1,-1,-1
487,1,873,266,567,282,-1,-1,-1,-1
487,2,512,0,1407,469,-1,-1,-1,-1
487,3,288,287,240,186,-1,-1,-1,-1
488,1,874,267,565,280,-1,-1,-1,-1
488,2,511,0,1408,469,-1,-1,-1,-1
488,3,289,287,239,186,-1,-1,-1,-1
489,1,873,271,566,278,-1,-1,-1,-1
489,2,512,0,1407,469,-1,-1,-1,-1
489,3,288,287,241,187,-1,-1,-1,-1
490,1,873,272,565,276,-1,-1,-1,-1
490,2,511,0,1408,470,-1,-1,-1,-1
490,3,289,288,239,185,-1,-1,-1,-1
491,1,873,271,565,277,-1,-1,-1,-1
491,2,511,0,1408,470,-1,-1,-1,-1
491,3,289,288,239,185,-1,-1,-1,-1
492,1,873,268,566,280,-1,-1,-1,-1
492,2,511,0,1408,470,-1,-1,-1,-1
492,3,289,288,240,186,-1,-1,-1,-1
493,1,872,271,567,278,-1,-1,-1,-1
493,2,511,0,1408,470,-1,-1,-1,-1
493,3,289,288,241,187,-1,-1,-1,-1
494,1,872,268,567,280,-1,-1,-1,-1
494,2,511,0,1408,470,-1,-1,-1,-1
494,3,289,287,240,187,-1,-1,-1,-1
495,1,871,267,570,282,-1,-1,-1,-1
495,2,511,0,1408,470,-1,-1,-1,-1
495,3,288,287,242,188,-1,-1,-1,-1
496,1,871,267,570,282,-1,-1,-1,-1
496,2,511,0,1408,470,-1,-1,-1,-1
496,3,289,288,241,187,-1,-1,-1,-1
497,1,872,267,569,282,-1,-1,-1,-1
497,2,511,0,1408,470,-1,-1,-1,-1
497,3,289,288,240,187,-1,-1,-1,-1
498,1,873,268,568,281,-1,-1,-1,-1
498,2,511,0,1408,470,-1,-1,-1,-1
498,3,289,288,240,187,-1,-1,-1,-1
499,1,874,269,566,280,-1,-1,-1,-1
499,2,511,0,1408,470,-1,-1,-1,-1
499,3,288,287,241,188,-1,-1,-1,-1
500,1,873,269,568,280,-1,-1,-1,-1
500,2,510,0,1409,470,-1,-1,-1,-1
500,3,289,288,239,187,-1,-1,-1,-1
501,1,873,269,568,279,-1,-1,-1,-1
501,2,511,0,1408,470,-1,-1,-1,-1
501,3,289,287,239,188,-1,-1,-1,-1
502,1,874,270,566,277,-1,-1,-1,-1
502,2,509,0,1410,471,-1,-1,-1,-1
502,3,288,286,241,190,-1,-1,-1,-1
503,1,875,270,565,277,-1,-1,-1,-1
503,2,510,0,1409,471,-1,-1,-1,-1
503,3,289,287,240,189,-1,-1,-1,-1
504,1,875,270,565,277,-1,-1,-1,-1
504,2,510,0,1409,470,-1,-1,-1,-1
504,3,290,287,238,189,-1,-1,-1,-1
505,1,874,269,566,278,-1,-1,-1,-1
505,2,511,0,1408,469,-1,-1,-1,-1
505,3,289,287,239,189,-1,-1,-1,-1
506,1,874,269,566,278,-1,-1,-1,-1
506,2,511,0,1408,469,-1,-1,-1,-1
506,3,289,287,239,189,-1,-1,-1,-1
507,1,873,269,568,279,-1,-1,-1,-1
507,2,511,0,1408,469,-1,-1,-1,-1
507,3,289,287,239,189,-1,-1,-1,-1
508,1,874,269,566,278,-1,-1,-1,-1
508,2,511,0,1408,469,-1,-1,-1,-1
508,3,289,287,239,189,-1,-1,-1,-1
509,1,872,269,569,279,-1,-1,-1,-1
509,2,515,0,1404,469,-1,-1,-1,-1
509,3,288,287,239,189,-1,-1,-1,-1
510,1,873,270,567,277,-1,-1,-1,-1
510,2,512,0,1407,468,-1,-1,-1,-1
510,3,288,287,239,188,-1,-1,-1,-1
511,1,873,270,567,277,-1,-1,-1,-1
511,2,513,0,1406,469,-1,-1,-1,-1
511,3,289,288,238,187,-1,-1,-1,-1
512,1,873,270,567,277,-1,-1,-1,-1
512,2,514,0,1405,469,-1,-1,-1,-1
512,3,289,287,238,189,-1,-1,-1,-1
513,1,872,270,569,278,-1,-1,-1,-1
513,2,513,0,1406,468,-1,-1,-1,-1
513,3,287,287,240,188,-1,-1,-1,-1
514,1,873,274,567,275,-1,-1,-1,-1
514,2,511,0,1408,469,-1,-1,-1,-1
514,3,289,288,238,187,-1,-1,-1,-1
515,1,875,275,564,273,-1,-1,-1,-1
515,2,510,0,1409,469,-1,-1,-1,-1
515,3,290,289,236,185,-1,-1,-1,-1
516,1,874,275,565,273,-1,-1,-1,-1
516,2,510,0,1409,469,-1,-1,-1,-1
516,3,289,289,237,185,-1,-1,-1,-1
517,1,874,276,566,273,-1,-1,-1,-1
517,2,509,0,1410,469,-1,-1,-1,-1
517,3,289,289,237,185,-1,-1,-1,-1
518,1,875,276,564,272,-1,-1,-1,-1
518,2,511,0,1408,468,-1,-1,-1,-1
518,3,290,288,236,186,-1,-1,-1,-1
519,1,874,276,566,272,-1,-1,-1,-1
519,2,513,0,1406,469,-1,-1,-1,-1
519,3,289,288,238,187,-1,-1,-1,-1
520,1,875,277,564,270,-1,-1,-1,-1
520,2,512,0,1407,469,-1,-1,-1,-1
520,3,290,289,236,185,-1,-1,-1,-1
521,1,874,277,566,271,-1,-1,-1,-1
521,2,511,0,1408,469,-1,-1,-1,-1
521,3,288,288,238,186,-1,-1,-1,-1
522,1,876,278,563,269,-1,-1,-1,-1
522,2,510,0,1409,470,-1,-1,-1,-1
522,3,289,288,237,186,-1,-1,-1,-1
522,4,736,231,294,219,-1,-1,-1,-1
523,1,875,278,563,269,-1,-1,-1,-1
523,2,511,0,1408,470,-1,-1,-1,-1
523,3,290,289,236,185,-1,-1,-1,-1
523,4,736,232,292,218,-1,-1,-1,-1
524,1,875,278,563,269,-1,-1,-1,-1
524,2,513,0,1406,470,-1,-1,-1,-1
524,3,289,289,237,185,-1,-1,-1,-1
524,4,737,233,291,217,-1,-1,-1,-1
525,1,875,278,563,269,-1,-1,-1,-1
525,2,512,0,1407,469,-1,-1,-1,-1
525,3,289,289,238,185,-1,-1,-1,-1
525,4,736,232,292,218,-1,-1,-1,-1
526,1,875,278,563,270,-1,-1,-1,-1
526,2,512,0,1407,469,-1,-1,-1,-1
526,3,290,289,237,185,-1,-1,-1,-1
526,4,736,233,291,217,-1,-1,-1,-1
527,1,875,278,563,270,-1,-1,-1,-1
527,2,512,0,1407,470,-1,-1,-1,-1
527,3,290,289,236,185,-1,-1,-1,-1
527,4,737,234,290,217,-1,-1,-1,-1
528,1,875,278,563,270,-1,-1,-1,-1
528,2,514,0,1405,470,-1,-1,-1,-1
528,3,289,289,237,185,-1,-1,-1,-1
528,4,737,234,291,217,-1,-1,-1,-1
529,1,875,278,564,270,-1,-1,-1,-1
529,2,514,0,1405,470,-1,-1,-1,-1
529,3,290,288,236,186,-1,-1,-1,-1
529,4,737,234,294,217,-1,-1,-1,-1
530,1,875,278,563,270,-1,-1,-1,-1
530,2,520,0,1399,470,-1,-1,-1,-1
530,3,289,287,238,188,-1,-1,-1,-1
530,4,738,234,292,217,-1,-1,-1,-1
531,1,874,278,565,271,-1,-1,-1,-1
531,2,518,0,1401,470,-1,-1,-1,-1
531,3,289,287,238,188,-1,-1,-1,-1
531,4,737,234,294,217,-1,-1,-1,-1
532,1,876,279,562,269,-1,-1,-1,-1
532,2,516,0,1403,470,-1,-1,-1,-1
532,3,289,287,238,188,-1,-1,-1,-1
532,4,737,234,295,217,-1,-1,-1,-1
533,1,875,279,564,270,-1,-1,-1,-1
533,2,514,0,1405,470,-1,-1,-1,-1
533,3,289,287,238,188,-1,-1,-1,-1
533,4,738,233,295,217,-1,-1,-1,-1
534,1,875,281,565,268,-1,-1,-1,-1
534,2,513,0,1406,468,-1,-1,-1,-1
534,3,289,286,232,191,-1,-1,-1,-1
534,4,736,231,298,217,-1,-1,-1,-1
535,1,876,281,563,267,-1,-1,-1,-1
535,2,517,0,1402,467,-1,-1,-1,-1
535,3,287,285,236,193,-1,-1,-1,-1
535,4,737,232,296,216,-1,-1,-1,-1
536,1,877,281,562,267,-1,-1,-1,-1
536,2,518,0,1401,467,-1,-1,-1,-1
536,3,287,285,236,193,-1,-1,-1,-1
536,4,736,231,299,217,-1,-1,-1,-1
537,1,876,281,564,268,-1,-1,-1,-1
537,2,520,0,1399,467,-1,-1,-1,-1
537,3,288,285,235,193,-1,-1,-1,-1
537,4,737,232,297,216,-1,-1,-1,-1
538,1,876,280,564,268,-1,-1,-1,-1
538,2,522,0,1397,467,-1,-1,-1,-1
538,3,288,285,235,192,-1,-1,-1,-1
538,4,736,232,299,217,-1,-1,-1,-1
539,1,876,280,564,269,-1,-1,-1,-1
539,2,523,0,1396,467,-1,-1,-1,-1
539,3,288,287,240,190,-1,-1,-1,-1
539,4,737,233,295,216,-1,-1,-1,-1
540,1,876,281,564,268,-1,-1,-1,-1
540,2,521,0,1398,467,-1,-1,-1,-1
540,3,289,288,239,189,-1,-1,-1,-1
540,4,737,233,295,216,-1,-1,-1,-1
541,1,877,282,562,266,-1,-1,-1,-1
541,2,521,0,1398,467,-1,-1,-1,-1
541,3,289,288,238,189,-1,-1,-1,-1
541,4,737,233,297,217,-1,-1,-1,-1
542,1,875,282,565,267,-1,-1,-1,-1
542,2,521,0,1398,467,-1,-1,-1,-1
542,3,289,288,239,189,-1,-1,-1,-1
542,4,737,233,297,217,-1,-1,-1,-1
543,1,876,283,563,265,-1,-1,-1,-1
543,2,522,0,1397,467,-1,-1,-1,-1
543,3,288,288,240,189,-1,-1,-1,-1
543,4,737,233,297,217,-1,-1,-1,-1
544,1,876,282,563,266,-1,-1,-1,-1
544,2,519,0,1400,467,-1,-1,-1,-1
544,3,289,288,240,189,-1,-1,-1,-1
544,4,737,233,296,217,-1,-1,-1,-1
545,1,875,282,565,267,-1,-1,-1,-1
545,2,520,0,1399,467,-1,-1,-1,-1
545,3,289,288,240,189,-1,-1,-1,-1
545,4,738,233,295,217,-1,-1,-1,-1
546,1,876,283,562,265,-1,-1,-1,-1
546,2,519,0,1400,468,-1,-1,-1,-1
546,3,289,288,240,189,-1,-1,-1,-1
546,4,738,232,295,217,-1,-1,-1,-1
547,1,875,282,565,266,-1,-1,-1,-1
547,2,522,0,1397,468,-1,-1,-1,-1
547,3,289,288,240,189,-1,-1,-1,-1
547,4,737,231,297,218,-1,-1,-1,-1
548,1,875,283,563,264,-1,-1,-1,-1
548,2,521,0,1398,468,-1,-1,-1,-1
548,3,288,287,241,189,-1,-1,-1,-1
548,4,737,231,299,219,-1,-1,-1,-1
549,1,876,283,562,265,-1,-1,-1,-1
549,2,520,0,1399,469,-1,-1,-1,-1
549,3,289,288,239,188,-1,-1,-1,-1
549,4,738,232,297,218,-1,-1,-1,-1
550,1,876,282,563,266,-1,-1,-1,-1
550,2,519,0,1400,469,-1,-1,-1,-1
550,3,289,288,239,189,-1,-1,-1,-1
550,4,737,231,299,220,-1,-1,-1,-1
551,1,875,282,565,267,-1,-1,-1,-1
551,2,513,0,1406,469,-1,-1,-1,-1
551,3,288,287,240,189,-1,-1,-1,-1
551,4,736,231,300,220,-1,-1,-1,-1
552,1,875,282,565,267,-1,-1,-1,-1
552,2,513,0,1406,469,-1,-1,-1,-1
552,3,289,288,238,187,-1,-1,-1,-1
552,4,736,232,299,219,-1,-1,-1,-1
553,1,876,283,563,265,-1,-1,-1,-1
553,2,515,0,1404,468,-1,-1,-1,-1
553,3,289,288,238,187,-1,-1,-1,-1
553,4,737,232,297,218,-1,-1,-1,-1
554,1,876,283,563,265,-1,-1,-1,-1
554,2,515,0,1404,467,-1,-1,-1,-1
554,3,289,288,238,187,-1,-1,-1,-1
554,4,736,232,299,219,-1,-1,-1,-1
555,1,876,283,563,265,-1,-1,-1,-1
555,2,516,0,1403,467,-1,-1,-1,-1
555,3,288,288,240,187,-1,-1,-1,-1
555,4,736,232,300,218,-1,-1,-1,-1
556,1,875,283,565,266,-1,-1,-1,-1
556,2,514,0,1405,467,-1,-1,-1,-1
556,3,289,288,239,187,-1,-1,-1,-1
556,4,736,231,300,218,-1,-1,-1,-1
557,1,876,284,563,264,-1,-1,-1,-1
557,2,519,0,1400,467,-1,-1,-1,-1
557,3,289,288,239,187,-1,-1,-1,-1
557,4,737,232,298,218,-1,-1,-1,-1
558,1,875,284,565,265,-1,-1,-1,-1
558,2,518,0,1401,467,-1,-1,-1,-1
558,3,288,287,240,188,-1,-1,-1,-1
558,4,736,232,299,219,-1,-1,-1,-1
559,1,874,285,565,264,-1,-1,-1,-1
559,2,516,0,1403,467,-1,-1,-1,-1
559,3,289,288,238,187,-1,-1,-1,-1
559,4,736,232,300,217,-1,-1,-1,-1
560,1,874,285,565,265,-1,-1,-1,-1
560,2,515,0,1404,467,-1,-1,-1,-1
560,3,289,288,238,187,-1,-1,-1,-1
560,4,737,232,297,217,-1,-1,-1,-1
561,1,874,285,565,265,-1,-1,-1,-1
561,2,515,0,1404,467,-1,-1,-1,-1
561,3,288,286,234,190,-1,-1,-1,-1
561,4,736,232,299,218,-1,-1,-1,-1
562,1,873,286,567,264,-1,-1,-1,-1
562,2,513,0,1406,467,-1,-1,-1,-1
562,3,288,286,240,190,-1,-1,-1,-1
562,4,736,232,298,217,-1,-1,-1,-1
563,1,874,285,564,264,-1,-1,-1,-1
563,2,515,0,1404,466,-1,-1,-1,-1
563,3,288,286,240,190,-1,-1,-1,-1
563,4,735,232,300,218,-1,-1,-1,-1
564,1,874,285,564,263,-1,-1,-1,-1
564,2,517,0,1402,466,-1,-1,-1,-1
564,3,288,287,241,189,-1,-1,-1,-1
564,4,736,232,298,218,-1,-1,-1,-1
565,1,874,285,564,263,-1,-1,-1,-1
565,2,518,0,1401,466,-1,-1,-1,-1
565,3,289,288,239,187,-1,-1,-1,-1
565,4,737,233,297,216,-1,-1,-1,-1
566,1,873,285,566,264,-1,-1,-1,-1
566,2,518,0,1401,467,-1,-1,-1,-1
566,3,289,287,239,188,-1,-1,-1,-1
566,4,737,233,297,216,-1,-1,-1,-1
567,1,874,286,564,262,-1,-1,-1,-1
567,2,519,0,1400,468,-1,-1,-1,-1
567,3,288,286,241,190,-1,-1,-1,-1
567,4,737,232,296,217,-1,-1,-1,-1
568,1,874,286,565,263,-1,-1,-1,-1
568,2,519,0,1400,468,-1,-1,-1,-1
568,3,289,286,238,190,-1,-1,-1,-1
568,4,736,231,298,218,-1,-1,-1,-1
569,1,874,286,564,262,-1,-1,-1,-1
569,2,518,0,1401,468,-1,-1,-1,-1
569,3,288,286,239,190,-1,-1,-1,-1
569,4,737,231,298,219,-1,-1,-1,-1
570,1,874,286,564,262,-1,-1,-1,-1
570,2,517,0,1402,468,-1,-1,-1,-1
570,3,288,286,239,190,-1,-1,-1,-1
570,4,737,231,299,219,-1,-1,-1,-1
571,1,873,286,565,263,-1,-1,-1,-1
571,2,516,0,1403,468,-1,-1,-1,-1
571,3,289,287,238,189,-1,-1,-1,-1
571,4,737,232,298,218,-1,-1,-1,-1
572,1,874,286,563,262,-1,-1,-1,-1
572,2,518,0,1401,468,-1,-1,-1,-1
572,3,288,287,239,190,-1,-1,-1,-1
572,4,737,233,297,217,-1,-1,-1,-1
573,1,874,286,563,262,-1,-1,-1,-1
573,2,516,0,1403,469,-1,-1,-1,-1
573,3,288,288,239,189,-1,-1,-1,-1
573,4,737,233,297,218,-1,-1,-1,-1
574,1,875,286,562,262,-1,-1,-1,-1
574,2,516,0,1403,469,-1,-1,-1,-1
574,3,289,287,237,189,-1,-1,-1,-1
574,4,737,232,297,218,-1,-1,-1,-1
575,1,874,286,564,262,-1,-1,-1,-1
575,2,515,0,1404,469,-1,-1,-1,-1
575,3,288,286,234,190,-1,-1,-1,-1
575,4,736,231,299,219,-1,-1,-1,-1
576,1,873,286,565,263,-1,-1,-1,-1
576,2,515,0,1404,469,-1,-1,-1,-1
576,3,288,286,239,190,-1,-1,-1,-1
576,4,736,233,298,217,-1,-1,-1,-1
577,1,875,286,563,262,-1,-1,-1,-1
577,2,519,0,1400,469,-1,-1,-1,-1
577,3,288,286,239,189,-1,-1,-1,-1
577,4,737,234,296,215,-1,-1,-1,-1
578,1,874,286,564,262,-1,-1,-1,-1
578,2,518,0,1401,469,-1,-1,-1,-1
578,3,289,287,239,188,-1,-1,-1,-1
578,4,737,234,296,215,-1,-1,-1,-1
579,1,874,286,564,263,-1,-1,-1,-1
579,2,517,0,1402,469,-1,-1,-1,-1
579,3,289,287,239,188,-1,-1,-1,-1
579,4,738,234,295,215,-1,-1,-1,-1
580,1,874,287,564,262,-1,-1,-1,-1
580,2,519,0,1400,469,-1,-1,-1,-1
580,3,288,286,239,189,-1,-1,-1,-1
580,4,737,234,297,215,-1,-1,-1,-1
581,1,875,288,563,260,-1,-1,-1,-1
581,2,526,0,1393,468,-1,-1,-1,-1
581,3,289,287,237,188,-1,-1,-1,-1
581,4,738,233,297,216,-1,-1,-1,-1
582,1,875,288,563,260,-1,-1,-1,-1
582,2,521,0,1398,467,-1,-1,-1,-1
582,3,288,286,239,189,-1,-1,-1,-1
582,4,738,233,297,216,-1,-1,-1,-1
583,1,874,289,564,260,-1,-1,-1,-1
583,2,518,0,1401,467,-1,-1,-1,-1
583,3,288,287,239,187,-1,-1,-1,-1
583,4,738,232,298,217,-1,-1,-1,-1
584,1,874,289,564,259,-1,-1,-1,-1
584,2,517,0,1402,467,-1,-1,-1,-1
584,3,289,286,237,190,-1,-1,-1,-1
584,4,737,233,297,217,-1,-1,-1,-1
585,1,874,289,564,259,-1,-1,-1,-1
585,2,515,0,1404,467,-1,-1,-1,-1
585,3,287,285,235,191,-1,-1,-1,-1
585,4,737,233,296,217,-1,-1,-1,-1
586,1,874,288,564,260,-1,-1,-1,-1
586,2,517,0,1402,467,-1,-1,-1,-1
586,3,286,284,236,193,-1,-1,-1,-1
586,4,736,232,298,218,-1,-1,-1,-1
587,1,873,288,566,261,-1,-1,-1,-1
587,2,517,0,1402,467,-1,-1,-1,-1
587,3,286,284,236,193,-1,-1,-1,-1
587,4,736,232,298,218,-1,-1,-1,-1
588,1,874,289,564,259,-1,-1,-1,-1
588,2,518,0,1401,466,-1,-1,-1,-1
588,3,286,284,236,192,-1,-1,-1,-1
588,4,736,232,297,217,-1,-1,-1,-1
589,1,875,290,563,257,-1,-1,-1,-1
589,2,521,0,1398,467,-1,-1,-1,-1
589,3,287,285,235,191,-1,-1,-1,-1
589,4,737,233,297,217,-1,-1,-1,-1
590,1,875,290,562,257,-1,-1,-1,-1
590,2,521,0,1398,467,-1,-1,-1,-1
590,3,286,284,237,193,-1,-1,-1,-1
590,4,738,233,295,217,-1,-1,-1,-1
591,1,873,290,565,258,-1,-1,-1,-1
591,2,518,0,1401,468,-1,-1,-1,-1
591,3,287,286,241,191,-1,-1,-1,-1
591,4,737,233,296,218,-1,-1,-1,-1
592,1,875,291,562,256,-1,-1,-1,-1
592,2,518,0,1401,468,-1,-1,-1,-1
592,3,288,286,239,190,-1,-1,-1,-1
592,4,737,234,296,217,-1,-1,-1,-1
593,1,875,291,563,257,-1,-1,-1,-1
593,2,517,0,1402,467,-1,-1,-1,-1
593,3,289,286,239,189,-1,-1,-1,-1
593,4,737,233,296,217,-1,-1,-1,-1
594,1,873,291,565,257,-1,-1,-1,-1
594,2,515,0,1404,467,-1,-1,-1,-1
594,3,289,286,239,189,-1,-1,-1,-1
594,4,737,233,298,217,-1,-1,-1,-1
595,1,874,291,563,256,-1,-1,-1,-1
595,2,514,0,1405,468,-1,-1,-1,-1
595,3,288,286,240,190,-1,-1,-1,-1
595,4,738,234,295,215,-1,-1,-1,-1
596,1,874,291,563,257,-1,-1,-1,-1
596,2,514,0,1405,468,-1,-1,-1,-1
596,3,289,287,238,188,-1,-1,-1,-1
596,4,738,234,296,215,-1,-1,-1,-1
597,1,874,292,563,256,-1,-1,-1,-1
597,2,515,0,1404,468,-1,-1,-1,-1
597,3,288,287,240,188,-1,-1,-1,-1
597,4,738,234,296,215,-1,-1,-1,-1
598,1,873,292,565,257,-1,-1,-1,-1
598,2,516,0,1403,468,-1,-1,-1,-1
598,3,288,287,239,188,-1,-1,-1,-1
598,4,738,234,296,215,-1,-1,-1,-1
599,1,874,292,563,256,-1,-1,-1,-1
599,2,516,0,1403,468,-1,-1,-1,-1
599,3,288,287,239,188,-1,-1,-1,-1
599,4,738,234,296,216,-1,-1,-1,-1
600,1,874,292,563,256,-1,-1,-1,-1
600,2,518,0,1401,468,-1,-1,-1,-1
600,3,289,287,238,188,-1,-1,-1,-1
600,4,738,234,297,216,-1,-1,-1,-1
601,1,874,292,563,256,-1,-1,-1,-1
601,2,516,0,1403,468,-1,-1,-1,-1
601,3,288,286,240,189,-1,-1,-1,-1
601,4,737,234,298,215,-1,-1,-1,-1
602,1,874,292,563,256,-1,-1,-1,-1
602,2,515,0,1404,468,-1,-1,-1,-1
602,3,289,286,238,188,-1,-1,-1,-1
602,4,737,234,298,215,-1,-1,-1,-1
603,1,874,292,563,256,-1,-1,-1,-1
603,2,515,0,1404,468,-1,-1,-1,-1
603,3,288,286,240,189,-1,-1,-1,-1
603,4,737,234,297,215,-1,-1,-1,-1
604,1,873,293,565,256,-1,-1,-1,-1
604,2,515,0,1404,468,-1,-1,-1,-1
604,3,289,287,239,188,-1,-1,-1,-1
604,4,737,234,297,215,-1,-1,-1,-1
605,1,874,292,564,255,-1,-1,-1,-1
605,2,515,0,1404,468,-1,-1,-1,-1
605,3,289,287,239,188,-1,-1,-1,-1
605,4,737,234,297,215,-1,-1,-1,-1
606,1,875,292,562,256,-1,-1,-1,-1
606,2,516,0,1403,468,-1,-1,-1,-1
606,3,289,287,238,188,-1,-1,-1,-1
606,4,736,234,300,216,-1,-1,-1,-1
607,1,874,292,564,257,-1,-1,-1,-1
607,2,516,0,1403,468,-1,-1,-1,-1
607,3,289,286,238,189,-1,-1,-1,-1
607,4,737,234,298,215,-1,-1,-1,-1
608,1,874,292,564,256,-1,-1,-1,-1
608,2,517,0,1402,468,-1,-1,-1,-1
608,3,288,286,240,190,-1,-1,-1,-1
608,4,737,234,298,215,-1,-1,-1,-1
609,1,876,292,564,255,-1,-1,-1,-1
609,2,524,0,1395,465,-1,-1,-1,-1
609,3,288,286,240,189,-1,-1,-1,-1
609,4,735,233,301,216,-1,-1,-1,-1
610,1,876,292,564,255,-1,-1,-1,-1
610,2,521,0,1398,464,-1,-1,-1,-1
610,3,287,285,235,190,-1,-1,-1,-1
610,4,736,233,300,216,-1,-1,-1,-1
611,1,876,292,564,255,-1,-1,-1,-1
611,2,522,0,1397,464,-1,-1,-1,-1
611,3,288,286,240,189,-1,-1,-1,-1
611,4,735,233,302,217,-1,-1,-1,-1
612,1,875,292,565,256,-1,-1,-1,-1
612,2,520,0,1399,464,-1,-1,-1,-1
612,3,287,285,235,190,-1,-1,-1,-1
612,4,735,233,302,217,-1,-1,-1,-1
613,1,875,292,565,256,-1,-1,-1,-1
613,2,518,0,1401,465,-1,-1,-1,-1
613,3,286,284,237,192,-1,-1,-1,-1
613,4,737,233,300,216,-1,-1,-1,-1
614,1,875,292,565,255,-1,-1,-1,-1
614,2,519,0,1400,465,-1,-1,-1,-1
614,3,288,286,240,189,-1,-1,-1,-1
614,4,736,232,301,218,-1,-1,-1,-1
615,1,875,292,565,255,-1,-1,-1,-1
615,2,520,0,1399,465,-1,-1,-1,-1
615,3,288,286,240,188,-1,-1,-1,-1
615,4,736,232,302,218,-1,-1,-1,-1
616,1,875,292,564,255,-1,-1,-1,-1
616,2,519,0,1400,465,-1,-1,-1,-1
616,3,289,287,238,186,-1,-1,-1,-1
616,4,735,232,303,218,-1,-1,-1,-1
617,1,875,292,564,255,-1,-1,-1,-1
617,2,523,0,1396,465,-1,-1,-1,-1
617,3,289,286,238,187,-1,-1,-1,-1
617,4,735,232,302,218,-1,-1,-1,-1
618,1,876,292,563,256,-1,-1,-1,-1
618,2,521,0,1398,465,-1,-1,-1,-1
618,3,289,286,238,188,-1,-1,-1,-1
618,4,737,232,300,218,-1,-1,-1,-1
619,1,875,291,564,257,-1,-1,-1,-1
619,2,520,0,1399,465,-1,-1,-1,-1
619,3,288,286,240,188,-1,-1,-1,-1
619,4,736,231,302,219,-1,-1,-1,-1
620,1,874,290,566,259,-1,-1,-1,-1
620,2,523,0,1396,465,-1,-1,-1,-1
620,3,288,286,235,188,-1,-1,-1,-1
620,4,736,231,302,219,-1,-1,-1,-1
621,1,874,290,566,259,-1,-1,-1,-1
621,2,522,0,1397,465,-1,-1,-1,-1
621,3,288,286,240,189,-1,-1,-1,-1
621,4,736,232,300,218,-1,-1,-1,-1
622,1,874,290,566,259,-1,-1,-1,-1
622,2,520,0,1399,466,-1,-1,-1,-1
622,3,289,287,238,187,-1,-1,-1,-1
622,4,735,232,302,219,-1,-1,-1,-1
623,1,874,291,566,258,-1,-1,-1,-1
623,2,522,0,1397,467,-1,-1,-1,-1
623,3,289,287,238,187,-1,-1,-1,-1
623,4,735,233,302,218,-1,-1,-1,-1
624,1,874,292,566,257,-1,-1,-1,-1
624,2,525,0,1394,466,-1,-1,-1,-1
624,3,288,286,240,188,-1,-1,-1,-1
624,4,735,233,302,217,-1,-1,-1,-1
625,1,874,293,566,256,-1,-1,-1,-1
625,2,528,0,1391,466,-1,-1,-1,-1
625,3,289,287,238,186,-1,-1,-1,-1
625,4,736,233,300,217,-1,-1,-1,-1
626,1,875,293,564,255,-1,-1,-1,-1
626,2,526,0,1393,466,-1,-1,-1,-1
626,3,289,287,238,186,-1,-1,-1,-1
626,4,735,234,301,216,-1,-1,-1,-1
627,1,874,293,565,255,-1,-1,-1,-1
627,2,527,0,1392,467,-1,-1,-1,-1
627,3,289,287,238,186,-1,-1,-1,-1
627,4,736,234,300,215,-1,-1,-1,-1
628,1,874,293,566,256,-1,-1,-1,-1
628,2,538,0,1381,467,-1,-1,-1,-1
628,3,289,287,238,186,-1,-1,-1,-1
628,4,736,233,300,216,-1,-1,-1,-1
629,1,875,294,564,254,-1,-1,-1,-1
629,2,539,0,1380,466,-1,-1,-1,-1
629,3,289,287,238,186,-1,-1,-1,-1
629,4,736,233,300,217,-1,-1,-1,-1
630,1,875,294,564,254,-1,-1,-1,-1
630,2,568,0,1351,465,-1,-1,-1,-1
630,3,289,287,238,186,-1,-1,-1,-1
630,4,735,232,302,219,-1,-1,-1,-1
631,1,875,294,564,254,-1,-1,-1,-1
631,2,535,0,1384,466,-1,-1,-1,-1
631,3,289,287,238,186,-1,-1,-1,-1
631,4,735,232,301,218,-1,-1,-1,-1
632,1,876,294,563,254,-1,-1,-1,-1
632,2,535,0,1384,466,-1,-1,-1,-1
632,3,289,287,238,186,-1,-1,-1,-1
632,4,736,233,299,217,-1,-1,-1,-1
633,1,875,293,564,255,-1,-1,-1,-1
633,2,532,0,1387,467,-1,-1,-1,-1
633,3,289,287,238,186,-1,-1,-1,-1
633,4,735,232,301,218,-1,-1,-1,-1
634,1,873,292,567,256,-1,-1,-1,-1
634,2,515,0,1404,466,-1,-1,-1,-1
634,3,289,285,233,190,-1,-1,-1,-1
634,4,738,233,298,217,-1,-1,-1,-1
635,1,873,292,568,257,-1,-1,-1,-1
635,2,520,0,1399,465,-1,-1,-1,-1
635,3,288,284,235,192,-1,-1,-1,-1
635,4,737,232,300,219,-1,-1,-1,-1
636,1,873,293,568,256,-1,-1,-1,-1
636,2,523,0,1396,464,-1,-1,-1,-1
636,3,288,284,235,192,-1,-1,-1,-1
636,4,738,232,299,219,-1,-1,-1,-1
637,1,873,293,568,256,-1,-1,-1,-1
637,2,520,0,1399,464,-1,-1,-1,-1
637,3,288,285,235,191,-1,-1,-1,-1
637,4,738,232,298,219,-1,-1,-1,-1
638,1,873,293,568,256,-1,-1,-1,-1
638,2,529,0,1390,464,-1,-1,-1,-1
638,3,288,285,234,191,-1,-1,-1,-1
638,4,737,233,299,217,-1,-1,-1,-1
639,1,873,293,568,256,-1,-1,-1,-1
639,2,524,0,1395,465,-1,-1,-1,-1
639,3,287,285,236,191,-1,-1,-1,-1
639,4,738,233,297,216,-1,-1,-1,-1
640,1,874,293,566,256,-1,-1,-1,-1
640,2,523,0,1396,465,-1,-1,-1,-1
640,3,287,285,236,191,-1,-1,-1,-1
640,4,738,233,297,217,-1,-1,-1,-1
641,1,873,293,568,256,-1,-1,-1,-1
641,2,525,0,1394,466,-1,-1,-1,-1
641,3,288,285,234,191,-1,-1,-1,-1
641,4,737,233,300,217,-1,-1,-1,-1
642,1,874,294,565,254,-1,-1,-1,-1
642,2,521,0,1398,466,-1,-1,-1,-1
642,3,288,285,235,191,-1,-1,-1,-1
642,4,739,234,296,216,-1,-1,-1,-1
643,1,874,294,566,254,-1,-1,-1,-1
643,2,519,0,1400,466,-1,-1,-1,-1
643,3,288,285,234,191,-1,-1,-1,-1
643,4,738,234,297,217,-1,-1,-1,-1
644,1,873,294,568,255,-1,-1,-1,-1
644,2,519,0,1400,466,-1,-1,-1,-1
644,3,288,286,240,190,-1,-1,-1,-1
644,4,738,234,297,217,-1,-1,-1,-1
645,1,874,295,566,253,-1,-1,-1,-1
645,2,520,0,1399,466,-1,-1,-1,-1
645,3,289,287,239,189,-1,-1,-1,-1
645,4,736,233,300,218,-1,-1,-1,-1
646,1,873,296,568,253,-1,-1,-1,-1
646,2,520,0,1399,466,-1,-1,-1,-1
646,3,289,286,235,189,-1,-1,-1,-1
646,4,736,234,300,217,-1,-1,-1,-1
647,1,874,295,566,253,-1,-1,-1,-1
647,2,516,0,1403,466,-1,-1,-1,-1
647,3,288,286,239,189,-1,-1,-1,-1
647,4,737,233,299,217,-1,-1,-1,-1
648,1,874,295,566,253,-1,-1,-1,-1
648,2,516,0,1403,467,-1,-1,-1,-1
648,3,288,286,235,189,-1,-1,-1,-1
648,4,736,233,301,218,-1,-1,-1,-1
649,1,874,295,566,253,-1,-1,-1,-1
649,2,516,0,1403,466,-1,-1,-1,-1
649,3,287,286,237,190,-1,-1,-1,-1
649,4,737,233,299,218,-1,-1,-1,-1
650,1,873,294,568,254,-1,-1,-1,-1
650,2,516,0,1403,466,-1,-1,-1,-1
650,3,287,287,236,189,-1,-1,-1,-1
650,4,737,233,300,217,-1,-1,-1,-1
651,1,874,295,566,253,-1,-1,-1,-1
651,2,520,0,1399,467,-1,-1,-1,-1
651,3,287,287,236,188,-1,-1,-1,-1
651,4,736,233,303,217,-1,-1,-1,-1
652,1,873,295,567,253,-1,-1,-1,-1
652,2,519,0,1400,467,-1,-1,-1,-1
652,3,287,287,236,188,-1,-1,-1,-1
652,4,736,234,301,216,-1,-1,-1,-1
653,1,873,295,566,253,-1,-1,-1,-1
653,2,520,0,1399,467,-1,-1,-1,-1
653,3,287,287,236,189,-1,-1,-1,-1
653,4,737,233,300,217,-1,-1,-1,-1
654,1,872,295,568,254,-1,-1,-1,-1
654,2,519,0,1400,467,-1,-1,-1,-1
654,3,287,286,236,190,-1,-1,-1,-1
654,4,736,233,302,217,-1,-1,-1,-1
655,1,873,296,566,252,-1,-1,-1,-1
655,2,518,0,1401,467,-1,-1,-1,-1
655,3,287,285,237,191,-1,-1,-1,-1
655,4,736,234,301,216,-1,-1,-1,-1
656,1,873,295,566,253,-1,-1,-1,-1
656,2,518,0,1401,466,-1,-1,-1,-1
656,3,287,285,237,191,-1,-1,-1,-1
656,4,735,233,302,217,-1,-1,-1,-1
657,1,873,295,566,254,-1,-1,-1,-1
657,2,519,0,1400,466,-1,-1,-1,-1
657,3,287,285,237,191,-1,-1,-1,-1
657,4,735,233,301,217,-1,-1,-1,-1
658,1,872,295,569,253,-1,-1,-1,-1
658,2,519,0,1400,466,-1,-1,-1,-1
658,3,287,286,237,190,-1,-1,-1,-1
658,4,736,233,300,217,-1,-1,-1,-1
659,1,874,296,565,252,-1,-1,-1,-1
659,2,518,0,1401,465,-1,-1,-1,-1
659,3,288,286,233,190,-1,-1,-1,-1
659,4,736,232,300,216,-1,-1,-1,-1
660,1,875,296,564,252,-1,-1,-1,-1
660,2,518,0,1401,465,-1,-1,-1,-1
660,3,287,285,235,192,-1,-1,-1,-1
660,4,737,233,298,216,-1,-1,-1,-1
661,1,875,296,564,252,-1,-1,-1,-1
661,2,519,0,1400,465,-1,-1,-1,-1
661,3,287,285,235,192,-1,-1,-1,-1
661,4,737,233,298,216,-1,-1,-1,-1
662,1,875,296,564,252,-1,-1,-1,-1
662,2,519,0,1400,465,-1,-1,-1,-1
662,3,287,286,236,191,-1,-1,-1,-1
662,4,737,233,298,217,-1,-1,-1,-1
663,1,874,296,565,252,-1,-1,-1,-1
663,2,521,0,1398,465,-1,-1,-1,-1
663,3,288,286,234,190,-1,-1,-1,-1
663,4,736,232,300,219,-1,-1,-1,-1
664,1,873,296,567,253,-1,-1,-1,-1
664,2,524,0,1395,465,-1,-1,-1,-1
664,3,288,287,238,189,-1,-1,-1,-1
664,4,737,232,298,218,-1,-1,-1,-1
665,1,874,297,565,251,-1,-1,-1,-1
665,2,524,0,1395,465,-1,-1,-1,-1
665,3,288,287,234,188,-1,-1,-1,-1
665,4,736,231,300,220,-1,-1,-1,-1
666,1,874,297,565,251,-1,-1,-1,-1
666,2,524,0,1395,465,-1,-1,-1,-1
666,3,288,287,239,189,-1,-1,-1,-1
666,4,736,232,300,219,-1,-1,-1,-1
667,1,873,299,567,250,-1,-1,-1,-1
667,2,524,0,1395,465,-1,-1,-1,-1
667,3,289,288,238,187,-1,-1,-1,-1
667,4,737,232,298,218,-1,-1,-1,-1
668,1,874,297,565,250,-1,-1,-1,-1
668,2,525,0,1394,465,-1,-1,-1,-1
668,3,288,288,240,188,-1,-1,-1,-1
668,4,737,232,298,219,-1,-1,-1,-1
669,1,874,297,565,251,-1,-1,-1,-1
669,2,534,0,1385,466,-1,-1,-1,-1
669,3,288,287,234,188,-1,-1,-1,-1
669,4,737,232,300,220,-1,-1,-1,-1
670,1,873,297,567,251,-1,-1,-1,-1
670,2,543,0,1376,466,-1,-1,-1,-1
670,3,287,286,235,189,-1,-1,-1,-1
670,4,738,232,297,219,-1,-1,-1,-1
671,1,874,298,565,250,-1,-1,-1,-1
671,2,540,0,1379,466,-1,-1,-1,-1
671,3,288,287,239,189,-1,-1,-1,-1
671,4,737,231,299,221,-1,-1,-1,-1
672,1,874,297,566,251,-1,-1,-1,-1
672,2,575,0,1344,466,-1,-1,-1,-1
672,3,289,288,238,187,-1,-1,-1,-1
672,4,736,231,300,221,-1,-1,-1,-1
673,1,874,298,565,249,-1,-1,-1,-1
673,2,542,0,1377,466,-1,-1,-1,-1
673,3,289,288,238,187,-1,-1,-1,-1
673,4,736,232,300,220,-1,-1,-1,-1
674,1,875,297,564,250,-1,-1,-1,-1
674,2,579,0,1340,466,-1,-1,-1,-1
674,3,289,288,238,187,-1,-1,-1,-1
674,4,736,232,300,220,-1,-1,-1,-1
675,1,875,297,564,250,-1,-1,-1,-1
675,2,551,0,1368,466,-1,-1,-1,-1
675,3,289,288,237,187,-1,-1,-1,-1
675,4,735,233,302,219,-1,-1,-1,-1
676,1,875,297,564,251,-1,-1,-1,-1
676,2,525,0,1394,466,-1,-1,-1,-1
676,3,289,288,238,187,-1,-1,-1,-1
676,4,735,233,302,219,-1,-1,-1,-1
677,1,874,296,566,253,-1,-1,-1,-1
677,2,525,0,1394,467,-1,-1,-1,-1
677,3,290,288,238,187,-1,-1,-1,-1
677,4,735,233,303,219,-1,-1,-1,-1
678,1,874,296,566,253,-1,-1,-1,-1
678,2,529,0,1390,467,-1,-1,-1,-1
678,3,290,288,238,187,-1,-1,-1,-1
678,4,736,233,301,218,-1,-1,-1,-1
679,1,874,296,566,253,-1,-1,-1,-1
679,2,527,0,1392,467,-1,-1,-1,-1
679,3,288,287,240,188,-1,-1,-1,-1
679,4,735,233,303,219,-1,-1,-1,-1
680,1,874,296,566,253,-1,-1,-1,-1
680,2,538,0,1381,467,-1,-1,-1,-1
680,3,289,288,238,188,-1,-1,-1,-1
680,4,736,234,301,218,-1,-1,-1,-1
681,1,874,296,566,253,-1,-1,-1,-1
681,2,543,0,1376,467,-1,-1,-1,-1
681,3,288,287,240,189,-1,-1,-1,-1
681,4,735,234,302,218,-1,-1,-1,-1
682,1,874,296,566,253,-1,-1,-1,-1
682,2,541,0,1378,466,-1,-1,-1,-1
682,3,289,288,238,187,-1,-1,-1,-1
682,4,734,234,304,219,-1,-1,-1,-1
683,1,874,296,566,253,-1,-1,-1,-1
683,2,543,0,1376,465,-1,-1,-1,-1
683,3,289,288,238,187,-1,-1,-1,-1
683,4,735,234,303,219,-1,-1,-1,-1
684,1,874,301,564,249,-1,-1,-1,-1
684,2,517,0,1402,465,-1,-1,-1,-1
684,3,289,286,238,188,-1,-1,-1,-1
684,4,734,233,303,217,-1,-1,-1,-1
685,1,875,300,563,248,-1,-1,-1,-1
685,2,518,0,1401,465,-1,-1,-1,-1
685,3,290,287,236,186,-1,-1,-1,-1
685,4,734,233,303,216,-1,-1,-1,-1
686,1,875,299,563,249,-1,-1,-1,-1
686,2,518,0,1401,465,-1,-1,-1,-1
686,3,290,286,232,188,-1,-1,-1,-1
686,4,735,234,301,214,-1,-1,-1,-1
687,1,875,299,563,249,-1,-1,-1,-1
687,2,518,0,1401,465,-1,-1,-1,-1
687,3,289,285,234,190,-1,-1,-1,-1
687,4,734,234,303,215,-1,-1,-1,-1
688,1,874,301,565,248,-1,-1,-1,-1
688,2,519,0,1400,465,-1,-1,-1,-1
688,3,289,286,238,188,-1,-1,-1,-1
688,4,736,234,300,214,-1,-1,-1,-1
689,1,875,299,563,249,-1,-1,-1,-1
689,2,519,0,1400,465,-1,-1,-1,-1
689,3,290,287,236,186,-1,-1,-1,-1
689,4,736,234,300,215,-1,-1,-1,-1
690,1,875,299,563,249,-1,-1,-1,-1
690,2,519,0,1400,465,-1,-1,-1,-1
690,3,290,287,237,187,-1,-1,-1,-1
690,4,736,234,300,215,-1,-1,-1,-1
691,1,874,299,565,250,-1,-1,-1,-1
691,2,520,0,1399,465,-1,-1,-1,-1
691,3,290,286,238,188,-1,-1,-1,-1
691,4,736,234,300,215,-1,-1,-1,-1
692,1,875,299,563,249,-1,-1,-1,-1
692,2,520,0,1399,465,-1,-1,-1,-1
692,3,290,286,238,189,-1,-1,-1,-1
692,4,736,234,301,215,-1,-1,-1,-1
693,1,874,299,565,250,-1,-1,-1,-1
693,2,520,0,1399,465,-1,-1,-1,-1
693,3,289,287,240,188,-1,-1,-1,-1
693,4,735,234,302,216,-1,-1,-1,-1
694,1,874,299,565,250,-1,-1,-1,-1
694,2,523,0,1396,465,-1,-1,-1,-1
694,3,290,288,238,186,-1,-1,-1,-1
694,4,735,234,302,217,-1,-1,-1,-1
695,1,875,300,563,248,-1,-1,-1,-1
695,2,528,0,1391,465,-1,-1,-1,-1
695,3,290,288,237,186,-1,-1,-1,-1
695,4,734,233,303,218,-1,-1,-1,-1
696,1,875,300,563,248,-1,-1,-1,-1
696,2,527,0,1392,465,-1,-1,-1,-1
696,3,290,288,237,186,-1,-1,-1,-1
696,4,734,233,303,218,-1,-1,-1,-1
697,1,875,300,563,248,-1,-1,-1,-1
697,2,581,0,1338,465,-1,-1,-1,-1
697,3,289,288,239,186,-1,-1,-1,-1
697,4,734,233,303,218,-1,-1,-1,-1
698,1,875,300,563,248,-1,-1,-1,-1
698,2,539,0,1380,465,-1,-1,-1,-1
698,3,290,288,238,186,-1,-1,-1,-1
698,4,734,233,303,218,-1,-1,-1,-1
699,1,875,299,563,249,-1,-1,-1,-1
699,2,573,0,1346,465,-1,-1,-1,-1
699,3,290,287,238,188,-1,-1,-1,-1
699,4,735,233,303,217,-1,-1,-1,-1
700,1,874,299,565,250,-1,-1,-1,-1
700,2,588,0,1331,464,-1,-1,-1,-1
700,3,289,287,240,188,-1,-1,-1,-1
700,4,736,234,301,216,-1,-1,-1,-1
701,1,875,300,563,248,-1,-1,-1,-1
701,2,531,0,1388,465,-1,-1,-1,-1
701,3,290,287,238,187,-1,-1,-1,-1
701,4,735,233,303,217,-1,-1,-1,-1
702,1,875,299,563,249,-1,-1,-1,-1
702,2,526,0,1393,466,-1,-1,-1,-1
702,3,290,287,238,186,-1,-1,-1,-1
702,4,734,234,303,216,-1,-1,-1,-1
703,1,873,299,566,250,-1,-1,-1,-1
703,2,525,0,1394,466,-1,-1,-1,-1
703,3,290,287,238,187,-1,-1,-1,-1
703,4,734,234,304,217,-1,-1,-1,-1
704,1,874,299,564,249,-1,-1,-1,-1
704,2,520,0,1399,467,-1,-1,-1,-1
704,3,290,287,237,187,-1,-1,-1,-1
704,4,735,235,302,216,-1,-1,-1,-1
705,1,873,299,566,250,-1,-1,-1,-1
705,2,520,0,1399,467,-1,-1,-1,-1
705,3,289,287,239,188,-1,-1,-1,-1
705,4,734,235,303,215,-1,-1,-1,-1
706,1,874,299,564,249,-1,-1,-1,-1
706,2,520,0,1399,467,-1,-1,-1,-1
706,3,290,288,237,186,-1,-1,-1,-1
706,4,734,235,302,215,-1,-1,-1,-1
707,1,872,298,568,251,-1,-1,-1,-1
707,2,520,0,1399,467,-1,-1,-1,-1
707,3,290,288,237,186,-1,-1,-1,-1
707,4,734,235,302,215,-1,-1,-1,-1
708,1,872,299,567,250,-1,-1,-1,-1
708,2,518,0,1401,467,-1,-1,-1,-1
708,3,290,287,237,187,-1,-1,-1,-1
708,4,734,234,302,216,-1,-1,-1,-1
709,1,874,303,566,246,-1,-1,-1,-1
709,2,512,0,1407,467,-1,-1,-1,-1
709,3,290,286,237,189,-1,-1,-1,-1
709,4,735,234,302,217,-1,-1,-1,-1
710,1,874,300,565,247,-1,-1,-1,-1
710,2,512,0,1407,467,-1,-1,-1,-1
710,3,289,285,234,191,-1,-1,-1,-1
710,4,737,234,298,216,-1,-1,-1,-1
711,1,874,300,565,247,-1,-1,-1,-1
711,2,509,0,1410,466,-1,-1,-1,-1
711,3,289,285,233,190,-1,-1,-1,-1
711,4,735,234,301,217,-1,-1,-1,-1
712,1,873,300,567,248,-1,-1,-1,-1
712,2,511,0,1408,465,-1,-1,-1,-1
712,3,288,284,235,192,-1,-1,-1,-1
712,4,736,235,299,216,-1,-1,-1,-1
713,1,874,301,565,246,-1,-1,-1,-1
713,2,512,0,1407,465,-1,-1,-1,-1
713,3,288,285,234,191,-1,-1,-1,-1
713,4,736,235,299,215,-1,-1,-1,-1
714,1,875,301,564,246,-1,-1,-1,-1
714,2,516,0,1403,466,-1,-1,-1,-1
714,3,289,286,238,190,-1,-1,-1,-1
714,4,737,234,298,217,-1,-1,-1,-1
715,1,875,301,564,247,-1,-1,-1,-1
715,2,515,0,1404,467,-1,-1,-1,-1
715,3,289,286,233,189,-1,-1,-1,-1
715,4,736,233,300,218,-1,-1,-1,-1
716,1,875,301,564,248,-1,-1,-1,-1
716,2,515,0,1404,467,-1,-1,-1,-1
716,3,289,286,238,190,-1,-1,-1,-1
716,4,736,234,299,217,-1,-1,-1,-1
717,1,874,300,566,248,-1,-1,-1,-1
717,2,518,0,1401,467,-1,-1,-1,-1
717,3,289,286,233,189,-1,-1,-1,-1
717,4,735,233,302,219,-1,-1,-1,-1
718,1,875,301,564,247,-1,-1,-1,-1
718,2,518,0,1401,467,-1,-1,-1,-1
718,3,288,285,234,191,-1,-1,-1,-1
718,4,736,233,300,219,-1,-1,-1,-1
719,1,874,300,566,248,-1,-1,-1,-1
719,2,520,0,1399,467,-1,-1,-1,-1
719,3,288,285,234,190,-1,-1,-1,-1
719,4,736,233,300,219,-1,-1,-1,-1
720,1,875,301,564,247,-1,-1,-1,-1
720,2,516,0,1403,467,-1,-1,-1,-1
720,3,288,285,233,189,-1,-1,-1,-1
720,4,736,233,300,219,-1,-1,-1,-1
721,1,874,301,566,248,-1,-1,-1,-1
721,2,517,0,1402,467,-1,-1,-1,-1
721,3,288,285,233,189,-1,-1,-1,-1
721,4,736,233,301,219,-1,-1,-1,-1
722,1,873,300,567,248,-1,-1,-1,-1
722,2,516,0,1403,467,-1,-1,-1,-1
722,3,289,287,238,188,-1,-1,-1,-1
722,4,737,233,300,219,-1,-1,-1,-1
723,1,874,301,565,246,-1,-1,-1,-1
723,2,516,0,1403,467,-1,-1,-1,-1
723,3,290,287,236,187,-1,-1,-1,-1
723,4,737,233,300,218,-1,-1,-1,-1
724,1,874,301,565,247,-1,-1,-1,-1
724,2,516,0,1403,467,-1,-1,-1,-1
724,3,290,287,236,188,-1,-1,-1,-1
724,4,737,234,299,217,-1,-1,-1,-1
725,1,873,300,567,248,-1,-1,-1,-1
725,2,516,0,1403,467,-1,-1,-1,-1
725,3,289,286,238,189,-1,-1,-1,-1
725,4,736,233,300,219,-1,-1,-1,-1
726,1,874,301,565,247,-1,-1,-1,-1
726,2,518,0,1401,467,-1,-1,-1,-1
726,3,290,287,237,188,-1,-1,-1,-1
726,4,736,233,301,218,-1,-1,-1,-1
727,1,874,301,566,248,-1,-1,-1,-1
727,2,516,0,1403,468,-1,-1,-1,-1
727,3,289,286,238,189,-1,-1,-1,-1
727,4,737,233,299,218,-1,-1,-1,-1
728,1,875,302,564,246,-1,-1,-1,-1
728,2,516,0,1403,468,-1,-1,-1,-1
728,3,289,287,238,187,-1,-1,-1,-1
728,4,736,232,301,219,-1,-1,-1,-1
729,1,874,302,566,247,-1,-1,-1,-1
729,2,519,0,1400,468,-1,-1,-1,-1
729,3,290,287,237,187,-1,-1,-1,-1
729,4,736,232,301,218,-1,-1,-1,-1
730,1,874,304,566,245,-1,-1,-1,-1
730,2,518,0,1401,468,-1,-1,-1,-1
730,3,289,287,238,187,-1,-1,-1,-1
730,4,736,233,301,218,-1,-1,-1,-1
731,1,875,301,564,247,-1,-1,-1,-1
731,2,517,0,1402,467,-1,-1,-1,-1
731,3,290,287,237,187,-1,-1,-1,-1
731,4,737,233,299,217,-1,-1,-1,-1
732,1,874,300,566,249,-1,-1,-1,-1
732,2,518,0,1401,467,-1,-1,-1,-1
732,3,291,287,237,187,-1,-1,-1,-1
732,4,736,233,301,218,-1,-1,-1,-1
733,1,874,301,566,248,-1,-1,-1,-1
733,2,518,0,1401,467,-1,-1,-1,-1
733,3,291,287,237,187,-1,-1,-1,-1
733,4,738,233,298,218,-1,-1,-1,-1
734,1,874,302,566,247,-1,-1,-1,-1
734,2,527,0,1392,466,-1,-1,-1,-1
734,3,287,285,236,192,-1,-1,-1,-1
734,4,734,233,303,219,-1,-1,-1,-1
735,1,875,302,565,247,-1,-1,-1,-1
735,2,532,0,1387,466,-1,-1,-1,-1
735,3,286,284,238,193,-1,-1,-1,-1
735,4,736,233,300,218,-1,-1,-1,-1
736,1,875,302,564,247,-1,-1,-1,-1
736,2,529,0,1390,466,-1,-1,-1,-1
736,3,287,286,241,190,-1,-1,-1,-1
736,4,735,232,302,220,-1,-1,-1,-1
737,1,875,301,564,247,-1,-1,-1,-1
737,2,525,0,1394,465,-1,-1,-1,-1
737,3,287,287,241,189,-1,-1,-1,-1
737,4,735,232,302,220,-1,-1,-1,-1
738,1,874,300,566,249,-1,-1,-1,-1
738,2,520,0,1399,465,-1,-1,-1,-1
738,3,287,287,241,189,-1,-1,-1,-1
738,4,735,232,302,220,-1,-1,-1,-1
739,1,874,301,566,248,-1,-1,-1,-1
739,2,520,0,1399,466,-1,-1,-1,-1
739,3,288,288,240,187,-1,-1,-1,-1
739,4,736,233,302,218,-1,-1,-1,-1
740,1,876,302,563,246,-1,-1,-1,-1
740,2,522,0,1397,466,-1,-1,-1,-1
740,3,289,287,238,188,-1,-1,-1,-1
740,4,736,233,301,218,-1,-1,-1,-1
741,1,874,302,566,247,-1,-1,-1,-1
741,2,525,0,1394,465,-1,-1,-1,-1
741,3,288,287,240,189,-1,-1,-1,-1
741,4,735,232,303,220,-1,-1,-1,-1
742,1,875,303,564,245,-1,-1,-1,-1
742,2,522,0,1397,466,-1,-1,-1,-1
742,3,289,288,239,188,-1,-1,-1,-1
742,4,735,232,303,220,-1,-1,-1,-1
743,1,875,302,564,246,-1,-1,-1,-1
743,2,523,0,1396,467,-1,-1,-1,-1
743,3,289,288,240,189,-1,-1,-1,-1
743,4,735,233,303,219,-1,-1,-1,-1
744,1,874,302,566,247,-1,-1,-1,-1
744,2,519,0,1400,467,-1,-1,-1,-1
744,3,288,287,241,189,-1,-1,-1,-1
744,4,736,234,301,218,-1,-1,-1,-1
745,1,875,302,564,246,-1,-1,-1,-1
745,2,521,0,1398,467,-1,-1,-1,-1
745,3,288,287,241,189,-1,-1,-1,-1
745,4,736,234,301,217,-1,-1,-1,-1
746,1,874,301,566,248,-1,-1,-1,-1
746,2,521,0,1398,467,-1,-1,-1,-1
746,3,289,288,239,187,-1,-1,-1,-1
746,4,735,233,302,218,-1,-1,-1,-1
