3,1,0,495,689,247,-1,-1,-1,-1
3,2,1103,1115,521,327,-1,-1,-1,-1
3,3,30,16,1363,643,-1,-1,-1,-1
4,1,0,492,689,250,-1,-1,-1,-1
4,2,1103,1115,521,328,-1,-1,-1,-1
4,3,28,18,1368,642,-1,-1,-1,-1
5,1,0,491,691,252,-1,-1,-1,-1
5,2,1102,1113,523,330,-1,-1,-1,-1
5,3,26,19,1381,641,-1,-1,-1,-1
6,1,0,491,690,253,-1,-1,-1,-1
6,2,1101,1113,524,329,-1,-1,-1,-1
6,3,28,14,1383,646,-1,-1,-1,-1
7,1,0,491,690,254,-1,-1,-1,-1
7,2,1103,1114,521,327,-1,-1,-1,-1
7,3,29,14,1380,646,-1,-1,-1,-1
8,1,0,492,690,252,-1,-1,-1,-1
8,2,1102,1114,523,328,-1,-1,-1,-1
8,3,27,17,1381,643,-1,-1,-1,-1
9,1,0,493,690,252,-1,-1,-1,-1
9,2,1104,1116,522,326,-1,-1,-1,-1
9,3,28,12,1380,647,-1,-1,-1,-1
10,1,0,493,690,252,-1,-1,-1,-1
10,2,1104,1116,522,326,-1,-1,-1,-1
10,3,27,11,1381,647,-1,-1,-1,-1
11,1,0,493,691,251,-1,-1,-1,-1
11,2,1103,1115,523,327,-1,-1,-1,-1
11,3,27,11,1381,647,-1,-1,-1,-1
12,1,0,494,689,250,-1,-1,-1,-1
12,2,1104,1116,521,325,-1,-1,-1,-1
12,3,28,11,1381,647,-1,-1,-1,-1
13,1,0,492,690,250,-1,-1,-1,-1
13,2,1102,1116,524,326,-1,-1,-1,-1
13,3,27,12,1382,646,-1,-1,-1,-1
14,1,0,493,689,249,-1,-1,-1,-1
14,2,1104,1116,521,326,-1,-1,-1,-1
14,3,26,12,1382,646,-1,-1,-1,-1
15,1,0,492,689,249,-1,-1,-1,-1
15,2,1104,1114,521,328,-1,-1,-1,-1
15,3,26,14,1382,643,-1,-1,-1,-1
16,1,0,493,688,248,-1,-1,-1,-1
16,2,1103,1113,523,329,-1,-1,-1,-1
16,3,27,14,1380,644,-1,-1,-1,-1
17,1,0,492,688,251,-1,-1,-1,-1
17,2,1103,1112,523,331,-1,-1,-1,-1
17,3,27,14,1381,643,-1,-1,-1,-1
18,1,0,491,689,253,-1,-1,-1,-1
18,2,1104,1110,523,334,-1,-1,-1,-1
18,3,28,14,1377,643,-1,-1,-1,-1
19,1,0,491,688,252,-1,-1,-1,-1
19,2,1102,1111,525,333,-1,-1,-1,-1
19,3,25,15,1374,642,-1,-1,-1,-1
20,1,0,490,689,253,-1,-1,-1,-1
20,2,1103,1111,523,332,-1,-1,-1,-1
20,3,25,16,1374,641,-1,-1,-1,-1
21,1,0,490,688,253,-1,-1,-1,-1
21,2,1103,1102,524,343,-1,-1,-1,-1
21,3,29,15,1365,643,-1,-1,-1,-1
22,1,0,490,689,253,-1,-1,-1,-1
22,2,1103,1089,524,357,-1,-1,-1,-1
22,3,28,16,1367,641,-1,-1,-1,-1
23,1,0,491,688,252,-1,-1,-1,-1
23,2,1103,1098,525,347,-1,-1,-1,-1
23,3,28,16,1369,641,-1,-1,-1,-1
24,1,0,490,689,252,-1,-1,-1,-1
24,2,1103,1093,524,352,-1,-1,-1,-1
24,3,29,15,1366,642,-1,-1,-1,-1
25,1,0,490,690,251,-1,-1,-1,-1
25,2,1102,1090,525,355,-1,-1,-1,-1
25,3,27,14,1373,644,-1,-1,-1,-1
26,1,0,490,690,249,-1,-1,-1,-1
26,2,1101,1094,526,351,-1,-1,-1,-1
26,3,27,14,1373,645,-1,-1,-1,-1
27,1,0,490,689,249,-1,-1,-1,-1
27,2,1102,1105,525,339,-1,-1,-1,-1
27,3,26,14,1373,644,-1,-1,-1,-1
28,1,0,490,690,250,-1,-1,-1,-1
28,2,1104,1104,522,339,-1,-1,-1,-1
28,3,27,12,1371,647,-1,-1,-1,-1
29,1,0,491,689,249,-1,-1,-1,-1
29,2,1104,1100,522,343,-1,-1,-1,-1
29,3,26,12,1377,647,-1,-1,-1,-1
30,1,0,490,689,252,-1,-1,-1,-1
30,2,1103,1106,524,337,-1,-1,-1,-1
30,3,26,14,1380,644,-1,-1,-1,-1
31,1,0,490,689,253,-1,-1,-1,-1
31,2,1105,1109,522,334,-1,-1,-1,-1
31,3,26,14,1381,644,-1,-1,-1,-1
32,1,0,489,690,255,-1,-1,-1,-1
32,2,1105,1109,521,334,-1,-1,-1,-1
32,3,27,14,1377,645,-1,-1,-1,-1
33,1,0,488,690,254,-1,-1,-1,-1
33,2,1105,1109,522,335,-1,-1,-1,-1
33,3,26,14,1378,645,-1,-1,-1,-1
34,1,0,489,690,253,-1,-1,-1,-1
34,2,1101,1110,526,335,-1,-1,-1,-1
34,3,26,14,1376,645,-1,-1,-1,-1
35,1,0,489,690,253,-1,-1,-1,-1
35,2,1104,1110,524,335,-1,-1,-1,-1
35,3,27,14,1373,645,-1,-1,-1,-1
36,1,0,489,690,253,-1,-1,-1,-1
36,2,1105,1111,522,333,-1,-1,-1,-1
36,3,26,14,1376,644,-1,-1,-1,-1
37,1,0,490,689,252,-1,-1,-1,-1
37,2,1105,1111,521,333,-1,-1,-1,-1
37,3,26,15,1379,644,-1,-1,-1,-1
38,1,0,489,690,253,-1,-1,-1,-1
38,2,1102,1111,525,334,-1,-1,-1,-1
38,3,28,15,1378,643,-1,-1,-1,-1
39,1,0,489,690,252,-1,-1,-1,-1
39,2,1103,1111,524,333,-1,-1,-1,-1
39,3,28,14,1379,645,-1,-1,-1,-1
40,1,0,489,690,251,-1,-1,-1,-1
40,2,1101,1112,524,331,-1,-1,-1,-1
40,3,26,12,1381,648,-1,-1,-1,-1
41,1,0,489,689,252,-1,-1,-1,-1
41,2,1100,1112,525,332,-1,-1,-1,-1
41,3,25,12,1382,647,-1,-1,-1,-1
42,1,0,489,689,253,-1,-1,-1,-1
42,2,1101,1111,525,333,-1,-1,-1,-1
42,3,26,12,1377,647,-1,-1,-1,-1
43,1,0,489,689,254,-1,-1,-1,-1
43,2,1102,1112,523,331,-1,-1,-1,-1
43,3,26,13,1381,646,-1,-1,-1,-1
44,1,0,490,690,253,-1,-1,-1,-1
44,2,1100,1112,526,332,-1,-1,-1,-1
44,3,28,14,1377,644,-1,-1,-1,-1
45,1,0,490,690,252,-1,-1,-1,-1
45,2,1099,1112,526,331,-1,-1,-1,-1
45,3,28,13,1375,646,-1,-1,-1,-1
46,1,0,490,690,252,-1,-1,-1,-1
46,2,1101,1112,524,331,-1,-1,-1,-1
46,3,28,13,1377,645,-1,-1,-1,-1
47,1,0,490,690,251,-1,-1,-1,-1
47,2,1102,1111,524,332,-1,-1,-1,-1
47,3,29,17,1375,641,-1,-1,-1,-1
48,1,0,490,690,250,-1,-1,-1,-1
48,2,1103,1111,522,331,-1,-1,-1,-1
48,3,30,15,1373,645,-1,-1,-1,-1
49,1,0,490,689,252,-1,-1,-1,-1
49,2,1102,1111,524,332,-1,-1,-1,-1
49,3,29,13,1375,646,-1,-1,-1,-1
50,1,0,490,690,253,-1,-1,-1,-1
50,2,1103,1111,522,331,-1,-1,-1,-1
50,3,28,12,1375,647,-1,-1,-1,-1
51,1,0,490,691,253,-1,-1,-1,-1
51,2,1102,1112,524,331,-1,-1,-1,-1
51,3,26,13,1386,645,-1,-1,-1,-1
52,1,0,490,690,253,-1,-1,-1,-1
52,2,1102,1113,524,329,-1,-1,-1,-1
52,3,28,14,1382,644,-1,-1,-1,-1
53,1,0,490,690,253,-1,-1,-1,-1
53,2,1103,1114,522,327,-1,-1,-1,-1
53,3,28,13,1386,646,-1,-1,-1,-1
54,1,0,490,691,253,-1,-1,-1,-1
54,2,1102,1114,523,327,-1,-1,-1,-1
54,3,28,12,1385,646,-1,-1,-1,-1
55,1,0,490,691,253,-1,-1,-1,-1
55,2,1102,1114,523,327,-1,-1,-1,-1
55,3,27,10,1384,649,-1,-1,-1,-1
56,1,0,490,691,253,-1,-1,-1,-1
56,2,1103,1113,523,327,-1,-1,-1,-1
56,3,27,11,1383,647,-1,-1,-1,-1
57,1,0,491,690,252,-1,-1,-1,-1
57,2,1102,1113,524,328,-1,-1,-1,-1
57,3,28,14,1379,644,-1,-1,-1,-1
58,1,0,490,691,254,-1,-1,-1,-1
58,2,1103,1113,522,327,-1,-1,-1,-1
58,3,28,13,1379,647,-1,-1,-1,-1
59,1,0,490,691,254,-1,-1,-1,-1
59,2,1103,1113,523,327,-1,-1,-1,-1
59,3,28,12,1381,648,-1,-1,-1,-1
60,1,0,490,690,253,-1,-1,-1,-1
60,2,1103,1113,522,327,-1,-1,-1,-1
60,3,29,10,1376,650,-1,-1,-1,-1
61,1,0,491,689,251,-1,-1,-1,-1
61,2,1103,1113,523,327,-1,-1,-1,-1
61,3,29,9,1379,650,-1,-1,-1,-1
62,1,0,491,691,252,-1,-1,-1,-1
62,2,1104,1113,522,328,-1,-1,-1,-1
62,3,29,9,1381,650,-1,-1,-1,-1
63,1,0,492,690,250,-1,-1,-1,-1
63,2,1104,1113,522,328,-1,-1,-1,-1
63,3,30,10,1373,649,-1,-1,-1,-1
64,1,0,491,690,251,-1,-1,-1,-1
64,2,1104,1113,522,328,-1,-1,-1,-1
64,3,29,11,1371,648,-1,-1,-1,-1
65,1,0,490,691,252,-1,-1,-1,-1
65,2,1104,1113,522,328,-1,-1,-1,-1
65,3,31,11,1367,649,-1,-1,-1,-1
66,1,0,490,691,251,-1,-1,-1,-1
66,2,1103,1113,523,328,-1,-1,-1,-1
66,3,30,13,1368,645,-1,-1,-1,-1
67,1,0,491,690,249,-1,-1,-1,-1
67,2,1104,1114,521,326,-1,-1,-1,-1
67,3,30,12,1369,647,-1,-1,-1,-1
68,1,0,491,690,249,-1,-1,-1,-1
68,2,1103,1113,523,328,-1,-1,-1,-1
68,3,31,13,1362,645,-1,-1,-1,-1
69,1,0,491,690,250,-1,-1,-1,-1
69,2,1102,1112,525,330,-1,-1,-1,-1
69,3,32,13,1359,644,-1,-1,-1,-1
70,1,0,490,690,251,-1,-1,-1,-1
70,2,1102,1112,525,330,-1,-1,-1,-1
70,3,31,13,1370,646,-1,-1,-1,-1
71,1,0,490,691,251,-1,-1,-1,-1
71,2,1102,1112,525,330,-1,-1,-1,-1
71,3,30,10,1364,648,-1,-1,-1,-1
72,1,0,491,690,250,-1,-1,-1,-1
72,2,1102,1112,525,330,-1,-1,-1,-1
72,3,28,11,1373,645,-1,-1,-1,-1
73,1,0,490,691,250,-1,-1,-1,-1
73,2,1104,1111,521,330,-1,-1,-1,-1
73,3,30,10,1377,648,-1,-1,-1,-1
74,1,0,492,690,249,-1,-1,-1,-1
74,2,1102,1110,524,332,-1,-1,-1,-1
74,3,30,10,1373,648,-1,-1,-1,-1
75,1,0,492,690,250,-1,-1,-1,-1
75,2,1103,1110,523,332,-1,-1,-1,-1
75,3,31,10,1372,649,-1,-1,-1,-1
76,1,0,491,691,251,-1,-1,-1,-1
76,2,1103,1110,523,332,-1,-1,-1,-1
76,3,30,11,1371,647,-1,-1,-1,-1
77,1,0,492,690,249,-1,-1,-1,-1
77,2,1103,1110,523,332,-1,-1,-1,-1
77,3,30,9,1373,650,-1,-1,-1,-1
78,1,0,492,690,250,-1,-1,-1,-1
78,2,1103,1110,523,332,-1,-1,-1,-1
78,3,31,9,1370,650,-1,-1,-1,-1
79,1,0,492,691,250,-1,-1,-1,-1
79,2,1102,1110,524,332,-1,-1,-1,-1
79,3,31,10,1363,649,-1,-1,-1,-1
80,1,0,493,690,248,-1,-1,-1,-1
80,2,1103,1111,522,331,-1,-1,-1,-1
80,3,29,10,1367,648,-1,-1,-1,-1
81,1,0,493,690,250,-1,-1,-1,-1
81,2,1102,1111,524,332,-1,-1,-1,-1
81,3,29,9,1372,649,-1,-1,-1,-1
82,1,0,492,691,251,-1,-1,-1,-1
82,2,1102,1111,524,332,-1,-1,-1,-1
82,3,31,8,1372,651,-1,-1,-1,-1
83,1,0,492,690,250,-1,-1,-1,-1
83,2,1102,1111,524,332,-1,-1,-1,-1
83,3,32,9,1363,650,-1,-1,-1,-1
84,1,0,491,691,251,-1,-1,-1,-1
84,2,1102,1111,524,332,-1,-1,-1,-1
84,3,31,10,1366,649,-1,-1,-1,-1
85,1,0,491,691,249,-1,-1,-1,-1
85,2,1103,1111,522,331,-1,-1,-1,-1
85,3,32,10,1362,647,-1,-1,-1,-1
86,1,0,492,690,248,-1,-1,-1,-1
86,2,1102,1111,525,332,-1,-1,-1,-1
86,3,32,9,1364,647,-1,-1,-1,-1
87,1,0,492,691,248,-1,-1,-1,-1
87,2,1102,1111,524,332,-1,-1,-1,-1
87,3,31,8,1366,650,-1,-1,-1,-1
88,1,0,493,689,246,-1,-1,-1,-1
88,2,1102,1111,524,332,-1,-1,-1,-1
88,3,29,9,1371,649,-1,-1,-1,-1
89,1,0,493,691,247,-1,-1,-1,-1
89,2,1103,1111,522,331,-1,-1,-1,-1
89,3,30,9,1371,649,-1,-1,-1,-1
90,1,0,493,690,246,-1,-1,-1,-1
90,2,1102,1111,524,332,-1,-1,-1,-1
90,3,30,9,1373,650,-1,-1,-1,-1
91,1,0,493,690,247,-1,-1,-1,-1
91,2,1102,1111,524,332,-1,-1,-1,-1
91,3,30,10,1375,647,-1,-1,-1,-1
92,1,0,493,690,247,-1,-1,-1,-1
92,2,1103,1111,522,331,-1,-1,-1,-1
92,3,31,11,1375,645,-1,-1,-1,-1
93,1,0,493,690,246,-1,-1,-1,-1
93,2,1102,1111,524,331,-1,-1,-1,-1
93,3,32,11,1373,646,-1,-1,-1,-1
94,1,0,494,689,245,-1,-1,-1,-1
94,2,1103,1112,522,329,-1,-1,-1,-1
94,3,30,11,1377,645,-1,-1,-1,-1
95,1,0,494,689,245,-1,-1,-1,-1
95,2,1103,1111,522,331,-1,-1,-1,-1
95,3,29,10,1376,647,-1,-1,-1,-1
96,1,0,494,689,245,-1,-1,-1,-1
96,2,1102,1111,524,332,-1,-1,-1,-1
96,3,29,9,1375,647,-1,-1,-1,-1
97,1,0,494,690,246,-1,-1,-1,-1
97,2,1103,1111,523,331,-1,-1,-1,-1
97,3,29,10,1377,646,-1,-1,-1,-1
98,1,0,495,689,244,-1,-1,-1,-1
98,2,1104,1112,522,330,-1,-1,-1,-1
98,3,29,9,1375,649,-1,-1,-1,-1
99,1,0,495,690,244,-1,-1,-1,-1
99,2,1103,1111,524,331,-1,-1,-1,-1
99,3,30,8,1373,649,-1,-1,-1,-1
100,1,0,494,690,246,-1,-1,-1,-1
100,2,1104,1112,522,331,-1,-1,-1,-1
100,3,29,8,1374,649,-1,-1,-1,-1
101,1,0,492,691,250,-1,-1,-1,-1
101,2,1103,1112,523,332,-1,-1,-1,-1
101,3,29,10,1377,647,-1,-1,-1,-1
102,1,0,491,692,251,-1,-1,-1,-1
102,2,1103,1110,525,334,-1,-1,-1,-1
102,3,28,10,1373,648,-1,-1,-1,-1
103,1,0,492,691,250,-1,-1,-1,-1
103,2,1103,1111,524,333,-1,-1,-1,-1
103,3,27,10,1373,649,-1,-1,-1,-1
104,1,0,492,690,249,-1,-1,-1,-1
104,2,1105,1111,523,332,-1,-1,-1,-1
104,3,30,9,1371,650,-1,-1,-1,-1
105,1,0,491,691,251,-1,-1,-1,-1
105,2,1105,1111,521,331,-1,-1,-1,-1
105,3,31,9,1367,649,-1,-1,-1,-1
106,1,0,491,691,251,-1,-1,-1,-1
106,2,1104,1111,523,332,-1,-1,-1,-1
106,3,30,10,1368,649,-1,-1,-1,-1
107,1,0,491,691,250,-1,-1,-1,-1
107,2,1094,1113,532,332,-1,-1,-1,-1
107,3,25,10,1376,649,-1,-1,-1,-1
108,1,0,492,690,249,-1,-1,-1,-1
108,2,1100,1112,526,332,-1,-1,-1,-1
108,3,27,10,1376,648,-1,-1,-1,-1
109,1,0,492,691,250,-1,-1,-1,-1
109,2,1103,1111,524,333,-1,-1,-1,-1
109,3,26,10,1370,646,-1,-1,-1,-1
110,1,0,492,691,250,-1,-1,-1,-1
110,2,1105,1111,521,332,-1,-1,-1,-1
110,3,29,10,1365,647,-1,-1,-1,-1
111,1,0,492,691,250,-1,-1,-1,-1
111,2,1103,1110,523,333,-1,-1,-1,-1
111,3,29,11,1364,646,-1,-1,-1,-1
112,1,0,492,691,250,-1,-1,-1,-1
112,2,1099,1110,528,335,-1,-1,-1,-1
112,3,27,10,1367,648,-1,-1,-1,-1
113,1,0,492,691,249,-1,-1,-1,-1
113,2,1098,1110,528,334,-1,-1,-1,-1
113,3,27,9,1365,649,-1,-1,-1,-1
114,1,0,492,690,249,-1,-1,-1,-1
114,2,1100,1110,527,335,-1,-1,-1,-1
114,3,25,8,1369,649,-1,-1,-1,-1
115,1,0,491,691,250,-1,-1,-1,-1
115,2,1101,1110,526,335,-1,-1,-1,-1
115,3,23,9,1373,649,-1,-1,-1,-1
116,1,0,491,691,250,-1,-1,-1,-1
116,2,1096,1111,530,334,-1,-1,-1,-1
116,3,24,10,1373,649,-1,-1,-1,-1
117,1,0,491,692,249,-1,-1,-1,-1
117,2,1079,1112,547,334,-1,-1,-1,-1
117,3,24,10,1371,648,-1,-1,-1,-1
118,1,0,491,690,248,-1,-1,-1,-1
118,2,1096,1110,531,335,-1,-1,-1,-1
118,3,25,11,1369,648,-1,-1,-1,-1
119,1,0,491,691,249,-1,-1,-1,-1
119,2,1092,1110,536,335,-1,-1,-1,-1
119,3,25,11,1369,647,-1,-1,-1,-1
120,1,0,492,690,249,-1,-1,-1,-1
120,2,1092,1109,534,336,-1,-1,-1,-1
120,3,25,11,1367,648,-1,-1,-1,-1
121,1,0,491,691,250,-1,-1,-1,-1
121,2,1094,1108,532,337,-1,-1,-1,-1
121,3,25,12,1370,646,-1,-1,-1,-1
122,1,0,492,690,249,-1,-1,-1,-1
122,2,1093,1107,533,339,-1,-1,-1,-1
123,1,0,491,691,250,-1,-1,-1,-1
123,2,1094,1107,532,338,-1,-1,-1,-1
123,3,29,11,1356,646,-1,-1,-1,-1
124,1,0,490,691,251,-1,-1,-1,-1
124,2,1099,1106,528,339,-1,-1,-1,-1
124,3,28,12,1356,645,-1,-1,-1,-1
125,1,0,491,692,250,-1,-1,-1,-1
125,2,1099,1106,527,338,-1,-1,-1,-1
125,3,25,12,1362,646,-1,-1,-1,-1
126,1,0,492,691,248,-1,-1,-1,-1
126,2,1097,1105,530,340,-1,-1,-1,-1
126,3,24,13,1367,645,-1,-1,-1,-1
127,1,0,491,690,249,-1,-1,-1,-1
127,2,1092,1106,535,340,-1,-1,-1,-1
127,3,25,14,1365,645,-1,-1,-1,-1
128,1,0,490,690,249,-1,-1,-1,-1
128,2,1091,1107,536,339,-1,-1,-1,-1
128,3,25,11,1362,647,-1,-1,-1,-1
129,1,0,491,691,250,-1,-1,-1,-1
129,2,1094,1107,533,338,-1,-1,-1,-1
129,3,23,13,1363,643,-1,-1,-1,-1
130,1,0,490,692,252,-1,-1,-1,-1
130,2,1096,1108,531,336,-1,-1,-1,-1
130,3,26,12,1364,646,-1,-1,-1,-1
131,1,0,491,692,250,-1,-1,-1,-1
131,2,1096,1109,530,335,-1,-1,-1,-1
131,3,26,12,1361,646,-1,-1,-1,-1
132,1,0,492,691,248,-1,-1,-1,-1
132,2,1098,1108,528,336,-1,-1,-1,-1
132,3,26,12,1359,645,-1,-1,-1,-1
133,1,0,492,690,248,-1,-1,-1,-1
133,2,1099,1107,527,337,-1,-1,-1,-1
133,3,25,11,1356,647,-1,-1,-1,-1
134,1,0,491,691,249,-1,-1,-1,-1
134,2,1099,1107,527,336,-1,-1,-1,-1
134,3,24,10,1357,647,-1,-1,-1,-1
135,1,0,492,691,248,-1,-1,-1,-1
135,2,1100,1108,525,335,-1,-1,-1,-1
135,3,22,11,1362,647,-1,-1,-1,-1
136,1,0,493,690,247,-1,-1,-1,-1
136,2,1099,1107,527,336,-1,-1,-1,-1
136,3,23,11,1361,648,-1,-1,-1,-1
137,1,0,493,690,247,-1,-1,-1,-1
137,2,1100,1108,525,335,-1,-1,-1,-1
137,3,23,11,1362,648,-1,-1,-1,-1
138,1,0,492,691,248,-1,-1,-1,-1
138,2,1100,1108,525,335,-1,-1,-1,-1
138,3,25,10,1357,649,-1,-1,-1,-1
139,1,0,493,690,247,-1,-1,-1,-1
139,2,1100,1108,526,335,-1,-1,-1,-1
139,3,24,9,1359,649,-1,-1,-1,-1
140,1,0,492,690,248,-1,-1,-1,-1
140,2,1100,1109,525,333,-1,-1,-1,-1
140,3,24,9,1359,649,-1,-1,-1,-1
141,1,0,492,691,249,-1,-1,-1,-1
141,2,1100,1108,526,335,-1,-1,-1,-1
141,3,23,9,1362,649,-1,-1,-1,-1
142,1,0,492,690,248,-1,-1,-1,-1
142,2,1098,1108,528,336,-1,-1,-1,-1
142,3,25,10,1359,648,-1,-1,-1,-1
143,1,0,492,691,245,-1,-1,-1,-1
143,2,1097,1108,529,337,-1,-1,-1,-1
143,3,27,10,1352,648,-1,-1,-1,-1
144,1,0,493,690,245,-1,-1,-1,-1
144,2,1097,1108,529,336,-1,-1,-1,-1
144,3,25,11,1357,648,-1,-1,-1,-1
145,1,0,493,691,246,-1,-1,-1,-1
145,2,1095,1108,530,337,-1,-1,-1,-1
145,3,27,9,1350,649,-1,-1,-1,-1
146,1,0,494,690,244,-1,-1,-1,-1
146,2,1091,1107,535,339,-1,-1,-1,-1
146,3,24,11,1356,647,-1,-1,-1,-1
147,1,0,494,690,245,-1,-1,-1,-1
147,2,1093,1107,533,337,-1,-1,-1,-1
147,3,26,9,1350,649,-1,-1,-1,-1
148,1,0,494,690,245,-1,-1,-1,-1
148,2,1087,1108,539,336,-1,-1,-1,-1
148,3,25,8,1352,650,-1,-1,-1,-1
149,1,0,494,690,246,-1,-1,-1,-1
149,2,1075,1109,551,337,-1,-1,-1,-1
149,3,22,8,1357,649,-1,-1,-1,-1
150,1,0,493,691,247,-1,-1,-1,-1
150,2,1052,1109,574,338,-1,-1,-1,-1
150,3,24,9,1355,648,-1,-1,-1,-1
151,1,0,493,690,248,-1,-1,-1,-1
151,2,1086,1109,540,335,-1,-1,-1,-1
151,3,23,9,1380,650,-1,-1,-1,-1
152,1,0,491,690,250,-1,-1,-1,-1
152,2,1082,1110,543,335,-1,-1,-1,-1
152,3,26,8,1368,651,-1,-1,-1,-1
153,1,0,490,690,251,-1,-1,-1,-1
153,2,1076,1110,550,335,-1,-1,-1,-1
153,3,26,7,1369,651,-1,-1,-1,-1
154,1,0,491,690,250,-1,-1,-1,-1
154,2,1081,1111,544,333,-1,-1,-1,-1
154,3,27,8,1369,650,-1,-1,-1,-1
155,1,0,490,691,252,-1,-1,-1,-1
155,2,1088,1111,538,334,-1,-1,-1,-1
155,3,27,8,1366,650,-1,-1,-1,-1
156,1,0,491,690,251,-1,-1,-1,-1
156,2,1094,1111,531,332,-1,-1,-1,-1
156,3,23,8,1370,650,-1,-1,-1,-1
157,1,0,489,690,253,-1,-1,-1,-1
157,2,1096,1111,530,332,-1,-1,-1,-1
157,3,25,8,1369,649,-1,-1,-1,-1
158,1,0,489,690,253,-1,-1,-1,-1
158,2,1097,1112,529,330,-1,-1,-1,-1
158,3,28,9,1368,648,-1,-1,-1,-1
159,1,0,490,690,252,-1,-1,-1,-1
159,2,1099,1112,526,329,-1,-1,-1,-1
159,3,23,9,1380,648,-1,-1,-1,-1
160,1,0,490,690,251,-1,-1,-1,-1
160,2,1098,1112,528,330,-1,-1,-1,-1
160,3,21,10,1385,647,-1,-1,-1,-1
161,1,0,490,689,250,-1,-1,-1,-1
161,2,1099,1111,526,330,-1,-1,-1,-1
161,3,22,10,1384,647,-1,-1,-1,-1
162,1,0,490,689,251,-1,-1,-1,-1
162,2,1098,1111,528,331,-1,-1,-1,-1
162,3,20,11,1385,647,-1,-1,-1,-1
163,1,0,490,690,252,-1,-1,-1,-1
163,2,1099,1110,526,332,-1,-1,-1,-1
163,3,20,10,1383,648,-1,-1,-1,-1
164,1,0,489,691,253,-1,-1,-1,-1
164,2,1098,1110,528,332,-1,-1,-1,-1
164,3,19,10,1383,648,-1,-1,-1,-1
165,1,0,489,690,253,-1,-1,-1,-1
165,2,1100,1110,525,331,-1,-1,-1,-1
165,3,21,10,1383,647,-1,-1,-1,-1
166,1,0,489,690,251,-1,-1,-1,-1
166,2,1099,1109,526,333,-1,-1,-1,-1
166,3,25,10,1377,647,-1,-1,-1,-1
167,1,0,490,689,249,-1,-1,-1,-1
167,2,1098,1108,527,334,-1,-1,-1,-1
167,3,25,9,1374,648,-1,-1,-1,-1
168,1,0,490,689,249,-1,-1,-1,-1
168,2,1098,1105,528,337,-1,-1,-1,-1
168,3,26,9,1372,648,-1,-1,-1,-1
169,1,0,490,689,249,-1,-1,-1,-1
169,2,1095,1109,531,334,-1,-1,-1,-1
169,3,22,9,1379,649,-1,-1,-1,-1
170,1,0,490,689,250,-1,-1,-1,-1
170,2,1096,1110,530,333,-1,-1,-1,-1
170,3,20,9,1383,648,-1,-1,-1,-1
171,1,0,489,690,252,-1,-1,-1,-1
171,2,1097,1110,529,332,-1,-1,-1,-1
171,3,22,9,1382,649,-1,-1,-1,-1
172,1,0,489,690,252,-1,-1,-1,-1
172,2,1098,1110,527,332,-1,-1,-1,-1
172,3,25,9,1376,648,-1,-1,-1,-1
173,1,0,489,690,252,-1,-1,-1,-1
173,2,1097,1108,528,334,-1,-1,-1,-1
173,3,23,10,1378,647,-1,-1,-1,-1
174,1,0,489,690,252,-1,-1,-1,-1
174,2,1095,1107,531,336,-1,-1,-1,-1
174,3,26,10,1373,648,-1,-1,-1,-1
175,1,0,489,690,252,-1,-1,-1,-1
175,2,1096,1107,530,336,-1,-1,-1,-1
175,3,23,9,1381,649,-1,-1,-1,-1
176,1,0,490,689,251,-1,-1,-1,-1
176,2,1092,1106,533,337,-1,-1,-1,-1
176,3,25,8,1378,650,-1,-1,-1,-1
177,1,0,489,690,252,-1,-1,-1,-1
177,2,1085,1106,540,338,-1,-1,-1,-1
177,3,26,8,1379,651,-1,-1,-1,-1
178,1,0,489,690,252,-1,-1,-1,-1
178,2,1093,1107,533,336,-1,-1,-1,-1
178,3,25,8,1380,650,-1,-1,-1,-1
179,1,0,489,690,252,-1,-1,-1,-1
179,2,1096,1101,529,342,-1,-1,-1,-1
179,3,22,7,1379,650,-1,-1,-1,-1
180,1,0,490,690,251,-1,-1,-1,-1
180,2,1097,1102,529,340,-1,-1,-1,-1
180,3,24,7,1378,650,-1,-1,-1,-1
181,1,0,490,690,248,-1,-1,-1,-1
181,2,1096,1107,530,335,-1,-1,-1,-1
181,3,23,7,1375,650,-1,-1,-1,-1
182,1,0,490,691,247,-1,-1,-1,-1
182,2,1098,1109,528,332,-1,-1,-1,-1
182,3,28,8,1374,649,-1,-1,-1,-1
183,1,0,491,690,246,-1,-1,-1,-1
183,2,1099,1110,526,331,-1,-1,-1,-1
183,3,32,8,1370,648,-1,-1,-1,-1
184,1,0,490,690,248,-1,-1,-1,-1
184,2,1098,1111,528,332,-1,-1,-1,-1
184,3,33,8,1371,648,-1,-1,-1,-1
185,1,0,490,690,248,-1,-1,-1,-1
185,2,1099,1111,526,331,-1,-1,-1,-1
185,3,36,8,1368,648,-1,-1,-1,-1
186,1,0,490,690,249,-1,-1,-1,-1
186,2,1099,1110,526,331,-1,-1,-1,-1
186,3,34,8,1370,648,-1,-1,-1,-1
187,1,0,490,690,250,-1,-1,-1,-1
187,2,1098,1109,527,332,-1,-1,-1,-1
187,3,39,8,1360,648,-1,-1,-1,-1
188,1,0,489,690,251,-1,-1,-1,-1
188,2,1098,1108,527,333,-1,-1,-1,-1
188,3,40,9,1362,648,-1,-1,-1,-1
189,1,0,488,691,252,-1,-1,-1,-1
189,2,1097,1106,528,335,-1,-1,-1,-1
189,3,43,9,1359,649,-1,-1,-1,-1
190,1,0,488,691,251,-1,-1,-1,-1
190,2,1098,1105,527,336,-1,-1,-1,-1
190,3,44,9,1359,648,-1,-1,-1,-1
190,7,0,120,88,195,-1,-1,-1,-1
191,1,0,488,691,250,-1,-1,-1,-1
191,2,1097,1104,529,338,-1,-1,-1,-1
191,3,43,10,1363,646,-1,-1,-1,-1
191,7,0,124,96,190,-1,-1,-1,-1
192,1,0,488,691,250,-1,-1,-1,-1
192,2,1097,1105,529,337,-1,-1,-1,-1
192,3,41,9,1362,648,-1,-1,-1,-1
192,7,0,135,101,178,-1,-1,-1,-1
193,1,0,488,691,250,-1,-1,-1,-1
193,2,1096,1105,530,337,-1,-1,-1,-1
193,3,42,8,1362,648,-1,-1,-1,-1
193,7,0,115,106,200,-1,-1,-1,-1
194,1,0,489,690,249,-1,-1,-1,-1
194,2,1096,1106,530,336,-1,-1,-1,-1
194,3,44,8,1361,648,-1,-1,-1,-1
194,7,0,116,109,204,-1,-1,-1,-1
195,1,0,489,690,251,-1,-1,-1,-1
195,2,1096,1106,530,336,-1,-1,-1,-1
195,3,44,8,1355,649,-1,-1,-1,-1
195,7,0,112,114,203,-1,-1,-1,-1
196,1,0,488,691,252,-1,-1,-1,-1
196,2,1097,1107,529,335,-1,-1,-1,-1
196,3,45,8,1351,649,-1,-1,-1,-1
196,7,0,123,117,193,-1,-1,-1,-1
197,1,0,488,692,252,-1,-1,-1,-1
197,2,1099,1107,526,334,-1,-1,-1,-1
197,3,45,8,1349,650,-1,-1,-1,-1
197,7,0,153,118,164,-1,-1,-1,-1
198,1,0,488,692,252,-1,-1,-1,-1
198,2,1098,1106,528,336,-1,-1,-1,-1
198,3,44,8,1344,650,-1,-1,-1,-1
198,7,0,151,121,163,-1,-1,-1,-1
199,1,0,489,691,251,-1,-1,-1,-1
199,2,1099,1106,526,336,-1,-1,-1,-1
199,3,43,7,1345,651,-1,-1,-1,-1
199,7,0,158,127,155,-1,-1,-1,-1
200,1,0,488,691,252,-1,-1,-1,-1
200,2,1100,1106,525,335,-1,-1,-1,-1
200,3,43,7,1345,650,-1,-1,-1,-1
200,7,0,149,131,163,-1,-1,-1,-1
201,1,0,494,691,249,-1,-1,-1,-1
201,2,1099,1105,528,336,-1,-1,-1,-1
201,3,35,10,1373,648,-1,-1,-1,-1
201,7,0,143,135,171,-1,-1,-1,-1
202,1,0,494,690,248,-1,-1,-1,-1
202,2,1100,1105,526,336,-1,-1,-1,-1
202,3,35,9,1371,650,-1,-1,-1,-1
202,7,0,135,138,177,-1,-1,-1,-1
203,1,0,494,689,249,-1,-1,-1,-1
203,2,1099,1104,528,338,-1,-1,-1,-1
203,3,36,9,1369,650,-1,-1,-1,-1
203,7,0,169,145,142,-1,-1,-1,-1
204,1,0,493,691,250,-1,-1,-1,-1
204,2,1099,1103,528,338,-1,-1,-1,-1
204,3,40,7,1360,652,-1,-1,-1,-1
204,7,0,181,146,125,-1,-1,-1,-1
205,1,0,493,689,249,-1,-1,-1,-1
205,2,1100,1103,527,338,-1,-1,-1,-1
205,3,38,6,1360,653,-1,-1,-1,-1
205,7,0,171,149,138,-1,-1,-1,-1
206,1,0,492,690,250,-1,-1,-1,-1
206,2,1101,1103,524,337,-1,-1,-1,-1
206,3,39,6,1356,653,-1,-1,-1,-1
206,7,0,173,153,137,-1,-1,-1,-1
207,1,0,492,689,249,-1,-1,-1,-1
207,2,1099,1103,527,338,-1,-1,-1,-1
207,3,39,5,1356,655,-1,-1,-1,-1
207,7,0,176,156,136,-1,-1,-1,-1
208,1,0,492,689,250,-1,-1,-1,-1
208,2,1100,1103,525,337,-1,-1,-1,-1
208,3,40,6,1358,653,-1,-1,-1,-1
208,7,0,177,161,135,-1,-1,-1,-1
209,1,0,493,689,250,-1,-1,-1,-1
209,2,1100,1104,526,336,-1,-1,-1,-1
209,3,40,6,1354,652,-1,-1,-1,-1
209,7,0,171,163,141,-1,-1,-1,-1
210,1,0,493,688,250,-1,-1,-1,-1
210,2,1101,1103,524,337,-1,-1,-1,-1
210,3,42,6,1353,652,-1,-1,-1,-1
210,7,1,125,166,188,-1,-1,-1,-1
211,1,0,493,689,250,-1,-1,-1,-1
211,2,1099,1103,527,338,-1,-1,-1,-1
211,3,43,6,1352,652,-1,-1,-1,-1
211,7,0,159,172,152,-1,-1,-1,-1
212,1,0,493,689,250,-1,-1,-1,-1
212,2,1099,1105,527,336,-1,-1,-1,-1
212,3,46,6,1347,653,-1,-1,-1,-1
212,7,0,156,176,154,-1,-1,-1,-1
213,1,0,492,689,251,-1,-1,-1,-1
213,2,1100,1105,525,335,-1,-1,-1,-1
213,3,44,6,1355,654,-1,-1,-1,-1
213,7,0,168,179,140,-1,-1,-1,-1
214,1,0,493,688,250,-1,-1,-1,-1
214,2,1099,1107,527,333,-1,-1,-1,-1
214,3,46,7,1351,653,-1,-1,-1,-1
214,7,0,167,181,144,-1,-1,-1,-1
215,1,0,493,688,250,-1,-1,-1,-1
215,2,1100,1107,525,333,-1,-1,-1,-1
215,3,44,7,1352,652,-1,-1,-1,-1
215,7,0,153,184,165,-1,-1,-1,-1
216,1,0,492,689,250,-1,-1,-1,-1
216,2,1099,1107,527,334,-1,-1,-1,-1
216,3,45,8,1348,652,-1,-1,-1,-1
216,7,0,141,191,172,-1,-1,-1,-1
217,1,0,493,688,249,-1,-1,-1,-1
217,2,1100,1110,526,330,-1,-1,-1,-1
217,3,44,8,1347,651,-1,-1,-1,-1
217,7,0,130,193,181,-1,-1,-1,-1
218,1,0,493,688,250,-1,-1,-1,-1
218,2,1100,1110,526,329,-1,-1,-1,-1
218,3,45,8,1345,651,-1,-1,-1,-1
218,7,0,133,194,175,-1,-1,-1,-1
219,1,0,492,689,250,-1,-1,-1,-1
219,2,1100,1109,526,331,-1,-1,-1,-1
219,3,43,8,1349,650,-1,-1,-1,-1
219,7,0,148,198,161,-1,-1,-1,-1
220,1,0,492,688,250,-1,-1,-1,-1
220,2,1099,1109,528,331,-1,-1,-1,-1
220,3,43,8,1355,650,-1,-1,-1,-1
220,7,0,128,210,184,-1,-1,-1,-1
221,1,0,492,689,251,-1,-1,-1,-1
221,2,1101,1110,526,329,-1,-1,-1,-1
221,3,42,7,1357,652,-1,-1,-1,-1
221,7,0,130,214,185,-1,-1,-1,-1
222,1,0,492,689,250,-1,-1,-1,-1
222,2,1102,1106,527,334,-1,-1,-1,-1
222,3,40,7,1361,651,-1,-1,-1,-1
222,7,1,105,213,211,-1,-1,-1,-1
223,1,0,493,688,249,-1,-1,-1,-1
223,2,1102,1107,531,334,-1,-1,-1,-1
223,3,40,8,1357,650,-1,-1,-1,-1
223,7,0,147,216,168,-1,-1,-1,-1
224,1,0,492,689,251,-1,-1,-1,-1
224,2,1104,1103,530,337,-1,-1,-1,-1
224,3,36,8,1362,651,-1,-1,-1,-1
224,7,1,128,219,188,-1,-1,-1,-1
225,1,0,492,688,250,-1,-1,-1,-1
225,2,1099,1103,543,341,-1,-1,-1,-1
225,3,38,8,1359,650,-1,-1,-1,-1
225,7,0,136,224,177,-1,-1,-1,-1
226,1,0,492,689,251,-1,-1,-1,-1
226,2,1098,1104,547,341,-1,-1,-1,-1
226,3,40,8,1355,651,-1,-1,-1,-1
226,7,1,127,225,184,-1,-1,-1,-1
227,1,0,491,690,252,-1,-1,-1,-1
227,2,1098,1104,548,341,-1,-1,-1,-1
227,3,37,8,1361,651,-1,-1,-1,-1
227,7,0,147,230,163,-1,-1,-1,-1
228,1,0,492,690,251,-1,-1,-1,-1
228,2,1098,1105,542,339,-1,-1,-1,-1
228,3,34,9,1363,651,-1,-1,-1,-1
228,7,1,130,235,177,-1,-1,-1,-1
229,1,0,493,689,249,-1,-1,-1,-1
229,2,1101,1107,526,334,-1,-1,-1,-1
229,3,37,9,1356,650,-1,-1,-1,-1
229,7,0,134,242,180,-1,-1,-1,-1
230,1,0,492,690,250,-1,-1,-1,-1
230,2,1101,1107,521,333,-1,-1,-1,-1
230,3,36,9,1355,651,-1,-1,-1,-1
230,7,0,150,243,166,-1,-1,-1,-1
231,1,0,493,688,250,-1,-1,-1,-1
231,2,1100,1110,524,331,-1,-1,-1,-1
231,3,32,9,1357,651,-1,-1,-1,-1
231,7,0,158,246,155,-1,-1,-1,-1
232,1,0,492,689,251,-1,-1,-1,-1
232,2,1100,1110,521,330,-1,-1,-1,-1
232,3,32,9,1356,651,-1,-1,-1,-1
232,7,0,162,252,151,-1,-1,-1,-1
233,1,0,493,688,249,-1,-1,-1,-1
233,2,1099,1112,524,329,-1,-1,-1,-1
233,3,33,9,1356,651,-1,-1,-1,-1
233,7,1,161,252,151,-1,-1,-1,-1
234,1,0,493,688,250,-1,-1,-1,-1
234,2,1099,1115,522,325,-1,-1,-1,-1
234,3,34,9,1356,650,-1,-1,-1,-1
234,7,0,160,259,152,-1,-1,-1,-1
235,1,0,494,688,250,-1,-1,-1,-1
235,2,1100,1113,522,327,-1,-1,-1,-1
235,3,28,8,1363,651,-1,-1,-1,-1
235,7,0,161,263,152,-1,-1,-1,-1
236,1,0,494,689,250,-1,-1,-1,-1
236,2,1098,1113,525,327,-1,-1,-1,-1
236,3,28,7,1361,651,-1,-1,-1,-1
236,7,0,147,269,162,-1,-1,-1,-1
237,1,0,494,690,249,-1,-1,-1,-1
237,2,1099,1114,520,325,-1,-1,-1,-1
237,3,24,8,1368,651,-1,-1,-1,-1
237,7,0,161,272,150,-1,-1,-1,-1
238,1,0,494,689,248,-1,-1,-1,-1
238,2,1099,1113,520,326,-1,-1,-1,-1
238,3,28,9,1364,651,-1,-1,-1,-1
238,7,0,162,272,148,-1,-1,-1,-1
239,1,0,494,689,248,-1,-1,-1,-1
239,2,1098,1113,523,327,-1,-1,-1,-1
239,3,34,9,1358,651,-1,-1,-1,-1
239,7,0,147,275,162,-1,-1,-1,-1
240,1,0,494,689,248,-1,-1,-1,-1
240,2,1099,1114,524,326,-1,-1,-1,-1
240,3,37,9,1354,651,-1,-1,-1,-1
240,7,0,141,284,167,-1,-1,-1,-1
241,1,0,493,690,248,-1,-1,-1,-1
241,2,1099,1115,526,324,-1,-1,-1,-1
241,3,26,9,1368,651,-1,-1,-1,-1
241,7,0,143,290,167,-1,-1,-1,-1
242,1,0,494,689,247,-1,-1,-1,-1
242,2,1100,1114,530,325,-1,-1,-1,-1
242,3,12,8,1384,652,-1,-1,-1,-1
242,7,0,126,292,183,-1,-1,-1,-1
243,1,0,494,689,249,-1,-1,-1,-1
243,2,1099,1116,528,324,-1,-1,-1,-1
243,3,12,7,1385,653,-1,-1,-1,-1
243,7,0,134,296,175,-1,-1,-1,-1
244,1,0,493,690,250,-1,-1,-1,-1
244,2,1098,1117,529,326,-1,-1,-1,-1
244,3,18,7,1380,652,-1,-1,-1,-1
244,7,0,144,298,164,-1,-1,-1,-1
245,1,0,494,689,248,-1,-1,-1,-1
245,2,1098,1115,533,328,-1,-1,-1,-1
245,3,36,7,1360,652,-1,-1,-1,-1
245,7,0,118,305,192,-1,-1,-1,-1
246,1,0,494,689,248,-1,-1,-1,-1
246,2,1097,1114,534,330,-1,-1,-1,-1
246,3,33,8,1366,651,-1,-1,-1,-1
246,7,0,115,308,194,-1,-1,-1,-1
247,1,0,494,689,248,-1,-1,-1,-1
247,2,1099,1099,532,347,-1,-1,-1,-1
247,3,22,8,1379,652,-1,-1,-1,-1
247,7,0,104,309,205,-1,-1,-1,-1
248,1,0,494,689,248,-1,-1,-1,-1
248,2,1098,1089,533,357,-1,-1,-1,-1
248,3,20,8,1381,651,-1,-1,-1,-1
248,7,0,118,312,191,-1,-1,-1,-1
249,1,0,494,689,248,-1,-1,-1,-1
249,2,1095,1074,537,373,-1,-1,-1,-1
249,3,25,8,1374,652,-1,-1,-1,-1
249,7,0,141,319,167,-1,-1,-1,-1
250,1,0,492,689,251,-1,-1,-1,-1
250,2,1098,1087,536,360,-1,-1,-1,-1
250,3,30,7,1369,652,-1,-1,-1,-1
250,7,0,100,325,208,-1,-1,-1,-1
251,1,0,491,691,252,-1,-1,-1,-1
251,2,1097,1093,533,353,-1,-1,-1,-1
251,3,23,9,1393,649,-1,-1,-1,-1
251,7,0,120,323,190,-1,-1,-1,-1
252,1,0,492,690,249,-1,-1,-1,-1
252,2,1099,1082,528,363,-1,-1,-1,-1
252,3,24,10,1395,648,-1,-1,-1,-1
252,7,0,151,326,157,-1,-1,-1,-1
253,1,0,492,690,248,-1,-1,-1,-1
253,2,1098,1034,527,416,-1,-1,-1,-1
253,3,23,9,1408,649,-1,-1,-1,-1
253,7,0,83,328,224,-1,-1,-1,-1
254,1,0,492,690,249,-1,-1,-1,-1
254,2,1096,1097,533,350,-1,-1,-1,-1
254,3,25,8,1399,649,-1,-1,-1,-1
254,7,0,77,339,227,-1,-1,-1,-1
255,1,0,492,691,249,-1,-1,-1,-1
255,2,1097,1104,532,341,-1,-1,-1,-1
255,3,27,8,1397,650,-1,-1,-1,-1
255,7,0,110,342,189,-1,-1,-1,-1
256,1,0,493,690,248,-1,-1,-1,-1
256,2,1097,1112,531,332,-1,-1,-1,-1
256,3,26,8,1403,649,-1,-1,-1,-1
256,7,0,81,344,219,-1,-1,-1,-1
257,1,0,493,691,247,-1,-1,-1,-1
257,2,1097,1115,532,329,-1,-1,-1,-1
257,3,27,8,1399,649,-1,-1,-1,-1
257,7,0,101,348,199,-1,-1,-1,-1
258,1,0,494,690,246,-1,-1,-1,-1
258,2,1099,1115,528,328,-1,-1,-1,-1
258,3,33,9,1388,648,-1,-1,-1,-1
258,7,0,133,353,164,-1,-1,-1,-1
259,1,0,493,691,247,-1,-1,-1,-1
259,2,1099,1116,528,328,-1,-1,-1,-1
259,3,33,9,1392,649,-1,-1,-1,-1
259,7,0,111,355,185,-1,-1,-1,-1
260,1,0,493,691,246,-1,-1,-1,-1
260,2,1100,1116,527,327,-1,-1,-1,-1
260,3,33,8,1396,649,-1,-1,-1,-1
260,7,2,88,355,212,-1,-1,-1,-1
261,1,0,493,690,245,-1,-1,-1,-1
261,2,1100,1116,526,327,-1,-1,-1,-1
261,3,34,9,1399,648,-1,-1,-1,-1
261,7,0,139,362,154,-1,-1,-1,-1
262,1,0,493,690,247,-1,-1,-1,-1
262,2,1100,1113,525,330,-1,-1,-1,-1
262,3,35,9,1394,647,-1,-1,-1,-1
262,7,0,126,367,167,-1,-1,-1,-1
263,1,0,492,690,248,-1,-1,-1,-1
263,2,1099,1116,527,328,-1,-1,-1,-1
263,3,34,9,1389,648,-1,-1,-1,-1
263,7,0,126,370,170,-1,-1,-1,-1
264,1,0,493,690,246,-1,-1,-1,-1
264,2,1100,1114,525,329,-1,-1,-1,-1
264,3,34,9,1389,648,-1,-1,-1,-1
264,7,0,129,372,168,-1,-1,-1,-1
265,1,0,493,690,246,-1,-1,-1,-1
265,2,1100,1107,525,337,-1,-1,-1,-1
265,3,37,10,1381,647,-1,-1,-1,-1
265,7,0,141,374,155,-1,-1,-1,-1
266,1,0,492,691,247,-1,-1,-1,-1
266,2,1099,1102,526,343,-1,-1,-1,-1
266,3,38,10,1377,648,-1,-1,-1,-1
266,7,1,91,377,210,-1,-1,-1,-1
267,1,0,492,690,243,-1,-1,-1,-1
267,2,1098,1108,529,337,-1,-1,-1,-1
267,3,35,11,1378,646,-1,-1,-1,-1
267,7,1,72,381,230,-1,-1,-1,-1
268,1,0,493,690,243,-1,-1,-1,-1
268,2,1100,1108,528,334,-1,-1,-1,-1
268,3,30,11,1393,647,-1,-1,-1,-1
268,7,0,69,385,231,-1,-1,-1,-1
269,1,0,492,691,243,-1,-1,-1,-1
269,2,1101,1109,527,332,-1,-1,-1,-1
269,3,30,11,1391,648,-1,-1,-1,-1
269,7,0,68,388,233,-1,-1,-1,-1
270,1,0,494,690,242,-1,-1,-1,-1
270,2,1099,1110,528,333,-1,-1,-1,-1
270,3,25,11,1392,648,-1,-1,-1,-1
270,7,0,63,393,241,-1,-1,-1,-1
271,1,0,493,690,245,-1,-1,-1,-1
271,2,1100,1108,529,334,-1,-1,-1,-1
271,3,30,11,1381,647,-1,-1,-1,-1
271,7,0,63,396,235,-1,-1,-1,-1
272,1,0,492,691,247,-1,-1,-1,-1
272,2,1101,1109,528,333,-1,-1,-1,-1
272,3,31,11,1380,647,-1,-1,-1,-1
272,7,0,64,399,236,-1,-1,-1,-1
273,1,0,492,690,247,-1,-1,-1,-1
273,2,1102,1108,525,333,-1,-1,-1,-1
273,3,33,11,1372,647,-1,-1,-1,-1
273,7,0,70,402,230,-1,-1,-1,-1
274,1,0,491,691,249,-1,-1,-1,-1
274,2,1102,1101,525,340,-1,-1,-1,-1
274,3,34,11,1373,646,-1,-1,-1,-1
274,7,0,71,412,225,-1,-1,-1,-1
275,1,0,492,691,246,-1,-1,-1,-1
275,2,1101,1105,527,337,-1,-1,-1,-1
275,3,31,11,1380,647,-1,-1,-1,-1
275,7,0,67,416,231,-1,-1,-1,-1
276,1,0,493,690,246,-1,-1,-1,-1
276,2,1101,1110,528,332,-1,-1,-1,-1
276,3,35,11,1379,647,-1,-1,-1,-1
276,7,0,72,417,224,-1,-1,-1,-1
277,1,0,492,691,248,-1,-1,-1,-1
277,2,1099,1115,527,326,-1,-1,-1,-1
277,3,42,12,1368,645,-1,-1,-1,-1
277,7,0,60,418,234,-1,-1,-1,-1
278,1,0,492,690,247,-1,-1,-1,-1
278,2,1100,1111,525,333,-1,-1,-1,-1
278,3,42,12,1366,645,-1,-1,-1,-1
278,7,0,56,420,238,-1,-1,-1,-1
279,1,0,491,692,249,-1,-1,-1,-1
279,2,1104,1110,523,332,-1,-1,-1,-1
279,3,41,13,1363,644,-1,-1,-1,-1
279,7,0,80,426,213,-1,-1,-1,-1
280,1,0,492,691,248,-1,-1,-1,-1
280,2,1101,1107,522,338,-1,-1,-1,-1
280,3,42,14,1356,644,-1,-1,-1,-1
280,7,0,132,435,154,-1,-1,-1,-1
281,1,0,492,691,249,-1,-1,-1,-1
281,2,1101,1114,524,327,-1,-1,-1,-1
281,3,39,14,1363,644,-1,-1,-1,-1
281,7,1,80,433,208,-1,-1,-1,-1
282,1,0,491,690,251,-1,-1,-1,-1
282,2,1102,1116,524,326,-1,-1,-1,-1
282,3,37,14,1369,643,-1,-1,-1,-1
282,7,0,134,441,151,-1,-1,-1,-1
283,1,0,490,691,253,-1,-1,-1,-1
283,2,1103,1116,522,325,-1,-1,-1,-1
283,3,36,14,1369,644,-1,-1,-1,-1
283,7,1,70,441,221,-1,-1,-1,-1
284,1,0,490,692,253,-1,-1,-1,-1
284,2,1102,1115,524,326,-1,-1,-1,-1
284,3,31,13,1377,645,-1,-1,-1,-1
284,7,0,64,448,222,-1,-1,-1,-1
285,1,0,489,692,253,-1,-1,-1,-1
285,2,1101,1115,527,327,-1,-1,-1,-1
285,3,30,12,1383,646,-1,-1,-1,-1
285,7,0,62,456,226,-1,-1,-1,-1
286,1,0,489,692,253,-1,-1,-1,-1
286,2,1100,1117,529,324,-1,-1,-1,-1
286,3,31,12,1382,645,-1,-1,-1,-1
286,7,0,57,457,231,-1,-1,-1,-1
287,1,0,490,691,252,-1,-1,-1,-1
287,2,1101,1117,525,324,-1,-1,-1,-1
287,3,26,12,1388,646,-1,-1,-1,-1
287,7,0,68,460,219,-1,-1,-1,-1
288,1,0,490,691,253,-1,-1,-1,-1
288,2,1100,1117,528,325,-1,-1,-1,-1
288,3,24,13,1393,645,-1,-1,-1,-1
288,7,0,58,462,228,-1,-1,-1,-1
289,1,0,490,692,252,-1,-1,-1,-1
289,2,1100,1117,528,324,-1,-1,-1,-1
289,3,30,11,1376,647,-1,-1,-1,-1
289,7,0,46,468,241,-1,-1,-1,-1
290,1,0,490,692,252,-1,-1,-1,-1
290,2,1099,1114,528,331,-1,-1,-1,-1
290,3,26,11,1384,646,-1,-1,-1,-1
290,7,0,56,472,229,-1,-1,-1,-1
291,1,0,490,692,251,-1,-1,-1,-1
291,2,1100,1113,527,329,-1,-1,-1,-1
291,3,26,11,1383,646,-1,-1,-1,-1
291,7,0,56,473,229,-1,-1,-1,-1
292,1,0,491,691,250,-1,-1,-1,-1
292,2,1100,1114,527,328,-1,-1,-1,-1
292,3,27,11,1382,647,-1,-1,-1,-1
292,7,0,53,478,231,-1,-1,-1,-1
293,1,0,490,692,252,-1,-1,-1,-1
293,2,1099,1112,527,333,-1,-1,-1,-1
293,3,24,10,1387,649,-1,-1,-1,-1
293,7,0,59,483,224,-1,-1,-1,-1
294,1,0,491,692,251,-1,-1,-1,-1
294,2,1100,1105,527,341,-1,-1,-1,-1
294,3,26,10,1386,649,-1,-1,-1,-1
294,7,0,80,489,205,-1,-1,-1,-1
295,1,0,491,692,250,-1,-1,-1,-1
295,2,1101,1110,527,333,-1,-1,-1,-1
295,3,28,10,1384,649,-1,-1,-1,-1
295,7,0,92,490,192,-1,-1,-1,-1
296,1,0,492,692,249,-1,-1,-1,-1
296,2,1100,1091,526,356,-1,-1,-1,-1
296,3,26,11,1386,647,-1,-1,-1,-1
296,7,0,96,493,186,-1,-1,-1,-1
297,1,0,493,690,249,-1,-1,-1,-1
297,2,1099,1097,528,349,-1,-1,-1,-1
297,3,20,11,1395,648,-1,-1,-1,-1
297,7,0,74,497,208,-1,-1,-1,-1
298,1,0,492,691,250,-1,-1,-1,-1
298,2,1100,1099,528,348,-1,-1,-1,-1
298,3,23,10,1390,649,-1,-1,-1,-1
298,7,0,101,502,179,-1,-1,-1,-1
299,1,0,491,691,250,-1,-1,-1,-1
299,2,1102,1098,527,345,-1,-1,-1,-1
299,3,23,9,1390,649,-1,-1,-1,-1
299,7,0,75,503,205,-1,-1,-1,-1
300,1,0,491,691,251,-1,-1,-1,-1
300,2,1101,1103,525,339,-1,-1,-1,-1
300,3,21,9,1394,649,-1,-1,-1,-1
300,7,1,58,503,223,-1,-1,-1,-1
301,1,0,491,690,251,-1,-1,-1,-1
301,2,1102,1103,524,339,-1,-1,-1,-1
301,3,16,9,1402,650,-1,-1,-1,-1
301,7,0,64,517,217,-1,-1,-1,-1
302,1,0,491,689,252,-1,-1,-1,-1
302,2,1101,1108,524,335,-1,-1,-1,-1
302,3,15,8,1398,651,-1,-1,-1,-1
302,7,0,55,517,227,-1,-1,-1,-1
303,1,0,490,690,254,-1,-1,-1,-1
303,2,1102,1105,523,337,-1,-1,-1,-1
303,3,14,8,1404,652,-1,-1,-1,-1
303,7,0,52,518,228,-1,-1,-1,-1
304,1,0,490,689,253,-1,-1,-1,-1
304,2,1102,1104,526,339,-1,-1,-1,-1
304,3,18,10,1401,649,-1,-1,-1,-1
304,7,0,89,524,187,-1,-1,-1,-1
305,1,0,489,690,254,-1,-1,-1,-1
305,2,1101,1099,526,346,-1,-1,-1,-1
305,3,20,10,1401,650,-1,-1,-1,-1
305,7,0,49,529,232,-1,-1,-1,-1
306,1,0,489,690,254,-1,-1,-1,-1
306,2,1103,1103,526,340,-1,-1,-1,-1
306,3,25,10,1397,650,-1,-1,-1,-1
306,7,0,53,532,228,-1,-1,-1,-1
307,1,0,490,689,253,-1,-1,-1,-1
307,2,1102,1103,526,340,-1,-1,-1,-1
307,3,27,10,1386,649,-1,-1,-1,-1
307,7,0,50,534,233,-1,-1,-1,-1
308,1,0,489,690,254,-1,-1,-1,-1
308,2,1102,1106,527,337,-1,-1,-1,-1
308,3,26,10,1385,650,-1,-1,-1,-1
308,7,0,58,536,224,-1,-1,-1,-1
309,1,0,490,691,254,-1,-1,-1,-1
309,2,1102,1107,527,336,-1,-1,-1,-1
309,3,25,10,1387,650,-1,-1,-1,-1
309,7,0,61,547,220,-1,-1,-1,-1
310,1,0,489,690,254,-1,-1,-1,-1
310,2,1103,1107,526,335,-1,-1,-1,-1
310,3,22,9,1389,651,-1,-1,-1,-1
310,7,0,49,547,233,-1,-1,-1,-1
311,1,0,489,691,255,-1,-1,-1,-1
311,2,1103,1107,527,335,-1,-1,-1,-1
311,3,24,9,1387,651,-1,-1,-1,-1
311,7,0,60,550,219,-1,-1,-1,-1
312,1,0,489,691,255,-1,-1,-1,-1
312,2,1104,1107,527,336,-1,-1,-1,-1
312,3,25,9,1384,651,-1,-1,-1,-1
312,7,0,48,553,234,-1,-1,-1,-1
313,1,0,489,690,254,-1,-1,-1,-1
313,2,1102,1107,529,336,-1,-1,-1,-1
313,3,26,8,1380,652,-1,-1,-1,-1
313,7,0,37,556,245,-1,-1,-1,-1
314,1,0,489,691,254,-1,-1,-1,-1
314,2,1102,1109,529,335,-1,-1,-1,-1
314,3,26,8,1377,651,-1,-1,-1,-1
314,7,0,49,559,234,-1,-1,-1,-1
315,1,0,489,689,254,-1,-1,-1,-1
315,2,1102,1112,527,331,-1,-1,-1,-1
315,3,26,10,1381,649,-1,-1,-1,-1
315,7,0,51,563,227,-1,-1,-1,-1
316,1,0,489,691,254,-1,-1,-1,-1
316,2,1101,1113,528,330,-1,-1,-1,-1
316,3,30,11,1376,649,-1,-1,-1,-1
316,7,0,52,565,226,-1,-1,-1,-1
317,1,0,490,690,252,-1,-1,-1,-1
317,2,1102,1113,526,330,-1,-1,-1,-1
317,3,30,11,1378,648,-1,-1,-1,-1
317,7,0,46,569,233,-1,-1,-1,-1
318,1,0,490,690,252,-1,-1,-1,-1
318,2,1101,1113,528,331,-1,-1,-1,-1
318,3,30,11,1381,649,-1,-1,-1,-1
318,7,0,39,573,240,-1,-1,-1,-1
319,1,0,490,689,253,-1,-1,-1,-1
319,2,1102,1111,525,332,-1,-1,-1,-1
319,3,31,11,1380,649,-1,-1,-1,-1
319,7,2,22,573,257,-1,-1,-1,-1
320,1,0,489,690,255,-1,-1,-1,-1
320,2,1102,1111,526,332,-1,-1,-1,-1
320,3,32,10,1379,650,-1,-1,-1,-1
320,7,0,23,582,253,-1,-1,-1,-1
321,1,0,490,690,254,-1,-1,-1,-1
321,2,1102,1111,525,332,-1,-1,-1,-1
321,3,32,11,1380,649,-1,-1,-1,-1
321,7,0,16,579,260,-1,-1,-1,-1
322,1,0,489,691,256,-1,-1,-1,-1
322,2,1102,1109,524,335,-1,-1,-1,-1
322,3,31,11,1382,649,-1,-1,-1,-1
322,7,0,19,586,254,-1,-1,-1,-1
323,1,0,489,691,256,-1,-1,-1,-1
323,2,1101,1108,527,336,-1,-1,-1,-1
323,3,33,11,1377,649,-1,-1,-1,-1
323,7,0,17,591,256,-1,-1,-1,-1
324,1,0,489,691,255,-1,-1,-1,-1
324,2,1102,1109,525,335,-1,-1,-1,-1
324,3,32,11,1378,649,-1,-1,-1,-1
324,7,0,18,596,253,-1,-1,-1,-1
325,1,0,489,691,255,-1,-1,-1,-1
325,2,1103,1109,524,334,-1,-1,-1,-1
325,3,29,11,1381,649,-1,-1,-1,-1
325,7,0,24,599,246,-1,-1,-1,-1
326,1,0,489,691,255,-1,-1,-1,-1
326,2,1102,1108,525,335,-1,-1,-1,-1
326,3,33,12,1375,647,-1,-1,-1,-1
326,7,0,41,601,227,-1,-1,-1,-1
327,1,0,489,690,255,-1,-1,-1,-1
327,2,1101,1110,526,334,-1,-1,-1,-1
327,3,34,13,1372,647,-1,-1,-1,-1
327,7,0,48,606,221,-1,-1,-1,-1
328,1,0,489,691,256,-1,-1,-1,-1
328,2,1101,1112,526,332,-1,-1,-1,-1
328,3,31,11,1379,649,-1,-1,-1,-1
328,7,0,43,608,225,-1,-1,-1,-1
329,1,0,489,691,256,-1,-1,-1,-1
329,2,1102,1113,524,330,-1,-1,-1,-1
329,3,31,11,1376,648,-1,-1,-1,-1
329,7,0,40,611,228,-1,-1,-1,-1
330,1,0,489,691,256,-1,-1,-1,-1
330,2,1102,1113,524,331,-1,-1,-1,-1
330,3,31,12,1375,647,-1,-1,-1,-1
330,7,0,38,619,229,-1,-1,-1,-1
331,1,0,489,691,255,-1,-1,-1,-1
331,2,1101,1113,525,332,-1,-1,-1,-1
331,3,30,13,1376,647,-1,-1,-1,-1
331,7,0,36,624,231,-1,-1,-1,-1
332,1,0,488,692,256,-1,-1,-1,-1
332,2,1102,1114,523,330,-1,-1,-1,-1
332,3,28,13,1379,647,-1,-1,-1,-1
332,7,0,38,629,231,-1,-1,-1,-1
333,1,0,489,691,255,-1,-1,-1,-1
333,2,1102,1114,522,330,-1,-1,-1,-1
333,3,31,15,1375,644,-1,-1,-1,-1
333,7,0,39,631,231,-1,-1,-1,-1
334,1,0,488,692,256,-1,-1,-1,-1
334,2,1101,1114,523,330,-1,-1,-1,-1
334,3,30,13,1372,647,-1,-1,-1,-1
334,7,0,38,638,233,-1,-1,-1,-1
335,1,0,489,690,255,-1,-1,-1,-1
335,2,1102,1113,522,331,-1,-1,-1,-1
335,3,31,13,1369,647,-1,-1,-1,-1
335,7,1,37,641,234,-1,-1,-1,-1
336,1,0,488,692,256,-1,-1,-1,-1
336,2,1100,1112,524,333,-1,-1,-1,-1
336,3,28,10,1374,651,-1,-1,-1,-1
336,7,1,38,646,230,-1,-1,-1,-1
337,1,0,488,692,255,-1,-1,-1,-1
337,2,1099,1111,526,333,-1,-1,-1,-1
337,3,28,10,1375,650,-1,-1,-1,-1
337,7,6,37,646,232,-1,-1,-1,-1
338,1,0,488,692,255,-1,-1,-1,-1
338,2,1100,1112,525,332,-1,-1,-1,-1
338,3,30,10,1371,650,-1,-1,-1,-1
338,7,4,35,684,232,-1,-1,-1,-1
339,1,0,488,692,255,-1,-1,-1,-1
339,2,1100,1111,525,334,-1,-1,-1,-1
339,3,31,9,1369,652,-1,-1,-1,-1
339,7,8,34,699,233,-1,-1,-1,-1
340,1,0,489,691,255,-1,-1,-1,-1
340,2,1099,1110,527,336,-1,-1,-1,-1
340,3,32,8,1368,652,-1,-1,-1,-1
340,7,16,31,740,235,-1,-1,-1,-1
341,1,0,489,692,254,-1,-1,-1,-1
341,2,1101,1108,524,337,-1,-1,-1,-1
341,3,34,7,1364,653,-1,-1,-1,-1
341,7,20,26,789,239,-1,-1,-1,-1
342,1,0,490,691,253,-1,-1,-1,-1
342,2,1099,1110,526,335,-1,-1,-1,-1
342,3,36,6,1359,654,-1,-1,-1,-1
342,7,33,17,781,250,-1,-1,-1,-1
343,1,0,490,691,253,-1,-1,-1,-1
343,2,1101,1110,523,334,-1,-1,-1,-1
343,3,36,6,1360,653,-1,-1,-1,-1
344,1,0,490,691,253,-1,-1,-1,-1
344,2,1100,1111,524,333,-1,-1,-1,-1
344,3,36,6,1361,653,-1,-1,-1,-1
345,1,0,491,691,252,-1,-1,-1,-1
345,2,1101,1112,523,332,-1,-1,-1,-1
345,3,35,5,1364,653,-1,-1,-1,-1
345,7,35,18,952,247,-1,-1,-1,-1
346,1,0,491,691,252,-1,-1,-1,-1
346,2,1101,1112,523,332,-1,-1,-1,-1
346,3,36,5,1363,653,-1,-1,-1,-1
346,7,36,21,967,244,-1,-1,-1,-1
347,1,0,490,691,253,-1,-1,-1,-1
347,2,1100,1112,526,333,-1,-1,-1,-1
347,3,37,5,1361,653,-1,-1,-1,-1
347,7,40,21,965,243,-1,-1,-1,-1
348,1,0,490,691,254,-1,-1,-1,-1
348,2,1101,1112,523,332,-1,-1,-1,-1
348,3,37,4,1360,655,-1,-1,-1,-1
348,7,43,15,955,249,-1,-1,-1,-1
349,1,0,490,691,253,-1,-1,-1,-1
349,2,1101,1112,524,332,-1,-1,-1,-1
349,3,35,3,1364,656,-1,-1,-1,-1
349,7,52,10,955,256,-1,-1,-1,-1
350,1,0,490,691,252,-1,-1,-1,-1
350,2,1101,1112,525,333,-1,-1,-1,-1
350,3,34,3,1366,655,-1,-1,-1,-1
351,1,0,491,691,253,-1,-1,-1,-1
351,2,1101,1110,526,333,-1,-1,-1,-1
351,3,33,3,1374,655,-1,-1,-1,-1
351,7,63,19,735,245,-1,-1,-1,-1
352,1,0,490,690,253,-1,-1,-1,-1
352,2,1103,1111,523,332,-1,-1,-1,-1
352,3,35,6,1373,651,-1,-1,-1,-1
352,7,63,27,730,235,-1,-1,-1,-1
353,1,0,491,691,253,-1,-1,-1,-1
353,2,1103,1110,523,334,-1,-1,-1,-1
353,3,37,7,1370,651,-1,-1,-1,-1
353,7,70,27,760,235,-1,-1,-1,-1
354,1,0,492,690,252,-1,-1,-1,-1
354,2,1101,1111,526,333,-1,-1,-1,-1
354,3,37,7,1370,651,-1,-1,-1,-1
354,7,73,25,786,237,-1,-1,-1,-1
355,1,0,491,691,253,-1,-1,-1,-1
355,2,1101,1111,526,332,-1,-1,-1,-1
355,3,37,6,1370,652,-1,-1,-1,-1
355,7,77,24,830,237,-1,-1,-1,-1
356,1,0,491,692,253,-1,-1,-1,-1
356,2,1102,1112,523,330,-1,-1,-1,-1
356,3,37,7,1372,650,-1,-1,-1,-1
356,7,82,25,794,235,-1,-1,-1,-1
357,1,0,492,691,251,-1,-1,-1,-1
357,2,1102,1113,523,330,-1,-1,-1,-1
357,3,37,5,1372,653,-1,-1,-1,-1
357,7,87,26,702,234,-1,-1,-1,-1
358,1,0,492,690,251,-1,-1,-1,-1
358,2,1102,1113,523,331,-1,-1,-1,-1
358,3,36,4,1374,654,-1,-1,-1,-1
358,7,86,25,694,234,-1,-1,-1,-1
359,1,0,492,690,251,-1,-1,-1,-1
359,2,1102,1112,523,332,-1,-1,-1,-1
359,3,35,7,1377,651,-1,-1,-1,-1
359,7,86,26,695,230,-1,-1,-1,-1
360,1,0,492,691,252,-1,-1,-1,-1
360,2,1101,1111,525,334,-1,-1,-1,-1
360,3,35,7,1376,652,-1,-1,-1,-1
360,7,92,27,677,228,-1,-1,-1,-1
361,1,0,492,691,251,-1,-1,-1,-1
361,2,1101,1112,525,333,-1,-1,-1,-1
361,3,34,5,1377,654,-1,-1,-1,-1
361,7,99,25,664,234,-1,-1,-1,-1
362,1,0,492,691,250,-1,-1,-1,-1
362,2,1102,1112,523,333,-1,-1,-1,-1
362,3,33,5,1378,653,-1,-1,-1,-1
362,7,102,23,654,235,-1,-1,-1,-1
363,1,0,493,690,248,-1,-1,-1,-1
363,2,1101,1111,525,334,-1,-1,-1,-1
363,3,33,6,1378,651,-1,-1,-1,-1
363,7,104,23,659,233,-1,-1,-1,-1
364,1,0,493,690,248,-1,-1,-1,-1
364,2,1100,1112,525,332,-1,-1,-1,-1
364,3,32,7,1378,650,-1,-1,-1,-1
364,7,107,23,664,233,-1,-1,-1,-1
365,1,0,493,690,248,-1,-1,-1,-1
365,2,1102,1113,522,330,-1,-1,-1,-1
365,3,33,5,1379,654,-1,-1,-1,-1
365,7,105,19,662,238,-1,-1,-1,-1
366,1,0,493,690,248,-1,-1,-1,-1
366,2,1102,1113,522,330,-1,-1,-1,-1
366,3,31,4,1380,654,-1,-1,-1,-1
366,7,111,17,654,238,-1,-1,-1,-1
367,1,0,493,691,247,-1,-1,-1,-1
367,2,1101,1113,525,331,-1,-1,-1,-1
367,3,29,4,1380,654,-1,-1,-1,-1
367,7,116,18,653,236,-1,-1,-1,-1
368,1,0,494,690,246,-1,-1,-1,-1
368,2,1102,1114,523,330,-1,-1,-1,-1
368,3,30,5,1379,653,-1,-1,-1,-1
368,7,118,26,655,227,-1,-1,-1,-1
369,1,0,494,690,246,-1,-1,-1,-1
369,2,1102,1113,522,331,-1,-1,-1,-1
369,3,31,5,1376,654,-1,-1,-1,-1
369,7,127,24,645,230,-1,-1,-1,-1
370,1,0,493,690,248,-1,-1,-1,-1
370,2,1101,1112,524,333,-1,-1,-1,-1
370,3,29,6,1380,652,-1,-1,-1,-1
370,7,133,25,641,227,-1,-1,-1,-1
371,1,0,492,691,249,-1,-1,-1,-1
371,2,1101,1112,524,333,-1,-1,-1,-1
371,3,27,7,1383,651,-1,-1,-1,-1
371,7,137,23,635,228,-1,-1,-1,-1
372,1,0,493,691,248,-1,-1,-1,-1
372,2,1101,1112,524,333,-1,-1,-1,-1
372,3,28,8,1382,650,-1,-1,-1,-1
372,7,145,21,629,230,-1,-1,-1,-1
373,1,0,492,690,249,-1,-1,-1,-1
373,2,1101,1112,523,332,-1,-1,-1,-1
373,3,28,10,1382,648,-1,-1,-1,-1
373,7,148,21,633,231,-1,-1,-1,-1
374,1,0,492,690,250,-1,-1,-1,-1
374,2,1101,1112,523,333,-1,-1,-1,-1
374,3,30,11,1384,647,-1,-1,-1,-1
374,7,151,21,632,232,-1,-1,-1,-1
375,1,0,491,691,251,-1,-1,-1,-1
375,2,1101,1111,524,334,-1,-1,-1,-1
375,3,30,17,1384,641,-1,-1,-1,-1
375,7,154,23,632,230,-1,-1,-1,-1
376,1,0,492,690,250,-1,-1,-1,-1
376,2,1102,1111,524,334,-1,-1,-1,-1
376,3,31,16,1377,643,-1,-1,-1,-1
376,7,158,24,631,228,-1,-1,-1,-1
377,1,0,491,691,252,-1,-1,-1,-1
377,2,1101,1111,525,334,-1,-1,-1,-1
377,3,31,16,1378,643,-1,-1,-1,-1
377,7,163,19,628,233,-1,-1,-1,-1
378,1,0,491,691,252,-1,-1,-1,-1
378,2,1102,1111,524,334,-1,-1,-1,-1
378,3,30,18,1379,641,-1,-1,-1,-1
378,7,167,19,628,232,-1,-1,-1,-1
379,1,0,490,691,251,-1,-1,-1,-1
379,2,1101,1111,525,334,-1,-1,-1,-1
379,3,31,18,1376,641,-1,-1,-1,-1
379,7,171,19,627,229,-1,-1,-1,-1
380,1,0,491,691,250,-1,-1,-1,-1
380,2,1101,1111,525,334,-1,-1,-1,-1
380,3,30,17,1378,642,-1,-1,-1,-1
380,7,173,21,627,226,-1,-1,-1,-1
381,1,0,492,690,249,-1,-1,-1,-1
381,2,1102,1112,523,333,-1,-1,-1,-1
381,3,29,18,1381,641,-1,-1,-1,-1
381,7,173,17,630,231,-1,-1,-1,-1
382,1,0,491,691,251,-1,-1,-1,-1
382,2,1101,1112,525,333,-1,-1,-1,-1
382,3,30,14,1380,646,-1,-1,-1,-1
382,7,180,13,626,233,-1,-1,-1,-1
383,1,0,491,691,251,-1,-1,-1,-1
383,2,1102,1113,522,331,-1,-1,-1,-1
383,3,32,12,1375,647,-1,-1,-1,-1
383,7,185,14,624,232,-1,-1,-1,-1
384,1,0,492,690,250,-1,-1,-1,-1
384,2,1102,1113,522,331,-1,-1,-1,-1
384,3,31,12,1377,647,-1,-1,-1,-1
384,7,187,18,626,226,-1,-1,-1,-1
385,1,0,491,691,252,-1,-1,-1,-1
385,2,1101,1112,524,332,-1,-1,-1,-1
385,3,31,13,1379,646,-1,-1,-1,-1
385,7,193,22,626,222,-1,-1,-1,-1
386,1,0,491,691,251,-1,-1,-1,-1
386,2,1102,1113,523,330,-1,-1,-1,-1
386,3,33,12,1379,647,-1,-1,-1,-1
386,7,202,22,618,224,-1,-1,-1,-1
387,1,0,490,691,251,-1,-1,-1,-1
387,2,1102,1113,523,331,-1,-1,-1,-1
387,3,32,12,1380,646,-1,-1,-1,-1
387,7,200,20,625,226,-1,-1,-1,-1
388,1,0,490,690,250,-1,-1,-1,-1
388,2,1100,1113,526,332,-1,-1,-1,-1
388,3,33,12,1375,646,-1,-1,-1,-1
388,7,205,20,626,224,-1,-1,-1,-1
389,1,0,491,691,249,-1,-1,-1,-1
389,2,1101,1113,523,331,-1,-1,-1,-1
389,3,34,10,1374,649,-1,-1,-1,-1
389,7,209,19,626,224,-1,-1,-1,-1
390,1,0,491,691,248,-1,-1,-1,-1
390,2,1101,1113,523,332,-1,-1,-1,-1
390,3,36,8,1372,651,-1,-1,-1,-1
390,7,210,18,627,225,-1,-1,-1,-1
391,1,0,492,690,248,-1,-1,-1,-1
391,2,1100,1112,526,334,-1,-1,-1,-1
391,3,35,8,1375,650,-1,-1,-1,-1
391,7,210,16,630,227,-1,-1,-1,-1
392,1,0,492,691,248,-1,-1,-1,-1
392,2,1100,1112,525,333,-1,-1,-1,-1
392,3,34,9,1377,649,-1,-1,-1,-1
392,7,211,17,634,224,-1,-1,-1,-1
393,1,0,491,690,249,-1,-1,-1,-1
393,2,1101,1112,524,334,-1,-1,-1,-1
393,3,35,8,1372,651,-1,-1,-1,-1
393,7,215,15,633,227,-1,-1,-1,-1
394,1,0,492,691,249,-1,-1,-1,-1
394,2,1101,1111,524,335,-1,-1,-1,-1
394,3,35,7,1378,652,-1,-1,-1,-1
394,7,215,15,638,226,-1,-1,-1,-1
395,1,0,492,690,248,-1,-1,-1,-1
395,2,1100,1111,526,337,-1,-1,-1,-1
395,3,35,6,1377,652,-1,-1,-1,-1
395,7,213,15,642,224,-1,-1,-1,-1
396,1,0,492,690,249,-1,-1,-1,-1
396,2,1101,1112,525,335,-1,-1,-1,-1
396,3,34,7,1378,651,-1,-1,-1,-1
396,7,227,13,631,228,-1,-1,-1,-1
397,1,0,491,692,250,-1,-1,-1,-1
397,2,1101,1112,523,335,-1,-1,-1,-1
397,3,33,4,1383,654,-1,-1,-1,-1
397,7,223,11,640,231,-1,-1,-1,-1
398,1,0,491,691,249,-1,-1,-1,-1
398,2,1100,1111,526,336,-1,-1,-1,-1
398,3,35,3,1379,654,-1,-1,-1,-1
398,7,240,10,625,231,-1,-1,-1,-1
399,1,0,492,691,248,-1,-1,-1,-1
399,2,1100,1111,525,336,-1,-1,-1,-1
399,3,33,3,1384,655,-1,-1,-1,-1
399,7,244,10,627,231,-1,-1,-1,-1
400,1,0,492,691,248,-1,-1,-1,-1
400,2,1099,1111,526,334,-1,-1,-1,-1
400,3,33,3,1382,654,-1,-1,-1,-1
400,7,245,8,629,233,-1,-1,-1,-1
401,1,0,493,690,250,-1,-1,-1,-1
401,2,1100,1112,526,332,-1,-1,-1,-1
401,3,28,5,1387,653,-1,-1,-1,-1
401,7,247,9,637,230,-1,-1,-1,-1
402,1,0,491,690,251,-1,-1,-1,-1
402,2,1099,1112,527,333,-1,-1,-1,-1
402,3,25,6,1390,652,-1,-1,-1,-1
402,7,250,10,643,227,-1,-1,-1,-1
403,1,0,491,690,252,-1,-1,-1,-1
403,2,1099,1111,528,334,-1,-1,-1,-1
403,3,28,5,1383,652,-1,-1,-1,-1
403,7,259,7,632,232,-1,-1,-1,-1
404,1,0,491,691,253,-1,-1,-1,-1
404,2,1100,1112,526,333,-1,-1,-1,-1
404,3,31,4,1377,653,-1,-1,-1,-1
404,7,271,6,621,233,-1,-1,-1,-1
405,1,0,492,691,252,-1,-1,-1,-1
405,2,1100,1112,526,332,-1,-1,-1,-1
405,3,28,3,1384,654,-1,-1,-1,-1
405,7,266,4,656,235,-1,-1,-1,-1
406,1,0,492,691,252,-1,-1,-1,-1
406,2,1102,1112,523,331,-1,-1,-1,-1
406,3,27,4,1387,653,-1,-1,-1,-1
406,7,274,3,648,236,-1,-1,-1,-1
407,1,0,492,691,251,-1,-1,-1,-1
407,2,1101,1112,525,332,-1,-1,-1,-1
407,3,29,3,1383,654,-1,-1,-1,-1
407,7,277,4,625,235,-1,-1,-1,-1
408,1,0,493,690,249,-1,-1,-1,-1
408,2,1102,1113,523,330,-1,-1,-1,-1
408,3,26,3,1391,655,-1,-1,-1,-1
408,7,285,3,621,237,-1,-1,-1,-1
409,1,0,493,690,250,-1,-1,-1,-1
409,2,1101,1113,526,330,-1,-1,-1,-1
409,3,26,3,1387,654,-1,-1,-1,-1
409,7,280,7,691,233,-1,-1,-1,-1
410,1,0,492,690,251,-1,-1,-1,-1
410,2,1102,1113,524,330,-1,-1,-1,-1
410,3,26,3,1388,654,-1,-1,-1,-1
410,7,286,8,686,230,-1,-1,-1,-1
411,1,0,491,691,252,-1,-1,-1,-1
411,2,1102,1113,524,331,-1,-1,-1,-1
411,3,26,2,1387,654,-1,-1,-1,-1
411,7,296,8,661,229,-1,-1,-1,-1
412,1,0,491,690,252,-1,-1,-1,-1
412,2,1102,1113,525,331,-1,-1,-1,-1
412,3,28,1,1382,654,-1,-1,-1,-1
412,7,306,9,617,225,-1,-1,-1,-1
413,1,0,490,691,254,-1,-1,-1,-1
413,2,1103,1114,523,330,-1,-1,-1,-1
413,3,28,2,1381,654,-1,-1,-1,-1
413,7,307,8,632,225,-1,-1,-1,-1
414,1,0,491,691,252,-1,-1,-1,-1
414,2,1101,1113,526,331,-1,-1,-1,-1
414,3,28,3,1381,653,-1,-1,-1,-1
414,7,310,7,650,229,-1,-1,-1,-1
415,1,0,492,690,251,-1,-1,-1,-1
415,2,1103,1113,523,330,-1,-1,-1,-1
415,3,28,2,1381,654,-1,-1,-1,-1
415,7,305,1,682,239,-1,-1,-1,-1
416,1,0,491,691,252,-1,-1,-1,-1
416,2,1102,1113,525,331,-1,-1,-1,-1
416,3,29,2,1378,655,-1,-1,-1,-1
416,7,313,1,626,237,-1,-1,-1,-1
417,1,0,492,690,250,-1,-1,-1,-1
417,2,1102,1113,524,330,-1,-1,-1,-1
417,3,26,1,1380,656,-1,-1,-1,-1
417,7,316,5,618,229,-1,-1,-1,-1
418,1,0,492,690,251,-1,-1,-1,-1
418,2,1103,1113,523,330,-1,-1,-1,-1
418,3,25,3,1382,653,-1,-1,-1,-1
418,7,317,4,626,232,-1,-1,-1,-1
419,1,0,491,691,253,-1,-1,-1,-1
419,2,1103,1113,523,330,-1,-1,-1,-1
419,3,26,4,1379,650,-1,-1,-1,-1
419,7,321,11,630,226,-1,-1,-1,-1
420,1,0,491,691,253,-1,-1,-1,-1
420,2,1102,1113,525,330,-1,-1,-1,-1
420,3,28,2,1380,653,-1,-1,-1,-1
420,7,334,4,613,232,-1,-1,-1,-1
421,1,0,491,690,252,-1,-1,-1,-1
421,2,1102,1113,525,330,-1,-1,-1,-1
421,3,34,5,1365,648,-1,-1,-1,-1
422,1,0,490,691,254,-1,-1,-1,-1
422,2,1103,1113,523,330,-1,-1,-1,-1
422,3,34,6,1365,647,-1,-1,-1,-1
422,7,350,9,615,224,-1,-1,-1,-1
423,1,0,491,691,253,-1,-1,-1,-1
423,2,1103,1113,523,330,-1,-1,-1,-1
423,3,36,4,1359,650,-1,-1,-1,-1
423,7,352,4,605,226,-1,-1,-1,-1
424,1,0,491,691,253,-1,-1,-1,-1
424,2,1103,1112,524,332,-1,-1,-1,-1
424,3,33,4,1368,649,-1,-1,-1,-1
424,7,339,14,623,217,-1,-1,-1,-1
425,1,0,491,690,253,-1,-1,-1,-1
425,2,1103,1113,524,331,-1,-1,-1,-1
425,3,34,7,1367,646,-1,-1,-1,-1
425,7,356,12,601,220,-1,-1,-1,-1
426,1,0,491,691,254,-1,-1,-1,-1
426,2,1103,1113,522,330,-1,-1,-1,-1
426,3,34,6,1366,648,-1,-1,-1,-1
426,7,358,8,607,221,-1,-1,-1,-1
427,1,0,491,691,254,-1,-1,-1,-1
427,2,1103,1113,524,330,-1,-1,-1,-1
427,3,33,6,1366,647,-1,-1,-1,-1
428,1,0,491,691,253,-1,-1,-1,-1
428,2,1104,1114,522,329,-1,-1,-1,-1
428,3,33,6,1367,647,-1,-1,-1,-1
429,1,0,492,690,251,-1,-1,-1,-1
429,2,1104,1114,523,329,-1,-1,-1,-1
429,3,32,3,1374,653,-1,-1,-1,-1
429,7,346,13,679,214,-1,-1,-1,-1
430,1,0,492,690,251,-1,-1,-1,-1
430,2,1104,1113,523,331,-1,-1,-1,-1
430,3,31,2,1372,654,-1,-1,-1,-1
430,7,353,5,676,226,-1,-1,-1,-1
431,1,0,492,691,251,-1,-1,-1,-1
431,2,1103,1112,525,333,-1,-1,-1,-1
431,3,32,4,1369,651,-1,-1,-1,-1
432,1,0,492,691,251,-1,-1,-1,-1
432,2,1103,1112,524,332,-1,-1,-1,-1
432,3,32,4,1367,652,-1,-1,-1,-1
432,7,359,12,673,213,-1,-1,-1,-1
433,1,0,492,692,250,-1,-1,-1,-1
433,2,1103,1112,524,332,-1,-1,-1,-1
433,3,34,9,1361,645,-1,-1,-1,-1
434,1,0,492,691,251,-1,-1,-1,-1
434,2,1104,1112,522,332,-1,-1,-1,-1
434,3,33,8,1369,648,-1,-1,-1,-1
435,1,0,491,692,252,-1,-1,-1,-1
435,2,1104,1113,522,331,-1,-1,-1,-1
435,3,31,4,1373,653,-1,-1,-1,-1
435,7,376,5,656,222,-1,-1,-1,-1
436,1,0,492,692,251,-1,-1,-1,-1
436,2,1103,1113,523,332,-1,-1,-1,-1
436,3,29,4,1376,652,-1,-1,-1,-1
436,7,383,5,653,221,-1,-1,-1,-1
437,1,0,493,691,249,-1,-1,-1,-1
437,2,1101,1112,525,333,-1,-1,-1,-1
437,3,30,3,1376,654,-1,-1,-1,-1
437,7,391,5,632,220,-1,-1,-1,-1
438,1,0,492,691,250,-1,-1,-1,-1
438,2,1101,1112,526,333,-1,-1,-1,-1
438,3,30,4,1379,652,-1,-1,-1,-1
438,7,391,3,646,221,-1,-1,-1,-1
439,1,0,492,691,250,-1,-1,-1,-1
439,2,1101,1112,526,333,-1,-1,-1,-1
439,3,32,5,1374,652,-1,-1,-1,-1
439,7,398,1,660,224,-1,-1,-1,-1
440,1,0,492,691,251,-1,-1,-1,-1
440,2,1101,1112,526,332,-1,-1,-1,-1
440,3,32,6,1372,651,-1,-1,-1,-1
441,1,0,491,692,253,-1,-1,-1,-1
441,2,1103,1113,523,330,-1,-1,-1,-1
441,3,33,6,1371,651,-1,-1,-1,-1
442,1,0,492,692,252,-1,-1,-1,-1
442,2,1103,1113,523,330,-1,-1,-1,-1
442,3,29,6,1378,650,-1,-1,-1,-1
443,1,0,492,692,251,-1,-1,-1,-1
443,2,1103,1113,523,330,-1,-1,-1,-1
443,3,30,5,1375,652,-1,-1,-1,-1
444,1,0,490,692,251,-1,-1,-1,-1
444,2,1103,1113,522,330,-1,-1,-1,-1
444,3,30,4,1376,653,-1,-1,-1,-1
444,7,405,4,622,223,-1,-1,-1,-1
445,1,0,490,693,250,-1,-1,-1,-1
445,2,1102,1113,524,330,-1,-1,-1,-1
445,3,29,4,1378,652,-1,-1,-1,-1
445,7,409,5,627,222,-1,-1,-1,-1
446,1,0,492,691,250,-1,-1,-1,-1
446,2,1101,1113,525,330,-1,-1,-1,-1
446,3,30,5,1378,651,-1,-1,-1,-1
447,1,0,491,692,251,-1,-1,-1,-1
447,2,1102,1113,524,331,-1,-1,-1,-1
447,3,32,5,1372,652,-1,-1,-1,-1
447,7,410,6,637,220,-1,-1,-1,-1
448,1,0,491,692,251,-1,-1,-1,-1
448,2,1101,1112,526,333,-1,-1,-1,-1
448,3,31,5,1375,651,-1,-1,-1,-1
449,1,0,490,693,252,-1,-1,-1,-1
449,2,1101,1112,526,333,-1,-1,-1,-1
449,3,32,6,1375,650,-1,-1,-1,-1
450,1,0,490,692,251,-1,-1,-1,-1
450,2,1101,1112,526,332,-1,-1,-1,-1
450,3,31,6,1374,650,-1,-1,-1,-1
451,1,0,490,694,251,-1,-1,-1,-1
451,2,1101,1111,526,334,-1,-1,-1,-1
451,3,30,5,1391,651,-1,-1,-1,-1
451,7,435,1,607,227,-1,-1,-1,-1
452,1,0,491,693,250,-1,-1,-1,-1
452,2,1100,1111,528,334,-1,-1,-1,-1
452,3,31,5,1387,651,-1,-1,-1,-1
452,7,439,1,612,227,-1,-1,-1,-1
453,1,0,492,693,250,-1,-1,-1,-1
453,2,1100,1111,528,334,-1,-1,-1,-1
453,3,31,5,1389,652,-1,-1,-1,-1
453,7,443,1,610,226,-1,-1,-1,-1
454,1,0,492,691,249,-1,-1,-1,-1
454,2,1100,1111,526,334,-1,-1,-1,-1
454,3,31,5,1390,651,-1,-1,-1,-1
454,7,444,0,614,226,-1,-1,-1,-1
455,1,0,492,691,248,-1,-1,-1,-1
455,2,1100,1110,527,335,-1,-1,-1,-1
455,3,29,6,1394,650,-1,-1,-1,-1
456,1,0,491,693,249,-1,-1,-1,-1
456,2,1100,1111,527,333,-1,-1,-1,-1
456,3,31,7,1388,650,-1,-1,-1,-1
457,1,0,491,691,248,-1,-1,-1,-1
457,2,1101,1111,525,333,-1,-1,-1,-1
457,3,32,6,1376,651,-1,-1,-1,-1
458,1,0,491,692,248,-1,-1,-1,-1
458,2,1100,1110,528,335,-1,-1,-1,-1
458,3,30,6,1378,652,-1,-1,-1,-1
459,1,0,491,693,248,-1,-1,-1,-1
459,2,1101,1110,526,334,-1,-1,-1,-1
459,3,31,6,1376,652,-1,-1,-1,-1
460,1,0,491,693,248,-1,-1,-1,-1
460,2,1102,1111,525,333,-1,-1,-1,-1
460,3,32,6,1374,651,-1,-1,-1,-1
461,1,0,491,693,248,-1,-1,-1,-1
461,2,1101,1110,527,334,-1,-1,-1,-1
461,3,32,9,1375,648,-1,-1,-1,-1
462,1,0,491,692,248,-1,-1,-1,-1
462,2,1102,1110,525,334,-1,-1,-1,-1
462,3,30,11,1379,646,-1,-1,-1,-1
463,1,0,491,694,248,-1,-1,-1,-1
463,2,1102,1111,524,333,-1,-1,-1,-1
463,3,33,9,1370,648,-1,-1,-1,-1
464,1,0,490,695,248,-1,-1,-1,-1
464,2,1101,1110,527,334,-1,-1,-1,-1
464,3,31,9,1373,647,-1,-1,-1,-1
465,1,0,491,695,247,-1,-1,-1,-1
465,2,1102,1110,525,333,-1,-1,-1,-1
465,3,29,10,1377,647,-1,-1,-1,-1
466,1,0,492,694,246,-1,-1,-1,-1
466,2,1102,1111,525,333,-1,-1,-1,-1
466,3,29,10,1377,647,-1,-1,-1,-1
467,1,0,493,693,245,-1,-1,-1,-1
467,2,1101,1110,527,335,-1,-1,-1,-1
467,3,30,13,1374,643,-1,-1,-1,-1
468,1,0,493,693,245,-1,-1,-1,-1
468,2,1101,1110,527,334,-1,-1,-1,-1
468,3,31,14,1373,643,-1,-1,-1,-1
469,1,0,493,693,245,-1,-1,-1,-1
469,2,1101,1110,526,333,-1,-1,-1,-1
469,3,31,14,1374,642,-1,-1,-1,-1
469,7,592,63,500,151,-1,-1,-1,-1
470,1,0,492,694,248,-1,-1,-1,-1
470,2,1102,1111,525,332,-1,-1,-1,-1
470,3,32,19,1373,637,-1,-1,-1,-1
470,7,596,63,497,151,-1,-1,-1,-1
471,1,0,491,695,250,-1,-1,-1,-1
471,2,1102,1110,524,334,-1,-1,-1,-1
471,3,34,23,1369,632,-1,-1,-1,-1
471,7,600,65,493,152,-1,-1,-1,-1
472,1,0,491,694,249,-1,-1,-1,-1
472,2,1101,1109,527,336,-1,-1,-1,-1
472,3,33,20,1373,637,-1,-1,-1,-1
473,1,0,491,693,250,-1,-1,-1,-1
473,2,1101,1109,526,335,-1,-1,-1,-1
473,3,34,15,1369,642,-1,-1,-1,-1
473,7,625,62,475,154,-1,-1,-1,-1
474,1,0,490,694,250,-1,-1,-1,-1
474,2,1101,1110,526,334,-1,-1,-1,-1
474,3,34,12,1368,645,-1,-1,-1,-1
475,1,0,491,693,249,-1,-1,-1,-1
475,2,1102,1111,524,332,-1,-1,-1,-1
475,3,35,11,1367,646,-1,-1,-1,-1
475,7,607,57,502,159,-1,-1,-1,-1
476,1,0,491,692,249,-1,-1,-1,-1
476,2,1102,1110,525,334,-1,-1,-1,-1
476,3,34,10,1366,648,-1,-1,-1,-1
476,7,616,62,492,153,-1,-1,-1,-1
477,1,0,491,693,250,-1,-1,-1,-1
477,2,1102,1110,526,335,-1,-1,-1,-1
477,3,33,9,1366,648,-1,-1,-1,-1
477,7,612,60,501,155,-1,-1,-1,-1
478,1,0,491,693,250,-1,-1,-1,-1
478,2,1102,1110,525,335,-1,-1,-1,-1
478,3,32,9,1366,648,-1,-1,-1,-1
478,7,626,64,488,150,-1,-1,-1,-1
479,1,0,491,693,249,-1,-1,-1,-1
479,2,1102,1110,525,335,-1,-1,-1,-1
479,3,31,9,1367,648,-1,-1,-1,-1
480,1,0,492,692,248,-1,-1,-1,-1
480,2,1102,1110,526,335,-1,-1,-1,-1
480,3,31,11,1367,646,-1,-1,-1,-1
481,1,0,492,693,249,-1,-1,-1,-1
481,2,1103,1110,524,334,-1,-1,-1,-1
481,3,32,7,1360,651,-1,-1,-1,-1
481,7,645,67,477,146,-1,-1,-1,-1
482,1,0,491,693,249,-1,-1,-1,-1
482,2,1102,1109,526,336,-1,-1,-1,-1
482,3,31,6,1365,652,-1,-1,-1,-1
482,7,643,66,479,146,-1,-1,-1,-1
483,1,0,492,693,248,-1,-1,-1,-1
483,2,1102,1109,526,336,-1,-1,-1,-1
483,3,32,7,1361,651,-1,-1,-1,-1
483,7,646,67,480,145,-1,-1,-1,-1
484,1,0,491,694,250,-1,-1,-1,-1
484,2,1102,1109,526,335,-1,-1,-1,-1
484,3,32,8,1362,650,-1,-1,-1,-1
484,7,634,64,494,148,-1,-1,-1,-1
485,1,0,491,694,250,-1,-1,-1,-1
485,2,1103,1109,524,334,-1,-1,-1,-1
485,3,32,8,1361,649,-1,-1,-1,-1
485,7,641,64,490,147,-1,-1,-1,-1
486,1,0,492,693,248,-1,-1,-1,-1
486,2,1103,1110,524,333,-1,-1,-1,-1
486,3,31,8,1369,650,-1,-1,-1,-1
486,7,643,66,495,145,-1,-1,-1,-1
487,1,0,493,692,247,-1,-1,-1,-1
487,2,1102,1110,526,334,-1,-1,-1,-1
487,3,29,7,1376,651,-1,-1,-1,-1
487,7,648,66,490,146,-1,-1,-1,-1
488,1,0,493,693,247,-1,-1,-1,-1
488,2,1102,1110,525,333,-1,-1,-1,-1
488,3,30,8,1377,649,-1,-1,-1,-1
488,7,653,66,489,147,-1,-1,-1,-1
489,1,0,493,693,247,-1,-1,-1,-1
489,2,1104,1111,523,331,-1,-1,-1,-1
489,3,31,9,1375,648,-1,-1,-1,-1
489,7,648,62,496,152,-1,-1,-1,-1
490,1,0,492,693,249,-1,-1,-1,-1
490,2,1104,1111,523,332,-1,-1,-1,-1
490,3,31,12,1375,645,-1,-1,-1,-1
490,7,655,51,490,161,-1,-1,-1,-1
491,1,0,492,693,250,-1,-1,-1,-1
491,2,1104,1111,523,332,-1,-1,-1,-1
491,3,32,12,1371,646,-1,-1,-1,-1
491,7,657,30,491,183,-1,-1,-1,-1
492,1,0,492,693,250,-1,-1,-1,-1
492,2,1104,1110,523,333,-1,-1,-1,-1
492,3,33,11,1367,648,-1,-1,-1,-1
492,7,630,11,527,201,-1,-1,-1,-1
493,1,0,492,693,247,-1,-1,-1,-1
493,2,1103,1110,524,333,-1,-1,-1,-1
493,3,31,8,1374,650,-1,-1,-1,-1
493,7,638,43,526,166,-1,-1,-1,-1
494,1,0,493,692,246,-1,-1,-1,-1
494,2,1104,1111,522,332,-1,-1,-1,-1
494,3,28,7,1375,650,-1,-1,-1,-1
494,7,666,42,492,168,-1,-1,-1,-1
495,1,0,493,692,246,-1,-1,-1,-1
495,2,1104,1111,522,332,-1,-1,-1,-1
495,3,28,7,1376,650,-1,-1,-1,-1
495,7,629,10,533,202,-1,-1,-1,-1
496,1,0,493,692,248,-1,-1,-1,-1
496,2,1104,1111,522,333,-1,-1,-1,-1
496,3,28,6,1371,652,-1,-1,-1,-1
496,7,653,16,515,194,-1,-1,-1,-1
497,1,0,492,693,249,-1,-1,-1,-1
497,2,1103,1110,525,335,-1,-1,-1,-1
497,3,26,5,1377,652,-1,-1,-1,-1
497,7,645,13,522,198,-1,-1,-1,-1
498,1,0,493,692,248,-1,-1,-1,-1
498,2,1103,1110,525,334,-1,-1,-1,-1
498,3,26,6,1379,651,-1,-1,-1,-1
498,7,651,10,514,202,-1,-1,-1,-1
499,1,0,492,692,249,-1,-1,-1,-1
499,2,1104,1111,523,332,-1,-1,-1,-1
499,3,27,7,1377,649,-1,-1,-1,-1
499,7,655,10,515,202,-1,-1,-1,-1
500,1,0,493,692,250,-1,-1,-1,-1
500,2,1103,1111,524,332,-1,-1,-1,-1
500,3,28,7,1375,650,-1,-1,-1,-1
500,7,662,9,512,203,-1,-1,-1,-1
501,1,0,491,695,251,-1,-1,-1,-1
501,2,1101,1112,525,332,-1,-1,-1,-1
501,3,25,7,1375,650,-1,-1,-1,-1
501,7,685,53,507,152,-1,-1,-1,-1
502,1,0,492,694,250,-1,-1,-1,-1
502,2,1102,1113,523,331,-1,-1,-1,-1
502,3,30,5,1366,653,-1,-1,-1,-1
502,7,687,60,486,149,-1,-1,-1,-1
503,1,0,492,695,251,-1,-1,-1,-1
503,2,1101,1111,525,332,-1,-1,-1,-1
503,3,26,6,1379,651,-1,-1,-1,-1
503,7,668,32,510,178,-1,-1,-1,-1
504,1,0,492,695,250,-1,-1,-1,-1
504,2,1102,1112,523,331,-1,-1,-1,-1
504,3,26,7,1379,650,-1,-1,-1,-1
505,1,0,492,694,250,-1,-1,-1,-1
505,2,1101,1112,525,332,-1,-1,-1,-1
505,3,27,7,1375,651,-1,-1,-1,-1
505,7,695,20,493,191,-1,-1,-1,-1
506,1,0,493,694,250,-1,-1,-1,-1
506,2,1102,1113,523,330,-1,-1,-1,-1
506,3,25,7,1378,651,-1,-1,-1,-1
506,7,689,16,500,194,-1,-1,-1,-1
507,1,0,493,694,249,-1,-1,-1,-1
507,2,1102,1112,523,331,-1,-1,-1,-1
507,3,26,11,1379,647,-1,-1,-1,-1
507,7,677,4,512,206,-1,-1,-1,-1
508,1,0,494,693,247,-1,-1,-1,-1
508,2,1102,1112,525,332,-1,-1,-1,-1
508,3,27,9,1377,650,-1,-1,-1,-1
508,7,686,3,503,208,-1,-1,-1,-1
509,1,0,494,693,248,-1,-1,-1,-1
509,2,1103,1113,523,331,-1,-1,-1,-1
509,3,26,9,1378,649,-1,-1,-1,-1
509,7,685,5,505,205,-1,-1,-1,-1
510,1,0,493,694,249,-1,-1,-1,-1
510,2,1103,1113,523,332,-1,-1,-1,-1
510,3,27,9,1377,650,-1,-1,-1,-1
510,7,694,3,498,208,-1,-1,-1,-1
511,1,0,494,692,248,-1,-1,-1,-1
511,2,1103,1113,523,332,-1,-1,-1,-1
511,3,25,9,1380,649,-1,-1,-1,-1
511,7,694,3,506,206,-1,-1,-1,-1
512,1,0,493,693,249,-1,-1,-1,-1
512,2,1103,1113,522,332,-1,-1,-1,-1
512,3,24,7,1381,651,-1,-1,-1,-1
512,7,687,2,514,207,-1,-1,-1,-1
513,1,0,494,692,247,-1,-1,-1,-1
513,2,1103,1113,522,332,-1,-1,-1,-1
513,3,23,7,1383,650,-1,-1,-1,-1
513,7,688,1,516,207,-1,-1,-1,-1
514,1,0,494,693,247,-1,-1,-1,-1
514,2,1103,1113,522,332,-1,-1,-1,-1
514,3,24,10,1382,648,-1,-1,-1,-1
514,7,702,4,503,204,-1,-1,-1,-1
515,1,0,494,693,248,-1,-1,-1,-1
515,2,1103,1112,522,332,-1,-1,-1,-1
515,3,25,13,1380,645,-1,-1,-1,-1
515,7,705,3,503,206,-1,-1,-1,-1
516,1,0,492,694,249,-1,-1,-1,-1
516,2,1102,1111,524,332,-1,-1,-1,-1
516,3,26,12,1376,646,-1,-1,-1,-1
516,7,703,1,507,207,-1,-1,-1,-1
517,1,0,492,693,248,-1,-1,-1,-1
517,2,1100,1112,525,333,-1,-1,-1,-1
517,3,25,10,1377,648,-1,-1,-1,-1
518,1,0,492,694,249,-1,-1,-1,-1
518,2,1100,1112,525,334,-1,-1,-1,-1
518,3,24,10,1381,647,-1,-1,-1,-1
518,7,706,2,510,204,-1,-1,-1,-1
519,1,0,492,694,250,-1,-1,-1,-1
519,2,1099,1111,527,335,-1,-1,-1,-1
519,3,24,14,1382,643,-1,-1,-1,-1
519,7,711,2,508,206,-1,-1,-1,-1
520,1,0,491,696,252,-1,-1,-1,-1
520,2,1100,1111,526,334,-1,-1,-1,-1
520,3,24,14,1382,644,-1,-1,-1,-1
520,7,727,2,493,206,-1,-1,-1,-1
521,1,0,490,694,251,-1,-1,-1,-1
521,2,1100,1111,527,334,-1,-1,-1,-1
521,3,25,14,1382,643,-1,-1,-1,-1
521,7,734,1,485,206,-1,-1,-1,-1
522,1,0,490,695,252,-1,-1,-1,-1
522,2,1100,1112,526,334,-1,-1,-1,-1
522,3,26,14,1378,644,-1,-1,-1,-1
522,7,741,12,480,193,-1,-1,-1,-1
523,1,0,489,696,254,-1,-1,-1,-1
523,2,1099,1110,528,336,-1,-1,-1,-1
523,3,26,14,1378,644,-1,-1,-1,-1
523,7,737,10,483,197,-1,-1,-1,-1
524,1,0,490,694,253,-1,-1,-1,-1
524,2,1100,1111,527,334,-1,-1,-1,-1
524,3,26,20,1375,636,-1,-1,-1,-1
524,7,724,1,496,206,-1,-1,-1,-1
525,1,0,491,694,252,-1,-1,-1,-1
525,2,1101,1112,525,333,-1,-1,-1,-1
525,3,24,21,1381,636,-1,-1,-1,-1
525,7,719,0,506,206,-1,-1,-1,-1
526,1,0,491,692,252,-1,-1,-1,-1
526,2,1100,1111,527,334,-1,-1,-1,-1
526,3,27,14,1373,644,-1,-1,-1,-1
526,7,731,1,497,204,-1,-1,-1,-1
527,1,0,491,691,251,-1,-1,-1,-1
527,2,1101,1111,525,334,-1,-1,-1,-1
527,3,25,15,1381,642,-1,-1,-1,-1
527,7,729,1,507,204,-1,-1,-1,-1
528,1,0,490,692,251,-1,-1,-1,-1
528,2,1100,1110,527,336,-1,-1,-1,-1
528,3,25,17,1381,640,-1,-1,-1,-1
528,7,726,1,510,204,-1,-1,-1,-1
529,1,0,492,692,247,-1,-1,-1,-1
529,2,1100,1110,527,336,-1,-1,-1,-1
529,3,24,20,1381,637,-1,-1,-1,-1
529,7,732,0,504,205,-1,-1,-1,-1
530,1,0,493,691,245,-1,-1,-1,-1
530,2,1099,1111,527,334,-1,-1,-1,-1
530,3,25,23,1380,634,-1,-1,-1,-1
530,7,728,0,510,205,-1,-1,-1,-1
531,1,0,493,691,245,-1,-1,-1,-1
531,2,1100,1112,526,332,-1,-1,-1,-1
531,3,26,24,1376,634,-1,-1,-1,-1
531,7,735,0,503,204,-1,-1,-1,-1
532,1,0,493,691,245,-1,-1,-1,-1
532,2,1100,1112,526,332,-1,-1,-1,-1
532,3,27,23,1368,635,-1,-1,-1,-1
532,7,735,0,503,204,-1,-1,-1,-1
533,1,0,493,691,245,-1,-1,-1,-1
533,2,1101,1112,525,332,-1,-1,-1,-1
533,3,25,25,1377,632,-1,-1,-1,-1
533,7,742,0,498,203,-1,-1,-1,-1
534,1,0,493,691,246,-1,-1,-1,-1
534,2,1101,1112,525,332,-1,-1,-1,-1
534,3,26,26,1373,632,-1,-1,-1,-1
534,7,745,0,498,203,-1,-1,-1,-1
535,1,0,492,692,247,-1,-1,-1,-1
535,2,1101,1112,525,332,-1,-1,-1,-1
535,3,26,26,1372,632,-1,-1,-1,-1
535,7,745,0,502,203,-1,-1,-1,-1
536,1,0,493,692,246,-1,-1,-1,-1
536,2,1101,1112,525,332,-1,-1,-1,-1
536,3,30,26,1361,632,-1,-1,-1,-1
536,7,740,0,511,203,-1,-1,-1,-1
537,1,0,493,692,247,-1,-1,-1,-1
537,2,1102,1111,524,334,-1,-1,-1,-1
537,3,29,26,1362,631,-1,-1,-1,-1
537,7,742,0,512,203,-1,-1,-1,-1
538,1,0,492,692,248,-1,-1,-1,-1
538,2,1101,1110,525,335,-1,-1,-1,-1
538,3,29,23,1365,635,-1,-1,-1,-1
538,7,747,0,509,204,-1,-1,-1,-1
539,1,0,491,693,250,-1,-1,-1,-1
539,2,1101,1110,526,335,-1,-1,-1,-1
539,3,31,23,1356,634,-1,-1,-1,-1
539,7,750,0,507,204,-1,-1,-1,-1
540,1,0,492,693,249,-1,-1,-1,-1
540,2,1100,1110,527,335,-1,-1,-1,-1
540,3,28,24,1362,633,-1,-1,-1,-1
540,7,753,0,507,202,-1,-1,-1,-1
541,1,0,492,692,249,-1,-1,-1,-1
541,2,1100,1110,527,334,-1,-1,-1,-1
541,3,26,25,1371,633,-1,-1,-1,-1
541,7,757,0,500,203,-1,-1,-1,-1
542,1,0,492,691,248,-1,-1,-1,-1
542,2,1100,1111,527,333,-1,-1,-1,-1
542,3,25,20,1369,639,-1,-1,-1,-1
542,7,749,0,514,203,-1,-1,-1,-1
543,1,0,491,692,248,-1,-1,-1,-1
543,2,1101,1112,525,331,-1,-1,-1,-1
543,3,25,20,1369,638,-1,-1,-1,-1
543,7,752,0,515,202,-1,-1,-1,-1
544,1,0,491,692,247,-1,-1,-1,-1
544,2,1101,1111,525,333,-1,-1,-1,-1
544,3,26,18,1366,641,-1,-1,-1,-1
544,7,757,0,513,201,-1,-1,-1,-1
545,1,0,492,691,248,-1,-1,-1,-1
545,2,1100,1110,527,335,-1,-1,-1,-1
545,3,25,19,1371,639,-1,-1,-1,-1
545,7,760,0,508,201,-1,-1,-1,-1
546,1,0,491,692,248,-1,-1,-1,-1
546,2,1100,1110,527,335,-1,-1,-1,-1
546,3,24,19,1375,640,-1,-1,-1,-1
546,7,757,0,513,201,-1,-1,-1,-1
547,1,0,492,691,247,-1,-1,-1,-1
547,2,1100,1110,527,335,-1,-1,-1,-1
547,3,26,17,1375,642,-1,-1,-1,-1
547,7,761,0,509,201,-1,-1,-1,-1
548,1,0,491,692,249,-1,-1,-1,-1
548,2,1100,1111,527,334,-1,-1,-1,-1
548,3,26,19,1373,639,-1,-1,-1,-1
548,7,766,0,504,201,-1,-1,-1,-1
549,1,0,491,692,249,-1,-1,-1,-1
549,2,1100,1111,527,333,-1,-1,-1,-1
549,3,26,18,1377,641,-1,-1,-1,-1
549,7,766,0,505,200,-1,-1,-1,-1
550,1,0,491,692,248,-1,-1,-1,-1
550,2,1101,1112,524,331,-1,-1,-1,-1
550,3,25,21,1377,637,-1,-1,-1,-1
550,7,771,0,501,200,-1,-1,-1,-1
551,1,0,492,691,250,-1,-1,-1,-1
551,2,1101,1110,523,333,-1,-1,-1,-1
551,3,25,23,1365,635,-1,-1,-1,-1
551,7,778,0,502,200,-1,-1,-1,-1
552,1,0,491,692,252,-1,-1,-1,-1
552,2,1100,1110,525,334,-1,-1,-1,-1
552,3,25,26,1364,632,-1,-1,-1,-1
552,7,795,0,486,199,-1,-1,-1,-1
553,1,0,492,693,251,-1,-1,-1,-1
553,2,1100,1111,526,333,-1,-1,-1,-1
553,3,27,26,1363,633,-1,-1,-1,-1
553,7,790,0,493,199,-1,-1,-1,-1
554,1,0,493,693,250,-1,-1,-1,-1
554,2,1101,1111,524,332,-1,-1,-1,-1
554,3,32,26,1341,633,-1,-1,-1,-1
554,7,790,0,494,200,-1,-1,-1,-1
555,1,0,492,693,252,-1,-1,-1,-1
555,2,1101,1111,524,333,-1,-1,-1,-1
555,3,25,26,1364,633,-1,-1,-1,-1
555,7,794,0,491,200,-1,-1,-1,-1
556,1,0,492,693,251,-1,-1,-1,-1
556,2,1100,1111,526,334,-1,-1,-1,-1
556,3,25,26,1364,633,-1,-1,-1,-1
556,7,795,0,493,199,-1,-1,-1,-1
557,1,0,492,693,249,-1,-1,-1,-1
557,2,1101,1112,524,332,-1,-1,-1,-1
557,3,25,25,1363,634,-1,-1,-1,-1
557,7,795,0,492,199,-1,-1,-1,-1
558,1,0,493,692,247,-1,-1,-1,-1
558,2,1101,1112,524,332,-1,-1,-1,-1
558,3,24,28,1366,631,-1,-1,-1,-1
558,7,803,0,485,199,-1,-1,-1,-1
559,1,0,493,692,247,-1,-1,-1,-1
559,2,1101,1111,524,333,-1,-1,-1,-1
559,3,26,26,1369,634,-1,-1,-1,-1
559,7,801,0,489,198,-1,-1,-1,-1
560,1,0,492,692,248,-1,-1,-1,-1
560,2,1101,1110,525,335,-1,-1,-1,-1
560,3,26,28,1368,630,-1,-1,-1,-1
560,7,795,0,497,197,-1,-1,-1,-1
561,1,0,491,692,249,-1,-1,-1,-1
561,2,1101,1110,525,335,-1,-1,-1,-1
561,3,29,27,1358,633,-1,-1,-1,-1
561,7,795,0,500,197,-1,-1,-1,-1
562,1,0,491,693,250,-1,-1,-1,-1
562,2,1101,1109,526,337,-1,-1,-1,-1
562,3,28,31,1361,628,-1,-1,-1,-1
562,7,799,0,498,198,-1,-1,-1,-1
563,1,0,492,693,249,-1,-1,-1,-1
563,2,1100,1110,527,336,-1,-1,-1,-1
563,3,28,28,1360,632,-1,-1,-1,-1
563,7,803,0,494,198,-1,-1,-1,-1
564,1,0,491,692,249,-1,-1,-1,-1
564,2,1101,1110,525,335,-1,-1,-1,-1
564,3,25,27,1364,633,-1,-1,-1,-1
564,7,798,0,500,198,-1,-1,-1,-1
565,1,0,491,693,249,-1,-1,-1,-1
565,2,1101,1110,525,334,-1,-1,-1,-1
565,3,24,34,1353,626,-1,-1,-1,-1
565,7,802,1,503,196,-1,-1,-1,-1
566,1,0,492,692,248,-1,-1,-1,-1
566,2,1101,1110,524,334,-1,-1,-1,-1
566,3,24,33,1358,628,-1,-1,-1,-1
566,7,798,1,506,195,-1,-1,-1,-1
567,1,0,492,692,249,-1,-1,-1,-1
567,2,1100,1110,526,334,-1,-1,-1,-1
567,3,28,25,1357,635,-1,-1,-1,-1
567,7,806,0,496,196,-1,-1,-1,-1
568,1,0,491,693,251,-1,-1,-1,-1
568,2,1101,1111,524,332,-1,-1,-1,-1
568,3,25,25,1355,635,-1,-1,-1,-1
568,7,794,0,511,197,-1,-1,-1,-1
569,1,0,491,693,251,-1,-1,-1,-1
569,2,1101,1110,524,333,-1,-1,-1,-1
569,3,26,24,1354,637,-1,-1,-1,-1
569,7,807,0,501,196,-1,-1,-1,-1
570,1,0,492,692,249,-1,-1,-1,-1
570,2,1100,1109,526,335,-1,-1,-1,-1
570,3,24,24,1355,636,-1,-1,-1,-1
570,7,805,1,505,195,-1,-1,-1,-1
571,1,0,492,692,248,-1,-1,-1,-1
571,2,1101,1110,524,334,-1,-1,-1,-1
571,3,25,24,1353,637,-1,-1,-1,-1
571,7,824,0,491,195,-1,-1,-1,-1
572,1,0,492,692,249,-1,-1,-1,-1
572,2,1100,1109,526,335,-1,-1,-1,-1
572,3,25,20,1341,640,-1,-1,-1,-1
572,7,825,0,493,196,-1,-1,-1,-1
573,1,0,492,691,251,-1,-1,-1,-1
573,2,1100,1110,526,334,-1,-1,-1,-1
573,3,22,23,1353,637,-1,-1,-1,-1
573,7,839,1,482,195,-1,-1,-1,-1
574,1,0,492,691,250,-1,-1,-1,-1
574,2,1101,1111,524,334,-1,-1,-1,-1
574,3,24,22,1359,639,-1,-1,-1,-1
574,7,860,1,469,196,-1,-1,-1,-1
575,1,0,493,691,249,-1,-1,-1,-1
575,2,1100,1110,526,335,-1,-1,-1,-1
575,3,23,23,1366,637,-1,-1,-1,-1
575,7,838,1,492,196,-1,-1,-1,-1
576,1,0,493,691,250,-1,-1,-1,-1
576,2,1100,1109,526,336,-1,-1,-1,-1
576,3,25,21,1352,640,-1,-1,-1,-1
576,7,868,1,450,195,-1,-1,-1,-1
577,1,0,492,692,249,-1,-1,-1,-1
577,2,1100,1110,527,335,-1,-1,-1,-1
577,3,26,24,1359,636,-1,-1,-1,-1
577,7,881,2,440,193,-1,-1,-1,-1
578,1,0,493,691,248,-1,-1,-1,-1
578,2,1102,1110,523,334,-1,-1,-1,-1
578,3,28,26,1355,634,-1,-1,-1,-1
578,7,878,1,449,195,-1,-1,-1,-1
579,1,0,492,692,249,-1,-1,-1,-1
579,2,1102,1110,523,335,-1,-1,-1,-1
579,3,31,25,1349,636,-1,-1,-1,-1
579,7,860,0,570,197,-1,-1,-1,-1
580,1,0,493,691,247,-1,-1,-1,-1
580,2,1100,1109,526,337,-1,-1,-1,-1
580,3,26,25,1359,635,-1,-1,-1,-1
580,7,851,0,637,197,-1,-1,-1,-1
581,1,0,493,691,247,-1,-1,-1,-1
581,2,1100,1110,526,335,-1,-1,-1,-1
581,3,26,21,1360,639,-1,-1,-1,-1
581,7,873,0,581,196,-1,-1,-1,-1
582,1,0,493,691,247,-1,-1,-1,-1
582,2,1101,1110,524,334,-1,-1,-1,-1
582,3,25,21,1355,638,-1,-1,-1,-1
582,7,890,0,560,196,-1,-1,-1,-1
