3,1,443,352,187,139,-1,-1,-1,-1
3,2,460,4,1458,755,-1,-1,-1,-1
4,1,443,352,187,139,-1,-1,-1,-1
4,2,462,3,1456,755,-1,-1,-1,-1
5,1,443,352,187,139,-1,-1,-1,-1
5,2,480,3,1438,757,-1,-1,-1,-1
6,1,443,351,187,139,-1,-1,-1,-1
6,2,485,5,1434,754,-1,-1,-1,-1
7,1,444,352,185,137,-1,-1,-1,-1
7,2,490,4,1428,754,-1,-1,-1,-1
8,1,444,352,185,137,-1,-1,-1,-1
8,2,497,4,1421,755,-1,-1,-1,-1
9,1,444,352,185,137,-1,-1,-1,-1
9,2,504,4,1414,755,-1,-1,-1,-1
10,1,444,352,185,137,-1,-1,-1,-1
10,2,508,4,1410,752,-1,-1,-1,-1
11,1,444,352,185,137,-1,-1,-1,-1
11,2,506,3,1412,752,-1,-1,-1,-1
12,1,444,352,185,137,-1,-1,-1,-1
12,2,499,4,1419,751,-1,-1,-1,-1
13,1,444,352,185,137,-1,-1,-1,-1
13,2,507,5,1410,750,-1,-1,-1,-1
14,1,443,352,187,138,-1,-1,-1,-1
14,2,523,5,1394,750,-1,-1,-1,-1
15,1,443,352,187,137,-1,-1,-1,-1
15,2,531,5,1386,750,-1,-1,-1,-1
16,1,444,353,185,135,-1,-1,-1,-1
16,2,532,5,1387,749,-1,-1,-1,-1
17,1,444,353,185,135,-1,-1,-1,-1
17,2,503,4,1416,749,-1,-1,-1,-1
18,1,445,353,183,135,-1,-1,-1,-1
18,2,516,4,1403,752,-1,-1,-1,-1
19,1,445,353,183,135,-1,-1,-1,-1
19,2,559,6,1359,747,-1,-1,-1,-1
20,1,444,353,185,136,-1,-1,-1,-1
20,2,501,4,1418,750,-1,-1,-1,-1
21,1,444,354,184,134,-1,-1,-1,-1
21,2,530,4,1389,750,-1,-1,-1,-1
22,1,444,353,184,135,-1,-1,-1,-1
22,2,545,5,1374,749,-1,-1,-1,-1
23,1,444,353,184,135,-1,-1,-1,-1
23,2,598,5,1320,748,-1,-1,-1,-1
24,1,443,353,186,136,-1,-1,-1,-1
24,2,616,5,1301,749,-1,-1,-1,-1
25,1,444,354,184,134,-1,-1,-1,-1
25,2,558,5,1361,748,-1,-1,-1,-1
26,1,444,354,184,134,-1,-1,-1,-1
26,2,617,4,1300,747,-1,-1,-1,-1
27,1,444,354,184,134,-1,-1,-1,-1
27,2,620,5,1298,743,-1,-1,-1,-1
28,1,444,354,185,134,-1,-1,-1,-1
28,2,619,4,1300,743,-1,-1,-1,-1
29,1,444,354,185,134,-1,-1,-1,-1
29,2,646,4,1272,752,-1,-1,-1,-1
30,1,444,354,184,134,-1,-1,-1,-1
30,2,623,3,1296,750,-1,-1,-1,-1
31,1,444,354,184,134,-1,-1,-1,-1
31,2,625,3,1294,748,-1,-1,-1,-1
32,1,444,354,184,134,-1,-1,-1,-1
32,2,664,3,1255,747,-1,-1,-1,-1
33,1,444,354,184,134,-1,-1,-1,-1
33,2,661,4,1258,741,-1,-1,-1,-1
34,1,443,354,186,135,-1,-1,-1,-1
34,2,676,2,1243,746,-1,-1,-1,-1
35,1,444,354,185,134,-1,-1,-1,-1
35,2,692,3,1227,744,-1,-1,-1,-1
36,1,444,354,185,134,-1,-1,-1,-1
36,2,700,3,1219,742,-1,-1,-1,-1
37,1,443,354,186,134,-1,-1,-1,-1
37,2,713,3,1206,741,-1,-1,-1,-1
38,1,444,354,185,134,-1,-1,-1,-1
38,2,722,2,1196,744,-1,-1,-1,-1
39,1,444,353,185,135,-1,-1,-1,-1
39,2,729,1,1188,747,-1,-1,-1,-1
40,1,443,352,187,137,-1,-1,-1,-1
40,2,734,2,1185,742,-1,-1,-1,-1
41,1,443,352,187,137,-1,-1,-1,-1
41,2,743,1,1176,742,-1,-1,-1,-1
42,1,443,352,187,137,-1,-1,-1,-1
42,2,749,2,1170,741,-1,-1,-1,-1
43,1,443,352,187,137,-1,-1,-1,-1
43,2,761,2,1158,740,-1,-1,-1,-1
44,1,443,352,187,137,-1,-1,-1,-1
44,2,771,0,1148,743,-1,-1,-1,-1
45,1,443,352,187,137,-1,-1,-1,-1
45,2,776,1,1143,741,-1,-1,-1,-1
46,1,443,352,187,137,-1,-1,-1,-1
46,2,786,1,1132,742,-1,-1,-1,-1
47,1,443,352,187,137,-1,-1,-1,-1
47,2,790,3,1129,738,-1,-1,-1,-1
48,1,443,352,187,137,-1,-1,-1,-1
48,2,797,3,1122,737,-1,-1,-1,-1
49,1,443,352,187,137,-1,-1,-1,-1
49,2,805,3,1113,736,-1,-1,-1,-1
50,1,443,352,187,137,-1,-1,-1,-1
50,2,812,2,1107,737,-1,-1,-1,-1
51,1,443,352,187,137,-1,-1,-1,-1
51,2,812,2,1105,739,-1,-1,-1,-1
52,1,443,352,187,137,-1,-1,-1,-1
52,2,812,2,1107,737,-1,-1,-1,-1
53,1,443,352,187,137,-1,-1,-1,-1
53,2,813,1,1106,738,-1,-1,-1,-1
54,1,443,352,187,137,-1,-1,-1,-1
54,2,812,2,1107,736,-1,-1,-1,-1
55,1,443,352,187,137,-1,-1,-1,-1
55,2,811,2,1107,737,-1,-1,-1,-1
56,1,443,352,187,137,-1,-1,-1,-1
56,2,812,1,1107,739,-1,-1,-1,-1
57,1,444,352,186,136,-1,-1,-1,-1
57,2,810,0,1108,738,-1,-1,-1,-1
58,1,443,352,187,137,-1,-1,-1,-1
58,2,809,0,1110,735,-1,-1,-1,-1
59,1,443,353,187,136,-1,-1,-1,-1
59,2,808,0,1111,733,-1,-1,-1,-1
60,1,444,352,185,136,-1,-1,-1,-1
60,2,813,1,1106,730,-1,-1,-1,-1
61,1,443,352,187,137,-1,-1,-1,-1
61,2,813,0,1106,731,-1,-1,-1,-1
62,1,444,353,185,135,-1,-1,-1,-1
62,2,814,1,1105,729,-1,-1,-1,-1
63,1,443,353,187,135,-1,-1,-1,-1
63,2,816,1,1103,730,-1,-1,-1,-1
64,1,443,353,187,135,-1,-1,-1,-1
64,2,815,2,1104,727,-1,-1,-1,-1
65,1,443,353,186,135,-1,-1,-1,-1
65,2,815,1,1104,728,-1,-1,-1,-1
66,1,443,353,186,135,-1,-1,-1,-1
66,2,817,1,1102,728,-1,-1,-1,-1
67,1,442,353,186,135,-1,-1,-1,-1
67,2,816,0,1103,728,-1,-1,-1,-1
68,1,442,353,186,135,-1,-1,-1,-1
68,2,819,0,1100,728,-1,-1,-1,-1
69,1,443,353,185,135,-1,-1,-1,-1
69,2,817,1,1102,727,-1,-1,-1,-1
70,1,444,353,184,135,-1,-1,-1,-1
70,2,818,0,1101,727,-1,-1,-1,-1
71,1,444,353,184,135,-1,-1,-1,-1
71,2,820,0,1099,728,-1,-1,-1,-1
72,1,444,353,184,135,-1,-1,-1,-1
72,2,820,0,1099,727,-1,-1,-1,-1
73,1,444,353,184,135,-1,-1,-1,-1
73,2,822,0,1097,727,-1,-1,-1,-1
74,1,444,353,184,135,-1,-1,-1,-1
74,2,824,0,1095,726,-1,-1,-1,-1
75,1,444,353,184,135,-1,-1,-1,-1
75,2,825,0,1094,726,-1,-1,-1,-1
76,1,444,353,184,135,-1,-1,-1,-1
76,2,821,0,1098,726,-1,-1,-1,-1
77,1,444,353,184,135,-1,-1,-1,-1
77,2,820,0,1099,725,-1,-1,-1,-1
78,1,444,353,184,135,-1,-1,-1,-1
78,2,822,0,1097,725,-1,-1,-1,-1
79,1,443,353,187,136,-1,-1,-1,-1
79,2,823,0,1096,725,-1,-1,-1,-1
80,1,444,353,184,135,-1,-1,-1,-1
80,2,825,0,1094,724,-1,-1,-1,-1
81,1,443,353,186,136,-1,-1,-1,-1
81,2,828,0,1091,723,-1,-1,-1,-1
82,1,444,353,185,135,-1,-1,-1,-1
82,2,830,0,1089,723,-1,-1,-1,-1
83,1,443,353,187,136,-1,-1,-1,-1
83,2,831,0,1088,723,-1,-1,-1,-1
84,1,444,354,184,134,-1,-1,-1,-1
84,2,832,0,1087,723,-1,-1,-1,-1
85,1,444,353,185,135,-1,-1,-1,-1
85,2,833,0,1086,721,-1,-1,-1,-1
86,1,443,352,187,137,-1,-1,-1,-1
86,2,837,0,1082,720,-1,-1,-1,-1
87,1,443,352,187,137,-1,-1,-1,-1
87,2,839,0,1080,720,-1,-1,-1,-1
88,1,443,352,187,137,-1,-1,-1,-1
88,2,839,0,1080,720,-1,-1,-1,-1
89,1,443,352,187,137,-1,-1,-1,-1
89,2,840,0,1079,718,-1,-1,-1,-1
90,1,442,353,187,136,-1,-1,-1,-1
90,2,840,0,1079,717,-1,-1,-1,-1
91,1,443,354,186,134,-1,-1,-1,-1
91,2,843,0,1076,719,-1,-1,-1,-1
92,1,443,353,186,135,-1,-1,-1,-1
92,2,843,0,1076,717,-1,-1,-1,-1
93,1,442,353,188,136,-1,-1,-1,-1
93,2,843,0,1076,716,-1,-1,-1,-1
94,1,443,353,186,135,-1,-1,-1,-1
94,2,845,1,1074,715,-1,-1,-1,-1
95,1,442,352,188,137,-1,-1,-1,-1
95,2,846,1,1073,715,-1,-1,-1,-1
96,1,443,352,187,137,-1,-1,-1,-1
96,2,844,1,1075,715,-1,-1,-1,-1
97,1,443,352,187,137,-1,-1,-1,-1
97,2,849,3,1070,712,-1,-1,-1,-1
98,1,443,352,187,137,-1,-1,-1,-1
98,2,849,6,1070,710,-1,-1,-1,-1
99,1,443,352,187,137,-1,-1,-1,-1
99,2,852,14,1067,700,-1,-1,-1,-1
100,1,443,352,187,137,-1,-1,-1,-1
100,2,855,56,1064,656,-1,-1,-1,-1
101,1,443,352,187,137,-1,-1,-1,-1
101,2,854,260,1065,447,-1,-1,-1,-1
102,1,443,352,187,137,-1,-1,-1,-1
102,2,857,298,1062,409,-1,-1,-1,-1
103,1,443,352,187,137,-1,-1,-1,-1
103,2,859,294,1060,412,-1,-1,-1,-1
104,1,443,352,187,137,-1,-1,-1,-1
104,2,860,294,1059,413,-1,-1,-1,-1
105,1,443,352,187,137,-1,-1,-1,-1
105,2,860,296,1059,411,-1,-1,-1,-1
106,1,443,352,187,137,-1,-1,-1,-1
106,2,861,288,1058,419,-1,-1,-1,-1
107,1,443,352,187,137,-1,-1,-1,-1
107,2,864,294,1055,412,-1,-1,-1,-1
108,1,443,352,187,137,-1,-1,-1,-1
108,2,865,291,1054,415,-1,-1,-1,-1
109,1,443,352,187,137,-1,-1,-1,-1
109,2,866,292,1053,415,-1,-1,-1,-1
110,1,443,352,187,137,-1,-1,-1,-1
110,2,867,282,1052,424,-1,-1,-1,-1
111,1,443,352,187,137,-1,-1,-1,-1
111,2,869,278,1050,426,-1,-1,-1,-1
112,1,443,352,187,137,-1,-1,-1,-1
112,2,870,275,1049,429,-1,-1,-1,-1
113,1,443,353,187,136,-1,-1,-1,-1
113,2,871,281,1047,426,-1,-1,-1,-1
114,1,443,354,186,134,-1,-1,-1,-1
114,2,870,283,1049,426,-1,-1,-1,-1
115,1,443,354,186,134,-1,-1,-1,-1
115,2,871,284,1048,423,-1,-1,-1,-1
116,1,443,353,186,135,-1,-1,-1,-1
116,2,870,289,1049,415,-1,-1,-1,-1
117,1,442,352,188,137,-1,-1,-1,-1
117,2,875,290,1043,411,-1,-1,-1,-1
118,1,443,352,186,137,-1,-1,-1,-1
118,2,876,291,1042,409,-1,-1,-1,-1
119,1,442,352,187,137,-1,-1,-1,-1
119,2,880,288,1039,413,-1,-1,-1,-1
120,1,443,353,187,136,-1,-1,-1,-1
120,2,879,291,1040,409,-1,-1,-1,-1
121,1,444,353,185,135,-1,-1,-1,-1
121,2,883,295,1036,405,-1,-1,-1,-1
122,1,443,352,187,137,-1,-1,-1,-1
122,2,886,293,1032,406,-1,-1,-1,-1
123,1,443,352,187,137,-1,-1,-1,-1
123,2,887,295,1032,403,-1,-1,-1,-1
124,1,443,352,187,137,-1,-1,-1,-1
124,2,889,293,1030,406,-1,-1,-1,-1
125,1,442,352,188,137,-1,-1,-1,-1
125,2,891,293,1028,403,-1,-1,-1,-1
126,1,443,352,186,137,-1,-1,-1,-1
126,2,894,294,1024,402,-1,-1,-1,-1
127,1,442,352,187,137,-1,-1,-1,-1
127,2,892,295,1027,401,-1,-1,-1,-1
128,1,442,352,187,137,-1,-1,-1,-1
128,2,896,295,1023,401,-1,-1,-1,-1
129,1,443,352,186,137,-1,-1,-1,-1
129,2,898,295,1021,400,-1,-1,-1,-1
130,1,442,352,187,137,-1,-1,-1,-1
130,2,899,296,1020,398,-1,-1,-1,-1
131,1,442,352,187,137,-1,-1,-1,-1
131,2,901,296,1018,396,-1,-1,-1,-1
132,1,442,352,187,137,-1,-1,-1,-1
132,2,903,296,1016,395,-1,-1,-1,-1
133,1,443,352,186,137,-1,-1,-1,-1
133,2,904,297,1015,394,-1,-1,-1,-1
134,1,442,352,187,137,-1,-1,-1,-1
134,2,905,296,1014,395,-1,-1,-1,-1
135,1,442,353,188,136,-1,-1,-1,-1
135,2,903,296,1016,394,-1,-1,-1,-1
136,1,443,354,185,134,-1,-1,-1,-1
136,2,907,296,1011,393,-1,-1,-1,-1
137,1,443,354,185,134,-1,-1,-1,-1
137,2,910,296,1009,392,-1,-1,-1,-1
138,1,443,354,185,134,-1,-1,-1,-1
138,2,913,296,1006,392,-1,-1,-1,-1
139,1,444,352,184,136,-1,-1,-1,-1
139,2,915,295,1004,392,-1,-1,-1,-1
140,1,443,352,187,137,-1,-1,-1,-1
140,2,915,295,1004,392,-1,-1,-1,-1
141,1,443,352,187,137,-1,-1,-1,-1
141,2,916,296,1003,390,-1,-1,-1,-1
142,1,443,352,187,137,-1,-1,-1,-1
142,2,917,295,1002,389,-1,-1,-1,-1
143,1,444,352,185,137,-1,-1,-1,-1
143,2,918,296,1001,388,-1,-1,-1,-1
144,1,444,352,184,137,-1,-1,-1,-1
144,2,917,297,1002,387,-1,-1,-1,-1
145,1,444,352,185,137,-1,-1,-1,-1
145,2,921,297,998,386,-1,-1,-1,-1
146,1,443,352,186,137,-1,-1,-1,-1
146,2,918,297,1001,385,-1,-1,-1,-1
147,1,443,352,186,137,-1,-1,-1,-1
147,2,923,298,996,383,-1,-1,-1,-1
148,1,443,352,186,137,-1,-1,-1,-1
148,2,927,298,992,382,-1,-1,-1,-1
149,1,443,352,186,137,-1,-1,-1,-1
149,2,927,298,992,381,-1,-1,-1,-1
150,1,443,352,186,137,-1,-1,-1,-1
150,2,932,296,987,381,-1,-1,-1,-1
151,1,443,353,185,135,-1,-1,-1,-1
151,2,932,298,987,380,-1,-1,-1,-1
152,1,444,354,183,133,-1,-1,-1,-1
152,2,933,299,986,378,-1,-1,-1,-1
153,1,444,354,184,134,-1,-1,-1,-1
153,2,932,300,987,376,-1,-1,-1,-1
154,1,443,353,185,135,-1,-1,-1,-1
154,2,937,301,982,374,-1,-1,-1,-1
154,3,0,189,32,118,-1,-1,-1,-1
155,1,444,354,183,133,-1,-1,-1,-1
155,2,935,300,984,373,-1,-1,-1,-1
155,3,0,190,34,118,-1,-1,-1,-1
156,1,443,354,185,133,-1,-1,-1,-1
156,2,937,300,980,371,-1,-1,-1,-1
156,3,0,188,35,125,-1,-1,-1,-1
157,1,444,354,183,133,-1,-1,-1,-1
157,2,939,300,980,372,-1,-1,-1,-1
157,3,0,189,37,126,-1,-1,-1,-1
158,1,444,354,183,133,-1,-1,-1,-1
158,2,939,300,980,372,-1,-1,-1,-1
158,3,0,187,39,131,-1,-1,-1,-1
159,1,444,354,183,133,-1,-1,-1,-1
159,2,942,300,974,372,-1,-1,-1,-1
159,3,0,183,43,143,-1,-1,-1,-1
160,1,444,354,183,133,-1,-1,-1,-1
160,2,937,301,982,370,-1,-1,-1,-1
160,3,0,182,47,147,-1,-1,-1,-1
161,1,444,354,183,133,-1,-1,-1,-1
161,2,946,300,973,370,-1,-1,-1,-1
161,3,0,184,53,139,-1,-1,-1,-1
162,1,444,354,183,133,-1,-1,-1,-1
162,2,945,300,974,370,-1,-1,-1,-1
162,3,0,185,54,143,-1,-1,-1,-1
163,1,444,354,183,133,-1,-1,-1,-1
163,2,949,300,970,369,-1,-1,-1,-1
163,3,0,186,59,139,-1,-1,-1,-1
164,1,444,354,184,133,-1,-1,-1,-1
164,2,948,301,971,367,-1,-1,-1,-1
164,3,0,187,63,134,-1,-1,-1,-1
165,1,444,354,184,134,-1,-1,-1,-1
165,2,953,300,966,368,-1,-1,-1,-1
165,3,0,187,65,133,-1,-1,-1,-1
166,1,443,353,185,135,-1,-1,-1,-1
166,2,953,300,966,368,-1,-1,-1,-1
166,3,0,187,67,133,-1,-1,-1,-1
167,1,442,352,186,137,-1,-1,-1,-1
167,2,954,300,965,368,-1,-1,-1,-1
167,3,0,187,68,133,-1,-1,-1,-1
168,1,443,353,186,135,-1,-1,-1,-1
168,2,954,301,965,366,-1,-1,-1,-1
168,3,0,187,69,132,-1,-1,-1,-1
169,1,443,354,185,133,-1,-1,-1,-1
169,2,956,300,963,366,-1,-1,-1,-1
169,3,0,184,72,134,-1,-1,-1,-1
170,1,444,353,183,134,-1,-1,-1,-1
170,2,958,302,961,363,-1,-1,-1,-1
170,3,0,184,75,134,-1,-1,-1,-1
171,1,443,352,185,136,-1,-1,-1,-1
171,2,962,302,957,362,-1,-1,-1,-1
171,3,0,184,78,133,-1,-1,-1,-1
172,1,443,352,185,136,-1,-1,-1,-1
172,2,963,302,956,361,-1,-1,-1,-1
172,3,0,183,79,134,-1,-1,-1,-1
173,1,443,352,185,136,-1,-1,-1,-1
173,2,962,301,957,361,-1,-1,-1,-1
173,3,0,183,81,134,-1,-1,-1,-1
174,1,443,352,185,136,-1,-1,-1,-1
174,2,964,300,955,362,-1,-1,-1,-1
174,3,0,181,84,137,-1,-1,-1,-1
175,1,443,352,185,136,-1,-1,-1,-1
175,2,964,300,955,362,-1,-1,-1,-1
175,3,0,180,87,138,-1,-1,-1,-1
176,1,443,352,186,136,-1,-1,-1,-1
176,2,964,300,955,361,-1,-1,-1,-1
176,3,0,179,89,139,-1,-1,-1,-1
177,1,444,352,184,136,-1,-1,-1,-1
177,2,964,302,955,360,-1,-1,-1,-1
177,3,0,181,91,138,-1,-1,-1,-1
178,1,444,352,185,136,-1,-1,-1,-1
178,2,967,300,952,360,-1,-1,-1,-1
178,3,0,180,93,138,-1,-1,-1,-1
179,1,444,352,184,136,-1,-1,-1,-1
179,2,965,300,954,360,-1,-1,-1,-1
179,3,0,180,95,139,-1,-1,-1,-1
180,1,444,353,185,135,-1,-1,-1,-1
180,2,965,300,954,360,-1,-1,-1,-1
180,3,0,180,98,138,-1,-1,-1,-1
181,1,445,353,182,134,-1,-1,-1,-1
181,2,966,301,953,358,-1,-1,-1,-1
181,3,0,180,100,137,-1,-1,-1,-1
182,1,444,352,184,136,-1,-1,-1,-1
182,2,967,300,952,358,-1,-1,-1,-1
182,3,0,181,103,134,-1,-1,-1,-1
183,1,444,352,184,136,-1,-1,-1,-1
183,2,972,301,947,356,-1,-1,-1,-1
183,3,0,178,108,138,-1,-1,-1,-1
184,1,443,352,185,136,-1,-1,-1,-1
184,2,969,301,950,356,-1,-1,-1,-1
184,3,0,177,111,140,-1,-1,-1,-1
185,1,444,352,183,136,-1,-1,-1,-1
185,2,970,300,949,356,-1,-1,-1,-1
185,3,0,178,113,139,-1,-1,-1,-1
186,1,444,352,184,136,-1,-1,-1,-1
186,2,972,300,947,356,-1,-1,-1,-1
186,3,0,177,116,141,-1,-1,-1,-1
187,1,444,352,184,136,-1,-1,-1,-1
187,2,974,300,945,355,-1,-1,-1,-1
187,3,0,177,119,140,-1,-1,-1,-1
188,1,444,352,184,136,-1,-1,-1,-1
188,2,978,300,941,354,-1,-1,-1,-1
188,3,0,177,120,141,-1,-1,-1,-1
189,1,443,353,185,135,-1,-1,-1,-1
189,2,974,299,945,355,-1,-1,-1,-1
189,3,0,176,122,141,-1,-1,-1,-1
190,1,443,354,186,135,-1,-1,-1,-1
190,2,977,300,942,353,-1,-1,-1,-1
190,3,0,177,124,140,-1,-1,-1,-1
191,1,443,354,186,135,-1,-1,-1,-1
191,2,976,299,943,354,-1,-1,-1,-1
191,3,0,178,126,139,-1,-1,-1,-1
192,1,444,354,184,135,-1,-1,-1,-1
192,2,977,300,942,352,-1,-1,-1,-1
192,3,0,178,128,138,-1,-1,-1,-1
193,1,444,354,186,135,-1,-1,-1,-1
193,2,976,300,943,352,-1,-1,-1,-1
193,3,0,178,130,139,-1,-1,-1,-1
194,1,444,354,185,135,-1,-1,-1,-1
194,2,975,299,944,353,-1,-1,-1,-1
194,3,0,177,136,139,-1,-1,-1,-1
195,1,444,354,185,135,-1,-1,-1,-1
195,2,975,299,944,352,-1,-1,-1,-1
195,3,0,177,139,139,-1,-1,-1,-1
196,1,445,354,184,135,-1,-1,-1,-1
196,2,976,299,943,351,-1,-1,-1,-1
196,3,0,178,142,138,-1,-1,-1,-1
197,1,444,354,185,135,-1,-1,-1,-1
197,2,977,300,942,349,-1,-1,-1,-1
197,3,0,179,145,138,-1,-1,-1,-1
198,1,445,354,185,135,-1,-1,-1,-1
198,2,976,299,943,350,-1,-1,-1,-1
198,3,0,179,146,137,-1,-1,-1,-1
199,1,445,354,185,135,-1,-1,-1,-1
199,2,978,300,941,348,-1,-1,-1,-1
199,3,0,180,147,136,-1,-1,-1,-1
200,1,445,354,184,135,-1,-1,-1,-1
200,2,976,300,943,347,-1,-1,-1,-1
200,3,0,181,149,135,-1,-1,-1,-1
201,1,444,354,185,134,-1,-1,-1,-1
201,2,977,300,942,345,-1,-1,-1,-1
201,3,0,181,151,136,-1,-1,-1,-1
202,1,445,355,183,132,-1,-1,-1,-1
202,2,979,300,940,345,-1,-1,-1,-1
202,3,0,181,152,137,-1,-1,-1,-1
203,1,445,354,183,133,-1,-1,-1,-1
203,2,977,299,942,345,-1,-1,-1,-1
203,3,0,181,154,137,-1,-1,-1,-1
204,1,445,354,184,134,-1,-1,-1,-1
204,2,977,299,942,343,-1,-1,-1,-1
204,3,0,178,158,138,-1,-1,-1,-1
205,1,444,353,186,136,-1,-1,-1,-1
205,2,975,299,944,343,-1,-1,-1,-1
205,3,0,177,160,139,-1,-1,-1,-1
206,1,444,353,186,136,-1,-1,-1,-1
206,2,974,299,945,343,-1,-1,-1,-1
206,3,0,178,161,138,-1,-1,-1,-1
207,1,444,353,186,136,-1,-1,-1,-1
207,2,975,299,944,342,-1,-1,-1,-1
207,3,0,178,163,138,-1,-1,-1,-1
208,1,444,353,186,136,-1,-1,-1,-1
208,2,975,298,944,343,-1,-1,-1,-1
208,3,0,178,164,137,-1,-1,-1,-1
209,1,443,353,187,136,-1,-1,-1,-1
209,2,976,297,943,343,-1,-1,-1,-1
209,3,0,177,169,138,-1,-1,-1,-1
210,1,444,353,185,136,-1,-1,-1,-1
210,2,974,297,945,343,-1,-1,-1,-1
210,3,0,177,172,138,-1,-1,-1,-1
211,1,443,353,186,136,-1,-1,-1,-1
211,2,975,298,944,341,-1,-1,-1,-1
211,3,0,177,173,139,-1,-1,-1,-1
212,1,444,353,185,136,-1,-1,-1,-1
212,2,975,298,944,341,-1,-1,-1,-1
212,3,0,177,175,138,-1,-1,-1,-1
213,1,443,354,186,135,-1,-1,-1,-1
213,2,974,299,945,339,-1,-1,-1,-1
213,3,0,178,176,138,-1,-1,-1,-1
214,1,444,354,184,134,-1,-1,-1,-1
214,2,972,299,947,340,-1,-1,-1,-1
214,3,0,177,181,140,-1,-1,-1,-1
215,1,443,353,186,136,-1,-1,-1,-1
215,2,971,298,948,340,-1,-1,-1,-1
215,3,0,178,185,139,-1,-1,-1,-1
216,1,444,353,184,135,-1,-1,-1,-1
216,2,970,298,949,338,-1,-1,-1,-1
216,3,0,177,186,141,-1,-1,-1,-1
217,1,444,352,185,137,-1,-1,-1,-1
217,2,970,298,949,337,-1,-1,-1,-1
217,3,1,177,185,140,-1,-1,-1,-1
218,1,443,352,186,136,-1,-1,-1,-1
218,2,970,298,949,337,-1,-1,-1,-1
218,3,0,177,190,141,-1,-1,-1,-1
219,1,444,353,185,135,-1,-1,-1,-1
219,2,969,297,950,338,-1,-1,-1,-1
219,3,0,177,194,141,-1,-1,-1,-1
220,1,443,353,187,136,-1,-1,-1,-1
220,2,968,297,951,337,-1,-1,-1,-1
220,3,0,178,200,141,-1,-1,-1,-1
221,1,443,353,187,135,-1,-1,-1,-1
221,2,967,297,952,336,-1,-1,-1,-1
221,3,0,178,202,141,-1,-1,-1,-1
222,1,444,353,185,135,-1,-1,-1,-1
222,2,967,297,952,334,-1,-1,-1,-1
222,3,0,178,203,140,-1,-1,-1,-1
223,1,443,353,186,135,-1,-1,-1,-1
223,2,966,297,953,333,-1,-1,-1,-1
223,3,0,178,205,141,-1,-1,-1,-1
224,1,444,354,184,133,-1,-1,-1,-1
224,2,964,297,955,331,-1,-1,-1,-1
224,3,1,178,203,140,-1,-1,-1,-1
225,1,444,354,184,133,-1,-1,-1,-1
225,2,964,297,955,332,-1,-1,-1,-1
225,3,0,179,206,138,-1,-1,-1,-1
226,1,444,354,184,133,-1,-1,-1,-1
226,2,962,296,957,333,-1,-1,-1,-1
226,3,0,179,207,138,-1,-1,-1,-1
227,1,444,354,185,133,-1,-1,-1,-1
227,2,963,297,956,331,-1,-1,-1,-1
227,3,0,179,210,138,-1,-1,-1,-1
228,1,444,353,185,134,-1,-1,-1,-1
228,2,961,296,958,331,-1,-1,-1,-1
228,3,0,179,212,138,-1,-1,-1,-1
229,1,443,353,187,135,-1,-1,-1,-1
229,2,962,296,957,331,-1,-1,-1,-1
229,3,0,179,215,139,-1,-1,-1,-1
230,1,444,353,185,134,-1,-1,-1,-1
230,2,960,296,959,330,-1,-1,-1,-1
230,3,0,178,217,139,-1,-1,-1,-1
231,1,443,352,186,136,-1,-1,-1,-1
231,2,959,297,960,328,-1,-1,-1,-1
231,3,0,178,218,139,-1,-1,-1,-1
232,1,444,353,184,135,-1,-1,-1,-1
232,2,960,296,959,329,-1,-1,-1,-1
232,3,0,177,221,141,-1,-1,-1,-1
233,1,443,352,187,137,-1,-1,-1,-1
233,2,959,295,960,329,-1,-1,-1,-1
233,3,0,179,223,139,-1,-1,-1,-1
234,1,442,352,188,137,-1,-1,-1,-1
234,2,958,296,961,327,-1,-1,-1,-1
234,3,0,178,226,138,-1,-1,-1,-1
235,1,443,352,187,137,-1,-1,-1,-1
235,2,956,295,963,327,-1,-1,-1,-1
235,3,1,177,227,139,-1,-1,-1,-1
236,1,443,352,187,136,-1,-1,-1,-1
236,2,955,295,964,326,-1,-1,-1,-1
236,3,1,178,229,138,-1,-1,-1,-1
237,1,444,353,185,134,-1,-1,-1,-1
237,2,958,296,961,324,-1,-1,-1,-1
237,3,1,177,231,139,-1,-1,-1,-1
238,1,444,353,185,134,-1,-1,-1,-1
238,2,957,296,962,323,-1,-1,-1,-1
238,3,0,176,235,141,-1,-1,-1,-1
239,1,442,353,187,135,-1,-1,-1,-1
239,2,955,297,964,321,-1,-1,-1,-1
239,3,0,176,237,141,-1,-1,-1,-1
240,1,443,354,185,133,-1,-1,-1,-1
240,2,955,298,964,320,-1,-1,-1,-1
240,3,0,177,239,140,-1,-1,-1,-1
241,1,444,354,184,133,-1,-1,-1,-1
241,2,956,298,963,319,-1,-1,-1,-1
241,3,0,176,243,141,-1,-1,-1,-1
242,1,444,354,184,133,-1,-1,-1,-1
242,2,953,298,966,318,-1,-1,-1,-1
242,3,0,177,244,140,-1,-1,-1,-1
243,1,444,354,184,133,-1,-1,-1,-1
243,2,953,298,966,317,-1,-1,-1,-1
243,3,0,177,248,140,-1,-1,-1,-1
244,1,444,354,184,133,-1,-1,-1,-1
244,2,952,298,966,316,-1,-1,-1,-1
244,3,0,177,249,139,-1,-1,-1,-1
245,1,444,354,184,133,-1,-1,-1,-1
245,2,951,298,967,316,-1,-1,-1,-1
245,3,0,177,251,140,-1,-1,-1,-1
246,1,444,354,184,133,-1,-1,-1,-1
246,2,949,297,970,316,-1,-1,-1,-1
246,3,0,176,254,141,-1,-1,-1,-1
247,1,444,354,184,133,-1,-1,-1,-1
247,2,947,298,972,314,-1,-1,-1,-1
247,3,0,176,255,140,-1,-1,-1,-1
248,1,444,354,184,134,-1,-1,-1,-1
248,2,947,298,971,313,-1,-1,-1,-1
248,3,0,175,258,141,-1,-1,-1,-1
249,1,443,353,186,136,-1,-1,-1,-1
249,2,946,298,972,313,-1,-1,-1,-1
249,3,0,175,260,140,-1,-1,-1,-1
250,1,443,353,186,136,-1,-1,-1,-1
250,2,943,297,976,314,-1,-1,-1,-1
250,3,0,176,262,140,-1,-1,-1,-1
251,1,444,353,184,135,-1,-1,-1,-1
251,2,942,297,977,313,-1,-1,-1,-1
251,3,0,175,265,142,-1,-1,-1,-1
252,1,443,352,186,137,-1,-1,-1,-1
252,2,941,298,977,311,-1,-1,-1,-1
252,3,0,175,268,141,-1,-1,-1,-1
253,1,443,352,186,137,-1,-1,-1,-1
253,2,939,297,979,312,-1,-1,-1,-1
253,3,0,174,271,142,-1,-1,-1,-1
254,1,443,352,186,137,-1,-1,-1,-1
254,2,936,297,982,311,-1,-1,-1,-1
254,3,0,175,274,141,-1,-1,-1,-1
255,1,443,352,187,137,-1,-1,-1,-1
255,2,937,298,980,309,-1,-1,-1,-1
255,3,0,176,276,141,-1,-1,-1,-1
256,1,443,352,187,137,-1,-1,-1,-1
256,2,932,297,986,309,-1,-1,-1,-1
256,3,0,176,279,140,-1,-1,-1,-1
257,1,443,352,187,137,-1,-1,-1,-1
257,2,932,297,986,308,-1,-1,-1,-1
257,3,0,175,282,142,-1,-1,-1,-1
258,1,443,352,187,137,-1,-1,-1,-1
258,2,931,297,986,306,-1,-1,-1,-1
258,3,0,175,283,141,-1,-1,-1,-1
259,1,443,352,187,137,-1,-1,-1,-1
259,2,930,297,988,306,-1,-1,-1,-1
259,3,0,176,287,140,-1,-1,-1,-1
260,1,443,352,187,137,-1,-1,-1,-1
260,2,926,297,992,306,-1,-1,-1,-1
260,3,0,178,292,138,-1,-1,-1,-1
261,1,443,352,187,137,-1,-1,-1,-1
261,2,925,297,992,305,-1,-1,-1,-1
261,3,0,179,293,136,-1,-1,-1,-1
262,1,443,352,187,137,-1,-1,-1,-1
262,2,924,297,993,306,-1,-1,-1,-1
262,3,0,178,294,138,-1,-1,-1,-1
263,1,443,352,187,137,-1,-1,-1,-1
263,2,922,296,996,307,-1,-1,-1,-1
263,3,0,178,296,138,-1,-1,-1,-1
264,1,443,352,187,137,-1,-1,-1,-1
264,2,924,296,994,306,-1,-1,-1,-1
264,3,0,178,299,138,-1,-1,-1,-1
265,1,444,352,186,137,-1,-1,-1,-1
265,2,922,296,995,305,-1,-1,-1,-1
265,3,0,177,303,139,-1,-1,-1,-1
266,1,443,352,187,137,-1,-1,-1,-1
266,2,922,296,995,305,-1,-1,-1,-1
266,3,0,177,305,138,-1,-1,-1,-1
267,1,443,352,187,137,-1,-1,-1,-1
267,2,916,295,1001,306,-1,-1,-1,-1
267,3,0,177,308,137,-1,-1,-1,-1
268,1,443,352,187,137,-1,-1,-1,-1
268,2,913,294,1005,305,-1,-1,-1,-1
268,3,0,177,310,137,-1,-1,-1,-1
269,1,443,352,187,137,-1,-1,-1,-1
269,2,910,294,1008,304,-1,-1,-1,-1
269,3,0,177,312,138,-1,-1,-1,-1
270,1,442,352,188,137,-1,-1,-1,-1
270,2,910,294,1008,303,-1,-1,-1,-1
270,3,0,178,315,137,-1,-1,-1,-1
271,1,442,352,188,137,-1,-1,-1,-1
271,2,897,296,1022,301,-1,-1,-1,-1
271,3,0,177,317,138,-1,-1,-1,-1
272,1,442,352,188,137,-1,-1,-1,-1
272,2,898,297,1020,300,-1,-1,-1,-1
272,3,0,176,317,138,-1,-1,-1,-1
273,1,443,352,186,137,-1,-1,-1,-1
273,2,895,296,1024,301,-1,-1,-1,-1
273,3,0,176,321,139,-1,-1,-1,-1
274,1,443,352,187,137,-1,-1,-1,-1
274,2,897,296,1022,300,-1,-1,-1,-1
274,3,0,177,323,138,-1,-1,-1,-1
275,1,443,352,187,137,-1,-1,-1,-1
275,2,899,295,1020,300,-1,-1,-1,-1
275,3,0,176,323,139,-1,-1,-1,-1
276,1,444,352,185,136,-1,-1,-1,-1
276,2,900,294,1019,300,-1,-1,-1,-1
276,3,0,177,327,139,-1,-1,-1,-1
277,1,443,352,187,137,-1,-1,-1,-1
277,2,897,293,1022,300,-1,-1,-1,-1
277,3,0,176,327,138,-1,-1,-1,-1
278,1,444,352,185,136,-1,-1,-1,-1
278,2,897,289,1022,303,-1,-1,-1,-1
278,3,0,178,331,136,-1,-1,-1,-1
279,1,443,352,187,137,-1,-1,-1,-1
279,2,891,286,1028,305,-1,-1,-1,-1
279,3,0,179,331,135,-1,-1,-1,-1
280,1,444,353,185,135,-1,-1,-1,-1
280,2,886,286,1033,306,-1,-1,-1,-1
280,3,0,177,334,137,-1,-1,-1,-1
281,1,443,353,186,135,-1,-1,-1,-1
281,2,887,280,1032,312,-1,-1,-1,-1
281,3,0,179,338,135,-1,-1,-1,-1
282,1,444,353,185,135,-1,-1,-1,-1
282,2,889,274,1030,318,-1,-1,-1,-1
282,3,0,177,338,137,-1,-1,-1,-1
283,1,444,353,185,135,-1,-1,-1,-1
283,2,888,268,1031,323,-1,-1,-1,-1
283,3,0,178,343,136,-1,-1,-1,-1
284,1,443,353,187,135,-1,-1,-1,-1
284,2,888,265,1031,326,-1,-1,-1,-1
284,3,1,177,343,137,-1,-1,-1,-1
285,1,444,353,186,135,-1,-1,-1,-1
285,2,887,260,1032,329,-1,-1,-1,-1
285,3,0,176,347,139,-1,-1,-1,-1
286,1,444,353,185,135,-1,-1,-1,-1
286,2,887,256,1032,333,-1,-1,-1,-1
286,3,0,179,348,135,-1,-1,-1,-1
287,1,443,352,186,136,-1,-1,-1,-1
287,2,885,253,1034,336,-1,-1,-1,-1
287,3,1,177,349,136,-1,-1,-1,-1
288,1,443,352,186,136,-1,-1,-1,-1
288,2,884,244,1035,344,-1,-1,-1,-1
288,3,0,179,353,136,-1,-1,-1,-1
289,1,443,352,185,136,-1,-1,-1,-1
289,2,883,230,1036,356,-1,-1,-1,-1
289,3,1,177,352,137,-1,-1,-1,-1
290,1,443,352,187,137,-1,-1,-1,-1
290,2,881,234,1038,353,-1,-1,-1,-1
290,3,0,177,357,138,-1,-1,-1,-1
291,1,443,352,187,138,-1,-1,-1,-1
291,2,881,239,1038,347,-1,-1,-1,-1
291,3,0,176,359,138,-1,-1,-1,-1
292,1,443,352,188,137,-1,-1,-1,-1
292,2,882,228,1037,356,-1,-1,-1,-1
292,3,0,178,363,137,-1,-1,-1,-1
293,1,443,352,186,137,-1,-1,-1,-1
293,2,882,217,1037,365,-1,-1,-1,-1
293,3,0,179,364,135,-1,-1,-1,-1
294,1,442,352,188,137,-1,-1,-1,-1
294,2,881,224,1038,358,-1,-1,-1,-1
294,3,0,177,367,137,-1,-1,-1,-1
295,1,443,353,186,135,-1,-1,-1,-1
295,2,886,176,1029,399,-1,-1,-1,-1
295,3,0,177,369,138,-1,-1,-1,-1
296,1,442,353,187,136,-1,-1,-1,-1
296,2,895,72,1012,511,-1,-1,-1,-1
296,3,0,177,372,137,-1,-1,-1,-1
297,1,443,354,186,134,-1,-1,-1,-1
297,2,885,35,1031,547,-1,-1,-1,-1
297,3,0,177,373,137,-1,-1,-1,-1
298,1,444,353,185,135,-1,-1,-1,-1
298,2,855,150,1064,416,-1,-1,-1,-1
298,3,0,177,376,138,-1,-1,-1,-1
299,1,444,353,185,135,-1,-1,-1,-1
299,2,891,39,1016,542,-1,-1,-1,-1
299,3,0,178,378,137,-1,-1,-1,-1
300,1,444,353,186,135,-1,-1,-1,-1
300,2,876,29,1043,552,-1,-1,-1,-1
300,3,0,179,381,135,-1,-1,-1,-1
301,1,443,353,187,136,-1,-1,-1,-1
301,2,875,23,1044,557,-1,-1,-1,-1
301,3,0,177,386,137,-1,-1,-1,-1
302,1,444,354,185,134,-1,-1,-1,-1
302,2,873,20,1046,560,-1,-1,-1,-1
302,3,0,178,387,137,-1,-1,-1,-1
303,1,444,354,185,134,-1,-1,-1,-1
303,2,875,19,1044,561,-1,-1,-1,-1
303,3,0,179,389,136,-1,-1,-1,-1
304,1,444,354,185,134,-1,-1,-1,-1
304,2,873,17,1046,564,-1,-1,-1,-1
304,3,0,179,392,136,-1,-1,-1,-1
305,1,444,354,184,134,-1,-1,-1,-1
305,2,874,15,1045,565,-1,-1,-1,-1
305,3,0,178,395,137,-1,-1,-1,-1
306,1,444,354,185,134,-1,-1,-1,-1
306,2,873,14,1046,565,-1,-1,-1,-1
306,3,0,177,397,138,-1,-1,-1,-1
307,1,444,354,185,134,-1,-1,-1,-1
307,2,871,20,1048,559,-1,-1,-1,-1
307,3,0,177,398,138,-1,-1,-1,-1
308,1,444,354,185,134,-1,-1,-1,-1
308,2,874,29,1045,550,-1,-1,-1,-1
308,3,0,177,399,138,-1,-1,-1,-1
309,1,444,354,185,134,-1,-1,-1,-1
309,2,872,25,1047,554,-1,-1,-1,-1
309,3,0,177,400,138,-1,-1,-1,-1
310,1,444,354,185,134,-1,-1,-1,-1
310,2,868,28,1051,548,-1,-1,-1,-1
310,3,0,176,405,139,-1,-1,-1,-1
311,1,445,354,184,134,-1,-1,-1,-1
311,2,866,30,1052,546,-1,-1,-1,-1
311,3,0,178,408,137,-1,-1,-1,-1
312,1,444,354,186,134,-1,-1,-1,-1
312,2,861,28,1057,548,-1,-1,-1,-1
312,3,0,179,411,136,-1,-1,-1,-1
313,1,445,354,183,134,-1,-1,-1,-1
313,2,863,24,1056,551,-1,-1,-1,-1
313,3,0,179,410,135,-1,-1,-1,-1
314,1,444,353,185,135,-1,-1,-1,-1
314,2,862,21,1055,553,-1,-1,-1,-1
314,3,0,178,412,136,-1,-1,-1,-1
315,1,443,352,187,137,-1,-1,-1,-1
315,2,858,18,1060,556,-1,-1,-1,-1
315,3,0,177,415,138,-1,-1,-1,-1
316,1,443,352,187,137,-1,-1,-1,-1
316,2,861,15,1057,560,-1,-1,-1,-1
316,3,0,179,421,136,-1,-1,-1,-1
317,1,443,352,187,137,-1,-1,-1,-1
317,2,865,9,1054,564,-1,-1,-1,-1
317,3,0,178,423,136,-1,-1,-1,-1
318,1,443,352,187,137,-1,-1,-1,-1
318,2,866,5,1053,568,-1,-1,-1,-1
318,3,0,177,427,138,-1,-1,-1,-1
319,1,443,352,187,137,-1,-1,-1,-1
319,2,871,1,1048,572,-1,-1,-1,-1
319,3,1,178,432,137,-1,-1,-1,-1
320,1,443,352,187,137,-1,-1,-1,-1
320,2,869,0,1050,573,-1,-1,-1,-1
320,3,0,179,438,136,-1,-1,-1,-1
321,1,443,352,187,137,-1,-1,-1,-1
321,2,869,0,1050,572,-1,-1,-1,-1
321,3,0,179,441,135,-1,-1,-1,-1
322,1,443,352,187,137,-1,-1,-1,-1
322,2,854,0,1065,571,-1,-1,-1,-1
322,3,0,180,439,134,-1,-1,-1,-1
323,1,443,352,187,137,-1,-1,-1,-1
323,2,844,0,1075,570,-1,-1,-1,-1
323,3,0,176,440,137,-1,-1,-1,-1
324,1,443,352,187,137,-1,-1,-1,-1
324,2,837,0,1082,570,-1,-1,-1,-1
324,3,0,175,440,138,-1,-1,-1,-1
325,1,443,352,187,137,-1,-1,-1,-1
325,2,840,0,1079,571,-1,-1,-1,-1
325,3,0,176,446,138,-1,-1,-1,-1
326,1,443,353,186,136,-1,-1,-1,-1
326,2,841,0,1078,569,-1,-1,-1,-1
326,3,0,176,448,137,-1,-1,-1,-1
327,1,444,353,184,135,-1,-1,-1,-1
327,2,838,1,1081,568,-1,-1,-1,-1
327,3,0,176,449,137,-1,-1,-1,-1
328,1,443,352,186,137,-1,-1,-1,-1
328,2,839,0,1080,570,-1,-1,-1,-1
328,3,0,175,451,139,-1,-1,-1,-1
329,1,443,352,187,137,-1,-1,-1,-1
329,2,839,0,1080,570,-1,-1,-1,-1
329,3,0,174,452,139,-1,-1,-1,-1
330,1,443,352,187,137,-1,-1,-1,-1
330,2,838,1,1081,566,-1,-1,-1,-1
330,3,0,174,455,139,-1,-1,-1,-1
331,1,443,352,187,137,-1,-1,-1,-1
331,2,833,0,1086,565,-1,-1,-1,-1
331,3,0,173,459,141,-1,-1,-1,-1
332,1,443,352,187,137,-1,-1,-1,-1
332,2,832,0,1087,563,-1,-1,-1,-1
332,3,0,173,461,141,-1,-1,-1,-1
333,1,443,352,187,137,-1,-1,-1,-1
333,2,833,0,1085,563,-1,-1,-1,-1
333,3,0,174,462,139,-1,-1,-1,-1
334,1,443,352,186,137,-1,-1,-1,-1
334,2,833,0,1086,564,-1,-1,-1,-1
334,3,0,175,465,138,-1,-1,-1,-1
335,1,443,352,187,137,-1,-1,-1,-1
335,2,831,0,1088,564,-1,-1,-1,-1
335,3,0,175,467,138,-1,-1,-1,-1
336,1,443,352,187,137,-1,-1,-1,-1
336,2,828,1,1091,565,-1,-1,-1,-1
336,3,0,175,469,139,-1,-1,-1,-1
337,1,443,352,187,137,-1,-1,-1,-1
337,2,828,0,1091,565,-1,-1,-1,-1
337,3,0,176,471,138,-1,-1,-1,-1
338,1,442,352,188,136,-1,-1,-1,-1
338,2,825,0,1094,564,-1,-1,-1,-1
338,3,0,175,474,138,-1,-1,-1,-1
339,1,444,353,184,135,-1,-1,-1,-1
339,2,827,0,1092,564,-1,-1,-1,-1
339,3,0,177,476,136,-1,-1,-1,-1
340,1,443,352,186,137,-1,-1,-1,-1
340,2,823,2,1096,558,-1,-1,-1,-1
340,3,2,175,475,138,-1,-1,-1,-1
341,1,443,352,186,137,-1,-1,-1,-1
341,2,825,0,1094,562,-1,-1,-1,-1
341,3,1,175,479,138,-1,-1,-1,-1
342,1,443,352,186,137,-1,-1,-1,-1
342,2,822,0,1097,560,-1,-1,-1,-1
342,3,2,177,482,136,-1,-1,-1,-1
343,1,443,352,186,137,-1,-1,-1,-1
343,2,823,0,1096,561,-1,-1,-1,-1
343,3,3,177,482,135,-1,-1,-1,-1
344,1,443,352,186,137,-1,-1,-1,-1
344,2,819,0,1100,561,-1,-1,-1,-1
344,3,2,179,486,134,-1,-1,-1,-1
345,1,443,352,186,137,-1,-1,-1,-1
345,2,818,0,1101,561,-1,-1,-1,-1
345,3,4,179,485,133,-1,-1,-1,-1
346,1,443,352,187,137,-1,-1,-1,-1
346,2,817,0,1102,561,-1,-1,-1,-1
346,3,4,178,488,134,-1,-1,-1,-1
347,1,443,352,187,137,-1,-1,-1,-1
347,2,815,0,1104,560,-1,-1,-1,-1
347,3,6,179,488,132,-1,-1,-1,-1
348,1,442,352,188,137,-1,-1,-1,-1
348,2,813,0,1106,558,-1,-1,-1,-1
348,3,7,178,489,134,-1,-1,-1,-1
349,1,443,352,186,137,-1,-1,-1,-1
349,2,814,0,1105,558,-1,-1,-1,-1
349,3,8,177,489,135,-1,-1,-1,-1
350,1,443,352,187,137,-1,-1,-1,-1
350,2,811,0,1108,558,-1,-1,-1,-1
350,3,8,176,492,137,-1,-1,-1,-1
351,1,443,353,187,136,-1,-1,-1,-1
351,2,811,0,1108,559,-1,-1,-1,-1
351,3,9,176,494,136,-1,-1,-1,-1
352,1,444,354,185,134,-1,-1,-1,-1
352,2,810,0,1109,559,-1,-1,-1,-1
352,3,12,174,492,139,-1,-1,-1,-1
353,1,444,354,185,134,-1,-1,-1,-1
353,2,811,0,1108,559,-1,-1,-1,-1
353,3,12,174,495,139,-1,-1,-1,-1
354,1,444,354,185,134,-1,-1,-1,-1
354,2,812,0,1106,559,-1,-1,-1,-1
354,3,16,176,494,137,-1,-1,-1,-1
355,1,444,354,185,134,-1,-1,-1,-1
355,2,811,0,1107,559,-1,-1,-1,-1
355,3,18,177,493,136,-1,-1,-1,-1
356,1,444,354,185,134,-1,-1,-1,-1
356,2,811,0,1108,559,-1,-1,-1,-1
356,3,17,176,495,136,-1,-1,-1,-1
357,1,444,354,185,134,-1,-1,-1,-1
357,2,811,0,1108,558,-1,-1,-1,-1
357,3,16,176,499,137,-1,-1,-1,-1
358,1,444,354,185,134,-1,-1,-1,-1
358,2,813,0,1105,558,-1,-1,-1,-1
358,3,19,175,499,137,-1,-1,-1,-1
359,1,444,354,185,134,-1,-1,-1,-1
359,2,809,0,1110,558,-1,-1,-1,-1
359,3,23,176,497,136,-1,-1,-1,-1
360,1,444,354,185,134,-1,-1,-1,-1
360,2,810,0,1109,557,-1,-1,-1,-1
360,3,27,175,494,136,-1,-1,-1,-1
361,1,444,354,185,134,-1,-1,-1,-1
361,2,810,0,1108,556,-1,-1,-1,-1
361,3,26,175,499,137,-1,-1,-1,-1
362,1,444,354,185,134,-1,-1,-1,-1
362,2,809,0,1109,558,-1,-1,-1,-1
362,3,28,175,499,136,-1,-1,-1,-1
363,1,443,353,187,135,-1,-1,-1,-1
363,2,808,0,1111,557,-1,-1,-1,-1
363,3,45,177,485,134,-1,-1,-1,-1
364,1,444,353,185,135,-1,-1,-1,-1
364,2,807,0,1111,558,-1,-1,-1,-1
364,3,49,178,482,133,-1,-1,-1,-1
365,1,443,352,187,137,-1,-1,-1,-1
365,2,803,0,1116,558,-1,-1,-1,-1
365,3,48,177,485,134,-1,-1,-1,-1
366,1,443,352,187,136,-1,-1,-1,-1
366,2,801,0,1118,557,-1,-1,-1,-1
366,3,56,177,480,134,-1,-1,-1,-1
367,1,444,353,185,134,-1,-1,-1,-1
367,2,801,0,1118,557,-1,-1,-1,-1
367,3,62,177,474,133,-1,-1,-1,-1
368,1,444,353,185,134,-1,-1,-1,-1
368,2,800,0,1119,556,-1,-1,-1,-1
368,3,76,180,462,131,-1,-1,-1,-1
369,1,444,353,185,134,-1,-1,-1,-1
369,2,801,0,1118,557,-1,-1,-1,-1
369,3,80,180,459,131,-1,-1,-1,-1
370,1,444,353,185,134,-1,-1,-1,-1
370,2,800,0,1119,556,-1,-1,-1,-1
370,3,84,180,459,131,-1,-1,-1,-1
371,1,444,353,185,134,-1,-1,-1,-1
371,2,801,0,1118,555,-1,-1,-1,-1
371,3,85,180,460,130,-1,-1,-1,-1
372,1,444,353,185,135,-1,-1,-1,-1
372,2,799,0,1120,555,-1,-1,-1,-1
372,3,87,181,461,128,-1,-1,-1,-1
373,1,443,352,187,136,-1,-1,-1,-1
373,2,796,0,1123,555,-1,-1,-1,-1
373,3,91,181,459,128,-1,-1,-1,-1
374,1,444,353,185,134,-1,-1,-1,-1
374,2,798,0,1121,554,-1,-1,-1,-1
374,3,91,181,462,128,-1,-1,-1,-1
375,1,444,353,185,134,-1,-1,-1,-1
375,2,795,0,1124,554,-1,-1,-1,-1
375,3,96,180,460,129,-1,-1,-1,-1
376,1,444,353,185,135,-1,-1,-1,-1
376,2,796,0,1123,554,-1,-1,-1,-1
376,3,100,180,459,129,-1,-1,-1,-1
377,1,443,352,186,136,-1,-1,-1,-1
377,2,794,1,1125,553,-1,-1,-1,-1
377,3,102,180,460,129,-1,-1,-1,-1
378,1,444,353,184,134,-1,-1,-1,-1
378,2,794,1,1125,552,-1,-1,-1,-1
378,3,103,181,462,129,-1,-1,-1,-1
379,1,443,353,186,134,-1,-1,-1,-1
379,2,796,1,1123,551,-1,-1,-1,-1
379,3,106,182,462,128,-1,-1,-1,-1
380,1,444,353,185,134,-1,-1,-1,-1
380,2,794,2,1125,550,-1,-1,-1,-1
380,3,110,181,457,128,-1,-1,-1,-1
381,1,443,353,186,134,-1,-1,-1,-1
381,2,793,3,1126,548,-1,-1,-1,-1
381,3,115,181,455,129,-1,-1,-1,-1
382,1,444,353,185,134,-1,-1,-1,-1
382,2,793,3,1126,548,-1,-1,-1,-1
382,3,118,182,453,127,-1,-1,-1,-1
383,1,444,353,184,134,-1,-1,-1,-1
383,2,792,3,1127,548,-1,-1,-1,-1
383,3,120,182,456,128,-1,-1,-1,-1
384,1,444,353,184,134,-1,-1,-1,-1
384,2,791,3,1128,548,-1,-1,-1,-1
384,3,123,182,454,127,-1,-1,-1,-1
385,1,444,353,184,134,-1,-1,-1,-1
385,2,790,4,1129,547,-1,-1,-1,-1
385,3,126,181,453,128,-1,-1,-1,-1
386,1,444,353,184,134,-1,-1,-1,-1
386,2,789,4,1130,547,-1,-1,-1,-1
386,3,127,180,454,129,-1,-1,-1,-1
387,1,444,353,184,134,-1,-1,-1,-1
387,2,790,4,1129,547,-1,-1,-1,-1
387,3,128,179,456,131,-1,-1,-1,-1
388,1,444,353,184,134,-1,-1,-1,-1
388,2,788,5,1131,545,-1,-1,-1,-1
388,3,131,179,453,131,-1,-1,-1,-1
389,1,443,353,186,135,-1,-1,-1,-1
389,2,786,5,1133,544,-1,-1,-1,-1
389,3,135,179,452,130,-1,-1,-1,-1
390,1,444,354,184,133,-1,-1,-1,-1
390,2,787,5,1132,544,-1,-1,-1,-1
390,3,136,180,455,130,-1,-1,-1,-1
391,1,444,354,184,133,-1,-1,-1,-1
391,2,786,5,1133,544,-1,-1,-1,-1
391,3,137,181,457,128,-1,-1,-1,-1
392,1,444,354,184,133,-1,-1,-1,-1
392,2,785,6,1134,542,-1,-1,-1,-1
392,3,139,182,458,128,-1,-1,-1,-1
393,1,444,354,184,133,-1,-1,-1,-1
393,2,785,5,1134,544,-1,-1,-1,-1
393,3,143,183,454,126,-1,-1,-1,-1
394,1,444,354,184,133,-1,-1,-1,-1
394,2,783,6,1136,543,-1,-1,-1,-1
394,3,148,182,454,127,-1,-1,-1,-1
395,1,444,354,184,133,-1,-1,-1,-1
395,2,784,6,1135,542,-1,-1,-1,-1
395,3,149,182,457,128,-1,-1,-1,-1
396,1,444,354,184,133,-1,-1,-1,-1
396,2,784,6,1135,543,-1,-1,-1,-1
396,3,152,182,456,127,-1,-1,-1,-1
397,1,444,353,184,134,-1,-1,-1,-1
397,2,782,7,1137,542,-1,-1,-1,-1
397,3,154,182,456,127,-1,-1,-1,-1
398,1,443,352,186,136,-1,-1,-1,-1
398,2,781,7,1138,541,-1,-1,-1,-1
398,3,157,182,456,127,-1,-1,-1,-1
399,1,444,353,184,135,-1,-1,-1,-1
399,2,782,8,1137,540,-1,-1,-1,-1
399,3,158,181,455,128,-1,-1,-1,-1
400,1,443,352,186,137,-1,-1,-1,-1
400,2,782,8,1137,539,-1,-1,-1,-1
400,3,157,180,459,130,-1,-1,-1,-1
401,1,443,352,185,136,-1,-1,-1,-1
401,2,781,8,1138,540,-1,-1,-1,-1
401,3,158,180,459,129,-1,-1,-1,-1
402,1,443,352,185,136,-1,-1,-1,-1
402,2,779,9,1140,539,-1,-1,-1,-1
402,3,163,179,457,130,-1,-1,-1,-1
403,1,443,352,186,136,-1,-1,-1,-1
403,2,780,9,1139,538,-1,-1,-1,-1
403,3,164,178,458,132,-1,-1,-1,-1
404,1,443,353,186,135,-1,-1,-1,-1
404,2,780,9,1139,539,-1,-1,-1,-1
404,3,165,178,461,132,-1,-1,-1,-1
405,1,444,354,184,133,-1,-1,-1,-1
405,2,777,10,1142,538,-1,-1,-1,-1
405,3,167,179,461,131,-1,-1,-1,-1
406,1,444,353,184,134,-1,-1,-1,-1
406,2,776,10,1143,537,-1,-1,-1,-1
406,3,169,179,460,130,-1,-1,-1,-1
407,1,443,352,186,136,-1,-1,-1,-1
407,2,775,11,1144,536,-1,-1,-1,-1
407,3,168,179,463,131,-1,-1,-1,-1
408,1,443,352,186,136,-1,-1,-1,-1
408,2,776,11,1143,536,-1,-1,-1,-1
408,3,170,179,462,130,-1,-1,-1,-1
409,1,443,352,186,136,-1,-1,-1,-1
409,2,775,11,1144,535,-1,-1,-1,-1
409,3,168,178,468,132,-1,-1,-1,-1
410,1,443,352,186,136,-1,-1,-1,-1
410,2,775,10,1144,536,-1,-1,-1,-1
410,3,170,178,467,131,-1,-1,-1,-1
411,1,443,352,186,136,-1,-1,-1,-1
411,2,773,11,1146,535,-1,-1,-1,-1
411,3,170,177,470,132,-1,-1,-1,-1
412,1,443,352,186,136,-1,-1,-1,-1
412,2,773,11,1146,536,-1,-1,-1,-1
412,3,175,174,467,135,-1,-1,-1,-1
413,1,443,352,186,136,-1,-1,-1,-1
413,2,773,13,1146,533,-1,-1,-1,-1
413,3,191,173,453,136,-1,-1,-1,-1
414,1,443,352,186,136,-1,-1,-1,-1
414,2,775,12,1144,534,-1,-1,-1,-1
414,3,201,172,449,137,-1,-1,-1,-1
415,1,443,352,186,136,-1,-1,-1,-1
415,2,775,13,1144,534,-1,-1,-1,-1
415,3,208,172,444,136,-1,-1,-1,-1
416,1,443,352,186,136,-1,-1,-1,-1
416,2,771,13,1148,533,-1,-1,-1,-1
416,3,210,171,446,138,-1,-1,-1,-1
417,1,443,352,186,136,-1,-1,-1,-1
417,2,772,13,1147,532,-1,-1,-1,-1
417,3,212,171,444,138,-1,-1,-1,-1
418,1,444,352,184,136,-1,-1,-1,-1
418,2,772,13,1147,532,-1,-1,-1,-1
418,3,212,171,446,139,-1,-1,-1,-1
419,1,445,353,183,135,-1,-1,-1,-1
419,2,773,14,1146,532,-1,-1,-1,-1
419,3,213,171,448,138,-1,-1,-1,-1
420,1,444,352,185,137,-1,-1,-1,-1
420,2,773,14,1146,530,-1,-1,-1,-1
420,3,213,171,451,138,-1,-1,-1,-1
421,1,443,352,186,137,-1,-1,-1,-1
421,2,773,13,1146,531,-1,-1,-1,-1
421,3,214,171,450,137,-1,-1,-1,-1
422,1,443,352,187,137,-1,-1,-1,-1
422,2,773,14,1146,530,-1,-1,-1,-1
422,3,215,170,452,139,-1,-1,-1,-1
423,1,443,352,186,137,-1,-1,-1,-1
423,2,775,15,1144,530,-1,-1,-1,-1
423,3,216,170,453,139,-1,-1,-1,-1
424,1,443,352,187,137,-1,-1,-1,-1
424,2,775,15,1144,529,-1,-1,-1,-1
424,3,218,170,454,139,-1,-1,-1,-1
425,1,443,352,186,137,-1,-1,-1,-1
425,2,774,15,1145,528,-1,-1,-1,-1
425,3,221,170,453,138,-1,-1,-1,-1
426,1,443,353,186,135,-1,-1,-1,-1
426,2,766,15,1153,528,-1,-1,-1,-1
426,3,222,169,455,140,-1,-1,-1,-1
427,1,445,354,183,133,-1,-1,-1,-1
427,2,769,15,1150,527,-1,-1,-1,-1
427,3,223,170,455,139,-1,-1,-1,-1
428,1,445,354,183,133,-1,-1,-1,-1
428,2,770,15,1149,527,-1,-1,-1,-1
428,3,226,170,451,138,-1,-1,-1,-1
429,1,445,354,183,133,-1,-1,-1,-1
429,2,770,15,1149,527,-1,-1,-1,-1
429,3,226,169,454,140,-1,-1,-1,-1
430,1,444,354,184,133,-1,-1,-1,-1
430,2,768,16,1151,526,-1,-1,-1,-1
430,3,229,169,451,139,-1,-1,-1,-1
431,1,444,353,185,134,-1,-1,-1,-1
431,2,768,16,1151,527,-1,-1,-1,-1
431,3,231,168,455,140,-1,-1,-1,-1
432,1,444,353,185,135,-1,-1,-1,-1
432,2,768,16,1151,526,-1,-1,-1,-1
432,3,234,169,455,139,-1,-1,-1,-1
433,1,443,353,187,135,-1,-1,-1,-1
433,2,768,18,1151,523,-1,-1,-1,-1
433,3,236,169,455,138,-1,-1,-1,-1
434,1,444,354,185,133,-1,-1,-1,-1
434,2,769,17,1150,524,-1,-1,-1,-1
434,3,239,169,454,138,-1,-1,-1,-1
435,1,444,354,185,133,-1,-1,-1,-1
435,2,768,18,1151,523,-1,-1,-1,-1
435,3,242,170,456,138,-1,-1,-1,-1
436,1,444,354,185,133,-1,-1,-1,-1
436,2,767,18,1152,522,-1,-1,-1,-1
436,3,243,170,456,137,-1,-1,-1,-1
437,1,444,353,185,135,-1,-1,-1,-1
437,2,768,18,1151,521,-1,-1,-1,-1
437,3,247,170,456,138,-1,-1,-1,-1
438,1,443,352,187,136,-1,-1,-1,-1
438,2,770,18,1149,522,-1,-1,-1,-1
438,3,248,169,457,139,-1,-1,-1,-1
439,1,444,352,185,136,-1,-1,-1,-1
439,2,770,18,1149,520,-1,-1,-1,-1
439,3,250,170,456,138,-1,-1,-1,-1
440,1,443,351,187,138,-1,-1,-1,-1
440,2,769,17,1150,520,-1,-1,-1,-1
440,3,252,169,457,139,-1,-1,-1,-1
441,1,443,351,187,138,-1,-1,-1,-1
441,2,766,17,1153,521,-1,-1,-1,-1
441,3,255,169,456,138,-1,-1,-1,-1
442,1,443,351,187,138,-1,-1,-1,-1
442,2,765,18,1154,515,-1,-1,-1,-1
442,3,261,169,453,139,-1,-1,-1,-1
443,1,443,351,187,138,-1,-1,-1,-1
443,2,769,19,1150,516,-1,-1,-1,-1
443,3,264,169,451,138,-1,-1,-1,-1
444,1,443,351,187,138,-1,-1,-1,-1
444,2,769,19,1150,517,-1,-1,-1,-1
444,3,267,170,449,136,-1,-1,-1,-1
445,1,443,351,187,138,-1,-1,-1,-1
445,2,768,20,1151,514,-1,-1,-1,-1
445,3,269,170,451,137,-1,-1,-1,-1
446,1,443,351,187,138,-1,-1,-1,-1
446,2,771,20,1148,515,-1,-1,-1,-1
446,3,270,169,453,138,-1,-1,-1,-1
447,1,443,352,187,136,-1,-1,-1,-1
447,2,769,21,1150,514,-1,-1,-1,-1
447,3,273,170,450,136,-1,-1,-1,-1
448,1,444,353,184,134,-1,-1,-1,-1
448,2,770,21,1149,516,-1,-1,-1,-1
448,3,273,169,452,137,-1,-1,-1,-1
449,1,444,353,184,134,-1,-1,-1,-1
449,2,769,22,1150,514,-1,-1,-1,-1
449,3,274,170,453,136,-1,-1,-1,-1
450,1,444,353,185,134,-1,-1,-1,-1
450,2,768,22,1151,513,-1,-1,-1,-1
450,3,286,169,443,138,-1,-1,-1,-1
451,1,444,352,184,135,-1,-1,-1,-1
451,2,767,23,1152,512,-1,-1,-1,-1
451,3,287,169,448,138,-1,-1,-1,-1
452,1,443,351,186,137,-1,-1,-1,-1
452,2,766,23,1153,513,-1,-1,-1,-1
452,3,291,170,445,136,-1,-1,-1,-1
453,1,443,351,186,137,-1,-1,-1,-1
453,2,765,23,1154,513,-1,-1,-1,-1
453,3,293,169,444,137,-1,-1,-1,-1
454,1,443,351,186,137,-1,-1,-1,-1
454,2,765,24,1154,509,-1,-1,-1,-1
454,3,296,170,442,135,-1,-1,-1,-1
455,1,443,352,186,136,-1,-1,-1,-1
455,2,765,23,1154,511,-1,-1,-1,-1
455,3,297,170,444,135,-1,-1,-1,-1
456,1,444,353,184,134,-1,-1,-1,-1
456,2,764,25,1155,506,-1,-1,-1,-1
456,3,298,170,447,135,-1,-1,-1,-1
457,1,444,353,185,134,-1,-1,-1,-1
457,2,763,25,1156,501,-1,-1,-1,-1
457,3,306,170,440,136,-1,-1,-1,-1
458,1,444,352,184,135,-1,-1,-1,-1
458,2,763,24,1156,508,-1,-1,-1,-1
458,3,305,169,444,137,-1,-1,-1,-1
459,1,443,351,186,137,-1,-1,-1,-1
459,2,761,25,1158,505,-1,-1,-1,-1
459,3,310,169,441,136,-1,-1,-1,-1
460,1,443,351,186,137,-1,-1,-1,-1
460,2,761,25,1158,501,-1,-1,-1,-1
460,3,312,168,445,137,-1,-1,-1,-1
461,1,444,351,185,137,-1,-1,-1,-1
461,2,760,25,1159,501,-1,-1,-1,-1
461,3,315,168,446,138,-1,-1,-1,-1
462,1,443,352,187,136,-1,-1,-1,-1
462,2,752,25,1167,502,-1,-1,-1,-1
462,3,317,169,445,137,-1,-1,-1,-1
463,1,444,352,185,136,-1,-1,-1,-1
463,2,757,26,1162,501,-1,-1,-1,-1
463,3,319,170,444,135,-1,-1,-1,-1
464,1,443,352,186,137,-1,-1,-1,-1
464,2,758,26,1161,496,-1,-1,-1,-1
464,3,320,170,445,136,-1,-1,-1,-1
465,1,443,352,186,137,-1,-1,-1,-1
465,2,758,25,1161,500,-1,-1,-1,-1
465,3,322,170,448,135,-1,-1,-1,-1
466,1,443,352,186,137,-1,-1,-1,-1
466,2,757,26,1162,495,-1,-1,-1,-1
466,3,330,170,442,134,-1,-1,-1,-1
467,1,443,352,186,137,-1,-1,-1,-1
467,2,756,26,1163,494,-1,-1,-1,-1
467,3,332,169,443,135,-1,-1,-1,-1
468,1,443,352,186,137,-1,-1,-1,-1
468,2,754,26,1165,503,-1,-1,-1,-1
468,3,335,168,443,136,-1,-1,-1,-1
469,1,442,352,187,137,-1,-1,-1,-1
469,2,755,28,1164,501,-1,-1,-1,-1
469,3,338,168,443,136,-1,-1,-1,-1
470,1,442,352,187,137,-1,-1,-1,-1
470,2,757,29,1162,496,-1,-1,-1,-1
470,3,340,168,445,136,-1,-1,-1,-1
471,1,443,352,186,137,-1,-1,-1,-1
471,2,756,27,1163,502,-1,-1,-1,-1
471,3,342,168,445,136,-1,-1,-1,-1
472,1,443,352,187,137,-1,-1,-1,-1
472,2,755,28,1164,501,-1,-1,-1,-1
472,3,344,169,444,135,-1,-1,-1,-1
473,1,443,352,186,137,-1,-1,-1,-1
473,2,756,29,1163,497,-1,-1,-1,-1
473,3,345,170,444,134,-1,-1,-1,-1
474,1,442,352,187,137,-1,-1,-1,-1
474,2,757,28,1162,501,-1,-1,-1,-1
474,3,347,169,443,135,-1,-1,-1,-1
475,1,442,352,187,137,-1,-1,-1,-1
475,2,760,28,1159,503,-1,-1,-1,-1
475,3,348,168,447,136,-1,-1,-1,-1
476,1,442,353,187,135,-1,-1,-1,-1
476,2,772,30,1147,500,-1,-1,-1,-1
476,3,352,168,446,135,-1,-1,-1,-1
477,1,443,353,186,135,-1,-1,-1,-1
477,2,768,30,1151,499,-1,-1,-1,-1
477,3,355,168,446,136,-1,-1,-1,-1
478,1,443,352,186,137,-1,-1,-1,-1
478,2,759,29,1160,500,-1,-1,-1,-1
478,3,358,168,444,135,-1,-1,-1,-1
479,1,442,352,187,137,-1,-1,-1,-1
479,2,754,31,1165,494,-1,-1,-1,-1
479,3,362,167,443,136,-1,-1,-1,-1
480,1,442,353,187,136,-1,-1,-1,-1
480,2,759,31,1160,493,-1,-1,-1,-1
480,3,364,168,444,136,-1,-1,-1,-1
481,1,443,353,186,135,-1,-1,-1,-1
481,2,759,31,1160,498,-1,-1,-1,-1
481,3,366,169,443,135,-1,-1,-1,-1
482,1,442,352,188,137,-1,-1,-1,-1
482,2,755,32,1164,497,-1,-1,-1,-1
482,3,368,168,443,137,-1,-1,-1,-1
483,1,442,352,188,137,-1,-1,-1,-1
483,2,753,32,1166,495,-1,-1,-1,-1
483,3,371,168,442,137,-1,-1,-1,-1
484,1,442,352,188,137,-1,-1,-1,-1
484,2,753,32,1166,486,-1,-1,-1,-1
484,3,375,168,440,137,-1,-1,-1,-1
485,1,443,352,186,137,-1,-1,-1,-1
485,2,753,32,1166,496,-1,-1,-1,-1
485,3,379,168,437,136,-1,-1,-1,-1
486,1,442,352,188,136,-1,-1,-1,-1
486,2,757,33,1162,496,-1,-1,-1,-1
486,3,381,167,439,138,-1,-1,-1,-1
487,1,443,353,185,134,-1,-1,-1,-1
487,2,755,34,1164,493,-1,-1,-1,-1
487,3,385,167,438,138,-1,-1,-1,-1
488,1,443,353,186,134,-1,-1,-1,-1
488,2,755,34,1164,493,-1,-1,-1,-1
488,3,386,168,439,137,-1,-1,-1,-1
489,1,443,352,186,136,-1,-1,-1,-1
489,2,749,35,1170,489,-1,-1,-1,-1
489,3,390,168,436,136,-1,-1,-1,-1
490,1,442,351,188,138,-1,-1,-1,-1
490,2,750,34,1169,493,-1,-1,-1,-1
490,3,390,167,438,136,-1,-1,-1,-1
491,1,442,351,188,138,-1,-1,-1,-1
491,2,751,36,1168,488,-1,-1,-1,-1
491,3,392,168,438,135,-1,-1,-1,-1
492,1,443,352,186,137,-1,-1,-1,-1
492,2,749,37,1170,480,-1,-1,-1,-1
492,3,393,169,438,134,-1,-1,-1,-1
493,1,443,353,186,136,-1,-1,-1,-1
493,2,747,34,1172,489,-1,-1,-1,-1
493,3,395,168,438,135,-1,-1,-1,-1
494,1,443,353,186,136,-1,-1,-1,-1
494,2,744,35,1175,490,-1,-1,-1,-1
494,3,395,167,441,136,-1,-1,-1,-1
495,1,442,352,188,136,-1,-1,-1,-1
495,2,736,36,1183,490,-1,-1,-1,-1
495,3,397,167,441,136,-1,-1,-1,-1
496,1,443,353,186,135,-1,-1,-1,-1
496,2,738,36,1181,489,-1,-1,-1,-1
496,3,397,166,445,137,-1,-1,-1,-1
497,1,443,352,186,137,-1,-1,-1,-1
497,2,749,37,1170,486,-1,-1,-1,-1
497,3,400,166,446,136,-1,-1,-1,-1
498,1,443,352,186,136,-1,-1,-1,-1
498,2,751,36,1168,488,-1,-1,-1,-1
498,3,404,167,443,135,-1,-1,-1,-1
499,1,444,353,184,134,-1,-1,-1,-1
499,2,756,37,1163,488,-1,-1,-1,-1
499,3,405,166,444,136,-1,-1,-1,-1
500,1,443,352,185,135,-1,-1,-1,-1
500,2,760,37,1159,487,-1,-1,-1,-1
500,3,405,166,447,136,-1,-1,-1,-1
501,1,442,351,187,137,-1,-1,-1,-1
501,2,757,36,1162,489,-1,-1,-1,-1
501,3,408,166,446,135,-1,-1,-1,-1
502,1,442,351,187,137,-1,-1,-1,-1
502,2,757,37,1162,488,-1,-1,-1,-1
502,3,420,167,436,132,-1,-1,-1,-1
503,1,443,352,186,136,-1,-1,-1,-1
503,2,756,38,1163,486,-1,-1,-1,-1
503,3,429,168,427,131,-1,-1,-1,-1
504,1,442,351,188,138,-1,-1,-1,-1
504,2,756,39,1163,483,-1,-1,-1,-1
504,3,430,167,429,132,-1,-1,-1,-1
505,1,442,351,188,138,-1,-1,-1,-1
505,2,756,38,1163,484,-1,-1,-1,-1
505,3,432,167,429,131,-1,-1,-1,-1
506,1,442,351,188,138,-1,-1,-1,-1
506,2,761,39,1158,483,-1,-1,-1,-1
506,3,435,167,432,133,-1,-1,-1,-1
507,1,442,351,188,138,-1,-1,-1,-1
507,2,758,39,1161,483,-1,-1,-1,-1
507,3,437,166,432,134,-1,-1,-1,-1
508,1,442,351,188,138,-1,-1,-1,-1
508,2,760,39,1159,481,-1,-1,-1,-1
508,3,437,166,435,134,-1,-1,-1,-1
509,1,442,351,188,138,-1,-1,-1,-1
509,2,760,38,1159,482,-1,-1,-1,-1
509,3,439,166,435,134,-1,-1,-1,-1
510,1,442,351,188,138,-1,-1,-1,-1
510,2,761,39,1158,481,-1,-1,-1,-1
510,3,438,166,438,134,-1,-1,-1,-1
511,1,442,351,188,138,-1,-1,-1,-1
511,2,762,39,1157,482,-1,-1,-1,-1
511,3,439,167,438,134,-1,-1,-1,-1
512,1,442,352,188,137,-1,-1,-1,-1
512,2,761,40,1158,482,-1,-1,-1,-1
512,3,439,166,440,134,-1,-1,-1,-1
513,1,443,352,186,136,-1,-1,-1,-1
513,2,760,40,1159,481,-1,-1,-1,-1
513,3,441,167,440,133,-1,-1,-1,-1
514,1,443,352,186,136,-1,-1,-1,-1
514,2,754,40,1165,480,-1,-1,-1,-1
514,3,452,168,432,131,-1,-1,-1,-1
515,1,443,353,186,135,-1,-1,-1,-1
515,2,755,40,1164,481,-1,-1,-1,-1
515,3,451,167,435,132,-1,-1,-1,-1
516,1,444,353,185,134,-1,-1,-1,-1
516,2,749,41,1170,480,-1,-1,-1,-1
516,3,454,167,437,132,-1,-1,-1,-1
517,1,443,353,187,135,-1,-1,-1,-1
517,2,749,41,1170,481,-1,-1,-1,-1
517,3,455,167,438,131,-1,-1,-1,-1
518,1,444,354,185,133,-1,-1,-1,-1
518,2,746,42,1173,478,-1,-1,-1,-1
518,3,458,167,438,132,-1,-1,-1,-1
519,1,444,353,185,135,-1,-1,-1,-1
519,2,745,42,1173,476,-1,-1,-1,-1
519,3,459,167,438,131,-1,-1,-1,-1
520,1,443,352,187,137,-1,-1,-1,-1
520,2,746,42,1172,476,-1,-1,-1,-1
520,3,466,167,433,131,-1,-1,-1,-1
521,1,443,352,186,137,-1,-1,-1,-1
521,2,744,43,1174,478,-1,-1,-1,-1
521,3,470,167,432,132,-1,-1,-1,-1
522,1,442,352,188,137,-1,-1,-1,-1
522,2,740,43,1177,479,-1,-1,-1,-1
522,3,473,166,433,133,-1,-1,-1,-1
523,1,442,352,188,137,-1,-1,-1,-1
523,2,738,43,1179,479,-1,-1,-1,-1
523,3,478,166,429,132,-1,-1,-1,-1
524,1,442,352,188,137,-1,-1,-1,-1
524,2,732,44,1185,475,-1,-1,-1,-1
524,3,481,166,429,133,-1,-1,-1,-1
525,1,443,352,186,137,-1,-1,-1,-1
525,2,717,44,1201,474,-1,-1,-1,-1
525,3,485,166,427,132,-1,-1,-1,-1
526,1,443,352,186,137,-1,-1,-1,-1
526,2,718,43,1199,476,-1,-1,-1,-1
526,3,486,167,428,131,-1,-1,-1,-1
527,1,442,352,187,136,-1,-1,-1,-1
527,2,715,43,1203,475,-1,-1,-1,-1
527,3,487,167,429,132,-1,-1,-1,-1
528,1,443,353,185,134,-1,-1,-1,-1
528,2,717,43,1201,476,-1,-1,-1,-1
528,3,491,167,426,131,-1,-1,-1,-1
529,1,443,353,185,134,-1,-1,-1,-1
529,2,720,44,1198,475,-1,-1,-1,-1
529,3,496,166,423,132,-1,-1,-1,-1
530,1,442,353,187,135,-1,-1,-1,-1
530,2,719,44,1198,474,-1,-1,-1,-1
530,3,499,167,424,132,-1,-1,-1,-1
531,1,444,353,184,134,-1,-1,-1,-1
531,2,719,45,1197,472,-1,-1,-1,-1
531,3,506,167,417,131,-1,-1,-1,-1
532,1,444,353,184,134,-1,-1,-1,-1
532,2,720,44,1196,474,-1,-1,-1,-1
532,3,506,167,420,132,-1,-1,-1,-1
533,1,444,353,184,134,-1,-1,-1,-1
533,2,719,46,1196,471,-1,-1,-1,-1
533,3,506,167,426,131,-1,-1,-1,-1
534,1,444,353,184,134,-1,-1,-1,-1
534,2,715,45,1197,473,-1,-1,-1,-1
534,3,508,168,424,130,-1,-1,-1,-1
535,1,443,353,186,135,-1,-1,-1,-1
535,2,711,45,1201,473,-1,-1,-1,-1
535,3,507,167,427,131,-1,-1,-1,-1
536,1,444,353,184,134,-1,-1,-1,-1
536,2,716,46,1195,471,-1,-1,-1,-1
536,3,509,168,428,129,-1,-1,-1,-1
537,1,444,353,184,134,-1,-1,-1,-1
537,2,719,46,1192,471,-1,-1,-1,-1
537,3,510,168,429,129,-1,-1,-1,-1
538,1,443,353,186,135,-1,-1,-1,-1
538,2,723,45,1185,473,-1,-1,-1,-1
538,3,513,168,429,130,-1,-1,-1,-1
539,1,443,353,185,134,-1,-1,-1,-1
539,2,719,46,1188,472,-1,-1,-1,-1
539,3,516,167,429,131,-1,-1,-1,-1
540,1,442,352,187,136,-1,-1,-1,-1
540,2,724,46,1182,471,-1,-1,-1,-1
540,3,519,166,427,131,-1,-1,-1,-1
541,1,442,352,187,136,-1,-1,-1,-1
541,2,720,45,1182,472,-1,-1,-1,-1
541,3,521,166,427,131,-1,-1,-1,-1
542,1,442,352,187,136,-1,-1,-1,-1
542,2,719,47,1184,469,-1,-1,-1,-1
542,3,524,165,427,132,-1,-1,-1,-1
543,1,442,353,187,135,-1,-1,-1,-1
543,2,725,46,1176,471,-1,-1,-1,-1
543,3,527,165,427,133,-1,-1,-1,-1
544,1,443,353,185,135,-1,-1,-1,-1
544,2,719,46,1182,472,-1,-1,-1,-1
544,3,530,165,426,132,-1,-1,-1,-1
545,1,442,352,187,137,-1,-1,-1,-1
545,2,721,47,1178,472,-1,-1,-1,-1
545,3,534,166,424,131,-1,-1,-1,-1
546,1,443,352,186,136,-1,-1,-1,-1
546,2,718,47,1181,470,-1,-1,-1,-1
546,3,536,167,424,129,-1,-1,-1,-1
547,1,444,352,185,135,-1,-1,-1,-1
547,2,718,47,1185,469,-1,-1,-1,-1
547,3,538,167,425,129,-1,-1,-1,-1
548,1,444,353,184,134,-1,-1,-1,-1
548,2,725,48,1177,468,-1,-1,-1,-1
548,3,540,167,426,129,-1,-1,-1,-1
549,1,444,353,184,134,-1,-1,-1,-1
549,2,714,47,1182,471,-1,-1,-1,-1
549,3,541,166,427,130,-1,-1,-1,-1
550,1,444,353,184,134,-1,-1,-1,-1
550,2,712,48,1188,470,-1,-1,-1,-1
550,3,542,165,428,131,-1,-1,-1,-1
551,1,444,353,184,135,-1,-1,-1,-1
551,2,709,48,1193,469,-1,-1,-1,-1
551,3,545,165,425,132,-1,-1,-1,-1
552,1,443,352,186,137,-1,-1,-1,-1
552,2,716,49,1180,466,-1,-1,-1,-1
552,3,549,165,425,132,-1,-1,-1,-1
553,1,443,352,186,137,-1,-1,-1,-1
553,2,713,48,1188,467,-1,-1,-1,-1
553,3,551,165,425,131,-1,-1,-1,-1
554,1,443,352,186,137,-1,-1,-1,-1
554,2,715,49,1183,466,-1,-1,-1,-1
554,3,556,166,419,129,-1,-1,-1,-1
555,1,443,352,186,137,-1,-1,-1,-1
555,2,714,48,1181,470,-1,-1,-1,-1
555,3,556,166,423,130,-1,-1,-1,-1
556,1,442,352,187,136,-1,-1,-1,-1
556,2,715,49,1193,470,-1,-1,-1,-1
556,3,556,166,425,129,-1,-1,-1,-1
557,1,444,353,184,135,-1,-1,-1,-1
557,2,705,49,1193,469,-1,-1,-1,-1
557,3,560,167,425,128,-1,-1,-1,-1
558,1,443,352,186,137,-1,-1,-1,-1
558,2,706,50,1192,464,-1,-1,-1,-1
558,3,562,167,426,128,-1,-1,-1,-1
559,1,443,352,186,137,-1,-1,-1,-1
559,2,704,49,1197,466,-1,-1,-1,-1
559,3,570,167,420,129,-1,-1,-1,-1
560,1,443,352,186,137,-1,-1,-1,-1
560,2,702,49,1189,470,-1,-1,-1,-1
560,3,574,166,417,130,-1,-1,-1,-1
561,1,443,352,186,137,-1,-1,-1,-1
561,2,698,50,1196,469,-1,-1,-1,-1
561,3,577,165,418,131,-1,-1,-1,-1
562,1,443,352,186,137,-1,-1,-1,-1
562,2,702,50,1199,469,-1,-1,-1,-1
562,3,581,165,417,130,-1,-1,-1,-1
563,1,443,352,186,137,-1,-1,-1,-1
563,2,702,50,1206,468,-1,-1,-1,-1
563,3,583,165,419,130,-1,-1,-1,-1
564,1,443,353,186,136,-1,-1,-1,-1
564,2,701,50,1188,467,-1,-1,-1,-1
564,3,584,165,421,130,-1,-1,-1,-1
565,1,444,354,184,134,-1,-1,-1,-1
565,2,702,49,1190,468,-1,-1,-1,-1
565,3,586,165,423,131,-1,-1,-1,-1
566,1,443,353,186,135,-1,-1,-1,-1
566,2,700,50,1190,468,-1,-1,-1,-1
566,3,588,165,423,130,-1,-1,-1,-1
567,1,444,353,184,134,-1,-1,-1,-1
567,2,701,50,1181,468,-1,-1,-1,-1
567,3,588,164,427,132,-1,-1,-1,-1
568,1,444,353,184,134,-1,-1,-1,-1
568,2,702,50,1175,468,-1,-1,-1,-1
568,3,590,164,427,132,-1,-1,-1,-1
569,1,444,353,184,134,-1,-1,-1,-1
569,2,701,50,1172,467,-1,-1,-1,-1
569,3,597,164,422,132,-1,-1,-1,-1
570,1,444,353,184,134,-1,-1,-1,-1
570,2,702,51,1168,467,-1,-1,-1,-1
570,3,603,164,418,132,-1,-1,-1,-1
571,1,444,353,183,134,-1,-1,-1,-1
571,2,701,51,1170,467,-1,-1,-1,-1
571,3,605,165,418,130,-1,-1,-1,-1
572,1,444,353,184,135,-1,-1,-1,-1
572,2,700,51,1171,466,-1,-1,-1,-1
572,3,605,166,422,128,-1,-1,-1,-1
573,1,445,353,182,134,-1,-1,-1,-1
573,2,699,52,1172,465,-1,-1,-1,-1
573,3,606,166,420,128,-1,-1,-1,-1
574,1,445,353,182,134,-1,-1,-1,-1
574,2,699,52,1172,462,-1,-1,-1,-1
574,3,606,166,423,128,-1,-1,-1,-1
575,1,445,352,182,135,-1,-1,-1,-1
575,2,699,51,1171,462,-1,-1,-1,-1
575,3,613,165,419,129,-1,-1,-1,-1
576,1,443,353,186,135,-1,-1,-1,-1
576,2,698,51,1171,465,-1,-1,-1,-1
576,3,615,164,420,130,-1,-1,-1,-1
577,1,444,354,184,133,-1,-1,-1,-1
577,2,697,52,1172,464,-1,-1,-1,-1
577,3,617,164,420,130,-1,-1,-1,-1
578,1,444,354,184,133,-1,-1,-1,-1
578,2,697,52,1169,464,-1,-1,-1,-1
578,3,621,164,417,130,-1,-1,-1,-1
579,1,444,354,184,133,-1,-1,-1,-1
579,2,697,52,1168,463,-1,-1,-1,-1
579,3,622,163,420,132,-1,-1,-1,-1
580,1,444,354,184,133,-1,-1,-1,-1
580,2,697,53,1167,462,-1,-1,-1,-1
580,3,626,164,419,130,-1,-1,-1,-1
581,1,444,354,184,133,-1,-1,-1,-1
581,2,694,53,1170,462,-1,-1,-1,-1
581,3,628,164,419,129,-1,-1,-1,-1
582,1,444,354,184,133,-1,-1,-1,-1
582,2,695,53,1165,461,-1,-1,-1,-1
582,3,629,164,421,130,-1,-1,-1,-1
583,1,444,354,185,133,-1,-1,-1,-1
583,2,694,54,1167,459,-1,-1,-1,-1
583,3,632,164,421,129,-1,-1,-1,-1
584,1,444,354,185,133,-1,-1,-1,-1
584,2,694,54,1165,459,-1,-1,-1,-1
584,3,636,163,419,130,-1,-1,-1,-1
585,1,444,354,185,133,-1,-1,-1,-1
585,2,694,53,1163,461,-1,-1,-1,-1
585,3,640,163,418,130,-1,-1,-1,-1
586,1,444,354,185,134,-1,-1,-1,-1
586,2,690,54,1166,459,-1,-1,-1,-1
586,3,642,164,417,129,-1,-1,-1,-1
587,1,444,353,185,135,-1,-1,-1,-1
587,2,693,54,1163,459,-1,-1,-1,-1
587,3,646,164,415,128,-1,-1,-1,-1
588,1,443,352,187,137,-1,-1,-1,-1
588,2,692,55,1164,453,-1,-1,-1,-1
588,3,648,164,414,129,-1,-1,-1,-1
589,1,443,352,187,137,-1,-1,-1,-1
589,2,694,53,1156,456,-1,-1,-1,-1
589,3,650,163,415,131,-1,-1,-1,-1
590,1,443,352,187,137,-1,-1,-1,-1
590,2,693,53,1156,458,-1,-1,-1,-1
590,3,651,163,415,131,-1,-1,-1,-1
591,1,443,352,187,137,-1,-1,-1,-1
591,2,695,53,1153,460,-1,-1,-1,-1
591,3,651,163,416,130,-1,-1,-1,-1
592,1,443,352,187,137,-1,-1,-1,-1
592,2,695,54,1150,458,-1,-1,-1,-1
592,3,655,164,411,129,-1,-1,-1,-1
593,1,443,353,187,136,-1,-1,-1,-1
593,2,692,54,1151,457,-1,-1,-1,-1
593,3,655,165,415,127,-1,-1,-1,-1
594,1,444,354,185,134,-1,-1,-1,-1
594,2,694,53,1147,458,-1,-1,-1,-1
594,3,657,165,416,127,-1,-1,-1,-1
595,1,444,354,185,134,-1,-1,-1,-1
595,2,692,53,1149,459,-1,-1,-1,-1
595,3,659,164,416,128,-1,-1,-1,-1
596,1,443,353,187,135,-1,-1,-1,-1
596,2,690,53,1150,460,-1,-1,-1,-1
596,3,661,164,417,127,-1,-1,-1,-1
597,1,444,354,185,134,-1,-1,-1,-1
597,2,689,54,1152,460,-1,-1,-1,-1
597,3,666,163,414,128,-1,-1,-1,-1
598,1,444,354,185,135,-1,-1,-1,-1
598,2,689,54,1152,460,-1,-1,-1,-1
598,3,667,163,417,129,-1,-1,-1,-1
599,1,443,354,187,135,-1,-1,-1,-1
599,2,688,54,1154,459,-1,-1,-1,-1
599,3,669,162,418,130,-1,-1,-1,-1
600,1,443,353,187,135,-1,-1,-1,-1
600,2,689,54,1151,460,-1,-1,-1,-1
600,3,673,162,418,131,-1,-1,-1,-1
601,1,443,354,186,134,-1,-1,-1,-1
601,2,687,56,1154,457,-1,-1,-1,-1
601,3,674,162,420,131,-1,-1,-1,-1
602,1,442,353,188,136,-1,-1,-1,-1
602,2,688,56,1150,457,-1,-1,-1,-1
602,3,675,162,420,130,-1,-1,-1,-1
603,1,443,353,186,136,-1,-1,-1,-1
603,2,691,55,1147,458,-1,-1,-1,-1
603,3,680,162,417,130,-1,-1,-1,-1
604,1,443,353,187,135,-1,-1,-1,-1
604,2,691,56,1147,458,-1,-1,-1,-1
604,3,686,162,413,129,-1,-1,-1,-1
605,1,444,354,185,133,-1,-1,-1,-1
605,2,691,56,1146,457,-1,-1,-1,-1
605,3,690,161,412,130,-1,-1,-1,-1
606,1,444,354,185,133,-1,-1,-1,-1
606,2,691,56,1146,455,-1,-1,-1,-1
606,3,693,161,409,129,-1,-1,-1,-1
607,1,444,354,185,133,-1,-1,-1,-1
607,2,691,56,1145,454,-1,-1,-1,-1
607,3,696,161,410,129,-1,-1,-1,-1
608,1,444,354,185,133,-1,-1,-1,-1
608,2,690,57,1145,453,-1,-1,-1,-1
608,3,698,162,410,129,-1,-1,-1,-1
609,1,444,354,185,133,-1,-1,-1,-1
609,2,690,57,1142,454,-1,-1,-1,-1
609,3,701,162,410,128,-1,-1,-1,-1
610,1,444,354,185,134,-1,-1,-1,-1
610,2,692,57,1140,455,-1,-1,-1,-1
610,3,704,163,408,126,-1,-1,-1,-1
611,1,443,353,187,136,-1,-1,-1,-1
611,2,693,58,1138,455,-1,-1,-1,-1
611,3,707,163,406,126,-1,-1,-1,-1
612,1,443,353,187,136,-1,-1,-1,-1
612,2,694,57,1135,456,-1,-1,-1,-1
612,3,708,163,406,127,-1,-1,-1,-1
613,1,443,353,187,135,-1,-1,-1,-1
613,2,693,57,1136,456,-1,-1,-1,-1
613,3,712,162,406,128,-1,-1,-1,-1
614,1,443,354,186,133,-1,-1,-1,-1
614,2,692,58,1135,452,-1,-1,-1,-1
614,3,715,162,404,127,-1,-1,-1,-1
615,1,443,354,186,133,-1,-1,-1,-1
615,2,691,58,1134,451,-1,-1,-1,-1
615,3,720,163,401,126,-1,-1,-1,-1
616,1,443,354,186,133,-1,-1,-1,-1
616,2,691,57,1132,455,-1,-1,-1,-1
616,3,722,162,402,125,-1,-1,-1,-1
617,1,443,354,186,133,-1,-1,-1,-1
617,2,691,58,1131,455,-1,-1,-1,-1
617,3,725,163,402,123,-1,-1,-1,-1
618,1,443,354,186,133,-1,-1,-1,-1
618,2,690,58,1131,452,-1,-1,-1,-1
618,3,726,163,404,125,-1,-1,-1,-1
619,1,443,354,186,133,-1,-1,-1,-1
619,2,689,58,1132,450,-1,-1,-1,-1
619,3,728,162,404,126,-1,-1,-1,-1
620,1,443,354,186,133,-1,-1,-1,-1
620,2,688,58,1132,449,-1,-1,-1,-1
620,3,728,161,407,127,-1,-1,-1,-1
621,1,443,354,186,133,-1,-1,-1,-1
621,2,685,58,1135,448,-1,-1,-1,-1
621,3,729,161,408,127,-1,-1,-1,-1
622,1,443,354,186,133,-1,-1,-1,-1
622,2,685,58,1132,448,-1,-1,-1,-1
622,3,733,161,407,127,-1,-1,-1,-1
623,1,443,354,186,133,-1,-1,-1,-1
623,2,685,59,1132,447,-1,-1,-1,-1
623,3,738,161,404,126,-1,-1,-1,-1
624,1,443,354,186,133,-1,-1,-1,-1
624,2,687,59,1128,447,-1,-1,-1,-1
624,3,740,161,405,126,-1,-1,-1,-1
625,1,442,354,188,134,-1,-1,-1,-1
625,2,686,59,1130,446,-1,-1,-1,-1
625,3,742,160,407,127,-1,-1,-1,-1
626,1,443,355,186,132,-1,-1,-1,-1
626,2,684,59,1132,444,-1,-1,-1,-1
626,3,746,160,404,128,-1,-1,-1,-1
627,1,443,354,185,133,-1,-1,-1,-1
627,2,684,59,1132,443,-1,-1,-1,-1
627,3,745,159,408,130,-1,-1,-1,-1
628,1,442,353,187,135,-1,-1,-1,-1
628,2,682,59,1132,441,-1,-1,-1,-1
628,3,749,160,406,128,-1,-1,-1,-1
629,1,442,354,187,134,-1,-1,-1,-1
629,2,683,59,1128,441,-1,-1,-1,-1
629,3,751,160,405,127,-1,-1,-1,-1
630,1,443,354,186,133,-1,-1,-1,-1
630,2,683,59,1128,444,-1,-1,-1,-1
630,3,754,160,404,127,-1,-1,-1,-1
631,1,442,353,188,135,-1,-1,-1,-1
631,2,683,60,1128,446,-1,-1,-1,-1
631,3,754,159,408,129,-1,-1,-1,-1
632,1,442,353,188,135,-1,-1,-1,-1
632,2,682,61,1129,444,-1,-1,-1,-1
632,3,759,160,405,127,-1,-1,-1,-1
633,1,442,353,188,135,-1,-1,-1,-1
633,2,682,61,1128,443,-1,-1,-1,-1
633,3,762,161,403,126,-1,-1,-1,-1
634,1,442,354,188,134,-1,-1,-1,-1
634,2,681,61,1129,441,-1,-1,-1,-1
634,3,764,161,403,125,-1,-1,-1,-1
635,1,444,355,185,132,-1,-1,-1,-1
635,2,682,62,1126,437,-1,-1,-1,-1
635,3,765,161,405,126,-1,-1,-1,-1
636,1,443,354,186,133,-1,-1,-1,-1
636,2,681,62,1127,436,-1,-1,-1,-1
636,3,765,160,411,126,-1,-1,-1,-1
637,1,442,353,188,135,-1,-1,-1,-1
637,2,681,63,1125,435,-1,-1,-1,-1
637,3,765,160,415,125,-1,-1,-1,-1
638,1,442,353,188,135,-1,-1,-1,-1
638,2,682,62,1123,441,-1,-1,-1,-1
638,3,767,160,416,124,-1,-1,-1,-1
639,1,443,353,186,135,-1,-1,-1,-1
639,2,681,63,1123,441,-1,-1,-1,-1
639,3,769,160,421,124,-1,-1,-1,-1
640,1,442,353,188,135,-1,-1,-1,-1
640,2,679,63,1125,440,-1,-1,-1,-1
640,3,769,159,423,125,-1,-1,-1,-1
641,1,442,353,188,135,-1,-1,-1,-1
641,2,681,63,1120,440,-1,-1,-1,-1
641,3,754,158,491,125,-1,-1,-1,-1
642,1,443,353,186,135,-1,-1,-1,-1
642,2,679,63,1122,437,-1,-1,-1,-1
642,3,766,159,432,125,-1,-1,-1,-1
643,1,442,353,187,135,-1,-1,-1,-1
643,2,678,63,1121,436,-1,-1,-1,-1
643,3,755,158,509,125,-1,-1,-1,-1
644,1,442,353,188,135,-1,-1,-1,-1
644,2,678,62,1119,436,-1,-1,-1,-1
644,3,758,157,516,125,-1,-1,-1,-1
645,1,443,353,186,135,-1,-1,-1,-1
645,2,676,63,1121,435,-1,-1,-1,-1
645,3,758,157,489,125,-1,-1,-1,-1
646,1,442,353,187,135,-1,-1,-1,-1
646,2,679,62,1116,437,-1,-1,-1,-1
646,3,771,158,435,125,-1,-1,-1,-1
647,1,442,353,187,135,-1,-1,-1,-1
647,2,679,62,1116,438,-1,-1,-1,-1
647,3,771,159,441,124,-1,-1,-1,-1
648,1,442,353,188,135,-1,-1,-1,-1
648,2,678,63,1116,438,-1,-1,-1,-1
648,3,758,157,506,125,-1,-1,-1,-1
649,1,443,353,186,135,-1,-1,-1,-1
649,2,677,62,1115,441,-1,-1,-1,-1
649,3,759,157,504,124,-1,-1,-1,-1
650,1,442,353,187,135,-1,-1,-1,-1
650,2,678,62,1113,443,-1,-1,-1,-1
650,3,763,158,507,124,-1,-1,-1,-1
651,1,443,353,185,135,-1,-1,-1,-1
651,2,677,63,1113,437,-1,-1,-1,-1
651,3,772,157,518,125,-1,-1,-1,-1
652,1,443,353,186,135,-1,-1,-1,-1
652,2,678,62,1111,440,-1,-1,-1,-1
652,3,775,156,513,126,-1,-1,-1,-1
653,1,444,353,186,135,-1,-1,-1,-1
653,2,678,63,1112,436,-1,-1,-1,-1
653,3,788,157,501,126,-1,-1,-1,-1
654,1,444,353,186,135,-1,-1,-1,-1
654,2,679,62,1110,436,-1,-1,-1,-1
654,3,780,156,516,127,-1,-1,-1,-1
655,1,444,353,186,135,-1,-1,-1,-1
655,2,678,63,1111,435,-1,-1,-1,-1
655,3,784,156,513,127,-1,-1,-1,-1
656,1,443,353,187,135,-1,-1,-1,-1
656,2,678,63,1109,434,-1,-1,-1,-1
656,3,792,156,504,126,-1,-1,-1,-1
657,1,443,353,187,135,-1,-1,-1,-1
657,2,678,63,1107,435,-1,-1,-1,-1
657,3,790,155,507,128,-1,-1,-1,-1
658,1,443,353,187,135,-1,-1,-1,-1
658,2,677,63,1108,438,-1,-1,-1,-1
658,3,790,155,507,128,-1,-1,-1,-1
659,1,443,353,187,135,-1,-1,-1,-1
659,2,676,62,1109,443,-1,-1,-1,-1
659,3,773,155,525,128,-1,-1,-1,-1
660,1,443,353,187,135,-1,-1,-1,-1
660,2,676,64,1109,439,-1,-1,-1,-1
660,3,780,155,517,128,-1,-1,-1,-1
661,1,443,353,187,135,-1,-1,-1,-1
661,2,675,65,1110,435,-1,-1,-1,-1
661,3,787,155,511,128,-1,-1,-1,-1
662,1,443,353,187,135,-1,-1,-1,-1
662,2,675,65,1109,433,-1,-1,-1,-1
662,3,790,155,508,128,-1,-1,-1,-1
663,1,443,353,187,135,-1,-1,-1,-1
663,2,675,65,1108,432,-1,-1,-1,-1
663,3,779,155,518,127,-1,-1,-1,-1
664,1,444,353,184,134,-1,-1,-1,-1
664,2,675,64,1106,435,-1,-1,-1,-1
664,3,764,154,534,129,-1,-1,-1,-1
665,1,443,353,186,135,-1,-1,-1,-1
665,2,675,64,1106,438,-1,-1,-1,-1
665,3,766,155,531,128,-1,-1,-1,-1
666,1,444,353,184,134,-1,-1,-1,-1
666,2,675,64,1105,440,-1,-1,-1,-1
666,3,765,155,533,127,-1,-1,-1,-1
667,1,443,352,187,136,-1,-1,-1,-1
667,2,674,65,1106,440,-1,-1,-1,-1
667,3,764,154,534,127,-1,-1,-1,-1
668,1,443,352,187,136,-1,-1,-1,-1
668,2,674,66,1105,437,-1,-1,-1,-1
668,3,773,156,519,124,-1,-1,-1,-1
669,1,443,353,187,135,-1,-1,-1,-1
669,2,673,66,1106,433,-1,-1,-1,-1
669,3,792,157,498,123,-1,-1,-1,-1
670,1,444,354,185,133,-1,-1,-1,-1
670,2,675,65,1102,435,-1,-1,-1,-1
670,3,848,156,445,124,-1,-1,-1,-1
671,1,444,354,185,133,-1,-1,-1,-1
671,2,675,66,1101,435,-1,-1,-1,-1
671,3,872,155,420,124,-1,-1,-1,-1
672,1,444,353,185,134,-1,-1,-1,-1
672,2,675,66,1100,434,-1,-1,-1,-1
672,3,871,155,424,123,-1,-1,-1,-1
673,1,443,352,187,136,-1,-1,-1,-1
673,2,674,65,1099,437,-1,-1,-1,-1
673,3,872,155,422,124,-1,-1,-1,-1
674,1,443,352,187,136,-1,-1,-1,-1
674,2,673,65,1099,438,-1,-1,-1,-1
674,3,873,156,418,123,-1,-1,-1,-1
675,1,443,352,187,136,-1,-1,-1,-1
675,2,672,66,1101,435,-1,-1,-1,-1
675,3,873,156,418,124,-1,-1,-1,-1
676,1,443,353,187,135,-1,-1,-1,-1
676,2,675,65,1097,440,-1,-1,-1,-1
676,3,882,156,408,123,-1,-1,-1,-1
