3,1,128,251,1240,383,-1,-1,-1,-1
3,2,1515,379,363,141,-1,-1,-1,-1
3,4,1186,510,588,187,-1,-1,-1,-1
4,1,128,251,1240,383,-1,-1,-1,-1
4,2,1514,379,363,141,-1,-1,-1,-1
4,4,1186,510,588,187,-1,-1,-1,-1
5,1,128,250,1240,383,-1,-1,-1,-1
5,2,1514,379,363,141,-1,-1,-1,-1
5,4,1188,510,587,188,-1,-1,-1,-1
6,1,127,249,1242,384,-1,-1,-1,-1
6,2,1514,379,364,141,-1,-1,-1,-1
6,4,1186,511,589,187,-1,-1,-1,-1
7,1,128,249,1240,384,-1,-1,-1,-1
7,2,1514,379,364,141,-1,-1,-1,-1
7,4,1191,511,584,187,-1,-1,-1,-1
8,1,127,249,1242,385,-1,-1,-1,-1
8,2,1514,379,364,141,-1,-1,-1,-1
8,4,1194,511,582,187,-1,-1,-1,-1
9,1,127,249,1242,385,-1,-1,-1,-1
9,2,1514,379,364,141,-1,-1,-1,-1
9,4,1204,512,571,186,-1,-1,-1,-1
10,1,127,249,1242,385,-1,-1,-1,-1
10,2,1514,379,364,141,-1,-1,-1,-1
10,4,1212,513,562,184,-1,-1,-1,-1
11,1,127,250,1242,383,-1,-1,-1,-1
11,2,1514,378,364,141,-1,-1,-1,-1
11,4,1216,513,558,184,-1,-1,-1,-1
12,1,128,250,1240,382,-1,-1,-1,-1
12,2,1515,379,361,140,-1,-1,-1,-1
12,4,1198,512,577,185,-1,-1,-1,-1
13,1,127,250,1242,383,-1,-1,-1,-1
13,2,1514,378,363,142,-1,-1,-1,-1
13,4,1197,513,578,185,-1,-1,-1,-1
14,1,128,251,1240,381,-1,-1,-1,-1
14,2,1514,378,364,142,-1,-1,-1,-1
14,4,1194,512,581,186,-1,-1,-1,-1
15,1,128,251,1240,382,-1,-1,-1,-1
15,2,1514,378,364,142,-1,-1,-1,-1
15,4,1204,512,571,185,-1,-1,-1,-1
16,1,127,250,1242,383,-1,-1,-1,-1
16,2,1514,378,364,142,-1,-1,-1,-1
16,4,1197,512,578,185,-1,-1,-1,-1
17,1,128,251,1240,381,-1,-1,-1,-1
17,2,1514,378,364,142,-1,-1,-1,-1
17,4,1206,512,569,186,-1,-1,-1,-1
18,1,128,251,1240,381,-1,-1,-1,-1
18,2,1514,378,364,142,-1,-1,-1,-1
18,4,1203,512,572,186,-1,-1,-1,-1
19,1,128,251,1240,382,-1,-1,-1,-1
19,2,1514,378,364,142,-1,-1,-1,-1
19,4,1205,512,570,185,-1,-1,-1,-1
20,1,127,251,1242,383,-1,-1,-1,-1
20,2,1514,378,364,142,-1,-1,-1,-1
20,4,1209,512,567,186,-1,-1,-1,-1
21,1,127,251,1242,383,-1,-1,-1,-1
21,2,1514,378,364,142,-1,-1,-1,-1
21,4,1217,513,558,184,-1,-1,-1,-1
22,1,128,251,1240,383,-1,-1,-1,-1
22,2,1514,378,364,142,-1,-1,-1,-1
22,4,1218,512,558,185,-1,-1,-1,-1
23,1,128,251,1240,386,-1,-1,-1,-1
23,2,1514,378,364,142,-1,-1,-1,-1
23,4,1224,512,552,186,-1,-1,-1,-1
24,1,128,250,1240,390,-1,-1,-1,-1
24,2,1514,378,364,142,-1,-1,-1,-1
24,4,1212,513,563,184,-1,-1,-1,-1
25,1,127,250,1242,389,-1,-1,-1,-1
25,2,1514,378,363,142,-1,-1,-1,-1
25,4,1215,513,559,184,-1,-1,-1,-1
26,1,127,250,1242,389,-1,-1,-1,-1
26,2,1515,378,360,142,-1,-1,-1,-1
26,4,1205,513,570,184,-1,-1,-1,-1
27,1,127,250,1242,387,-1,-1,-1,-1
27,2,1514,378,361,142,-1,-1,-1,-1
27,4,1192,512,582,186,-1,-1,-1,-1
28,1,127,250,1242,387,-1,-1,-1,-1
28,2,1514,378,361,142,-1,-1,-1,-1
28,4,1202,512,573,187,-1,-1,-1,-1
29,1,128,251,1240,387,-1,-1,-1,-1
29,2,1514,378,361,142,-1,-1,-1,-1
29,4,1202,512,573,187,-1,-1,-1,-1
30,1,128,250,1240,390,-1,-1,-1,-1
30,2,1514,378,361,142,-1,-1,-1,-1
30,4,1218,512,558,186,-1,-1,-1,-1
31,1,127,249,1242,389,-1,-1,-1,-1
31,2,1515,378,360,142,-1,-1,-1,-1
31,4,1204,513,572,184,-1,-1,-1,-1
32,1,127,250,1242,386,-1,-1,-1,-1
32,2,1514,378,360,142,-1,-1,-1,-1
32,4,1205,513,570,184,-1,-1,-1,-1
33,1,127,250,1242,385,-1,-1,-1,-1
33,2,1514,378,360,142,-1,-1,-1,-1
33,4,1201,513,575,184,-1,-1,-1,-1
34,1,127,250,1241,384,-1,-1,-1,-1
34,2,1514,378,360,142,-1,-1,-1,-1
34,4,1197,513,579,185,-1,-1,-1,-1
35,1,128,251,1240,382,-1,-1,-1,-1
35,2,1514,378,360,142,-1,-1,-1,-1
35,4,1195,513,581,186,-1,-1,-1,-1
36,1,127,250,1241,383,-1,-1,-1,-1
36,2,1514,378,360,142,-1,-1,-1,-1
36,4,1198,512,577,187,-1,-1,-1,-1
37,1,128,251,1240,382,-1,-1,-1,-1
37,2,1514,378,360,142,-1,-1,-1,-1
37,4,1189,512,585,187,-1,-1,-1,-1
38,1,127,250,1241,383,-1,-1,-1,-1
38,2,1515,378,359,142,-1,-1,-1,-1
38,4,1194,512,580,187,-1,-1,-1,-1
39,1,128,251,1239,381,-1,-1,-1,-1
39,2,1514,378,361,142,-1,-1,-1,-1
39,4,1191,512,583,187,-1,-1,-1,-1
40,1,128,251,1239,381,-1,-1,-1,-1
40,2,1514,378,362,142,-1,-1,-1,-1
40,4,1186,512,588,187,-1,-1,-1,-1
41,1,128,250,1239,382,-1,-1,-1,-1
41,2,1514,378,362,141,-1,-1,-1,-1
41,4,1190,512,584,187,-1,-1,-1,-1
42,1,127,250,1241,382,-1,-1,-1,-1
42,2,1515,379,360,139,-1,-1,-1,-1
42,4,1180,512,595,187,-1,-1,-1,-1
43,1,127,250,1242,382,-1,-1,-1,-1
43,2,1515,379,360,140,-1,-1,-1,-1
43,4,1186,512,587,187,-1,-1,-1,-1
44,1,128,251,1240,381,-1,-1,-1,-1
44,2,1514,378,363,142,-1,-1,-1,-1
44,4,1183,512,591,187,-1,-1,-1,-1
45,1,128,251,1239,381,-1,-1,-1,-1
45,2,1514,378,363,142,-1,-1,-1,-1
45,4,1191,512,583,187,-1,-1,-1,-1
46,1,128,251,1240,381,-1,-1,-1,-1
46,2,1514,378,363,142,-1,-1,-1,-1
46,4,1181,512,594,187,-1,-1,-1,-1
47,1,128,251,1240,381,-1,-1,-1,-1
47,2,1514,378,363,142,-1,-1,-1,-1
47,4,1182,512,592,187,-1,-1,-1,-1
48,1,128,251,1240,381,-1,-1,-1,-1
48,2,1514,378,363,142,-1,-1,-1,-1
48,4,1178,512,596,187,-1,-1,-1,-1
49,1,128,251,1240,381,-1,-1,-1,-1
49,2,1514,378,363,142,-1,-1,-1,-1
49,4,1174,513,600,186,-1,-1,-1,-1
50,1,128,251,1240,381,-1,-1,-1,-1
50,2,1514,378,364,142,-1,-1,-1,-1
50,4,1177,514,596,184,-1,-1,-1,-1
51,1,128,251,1240,381,-1,-1,-1,-1
51,2,1514,378,360,141,-1,-1,-1,-1
51,4,1178,514,594,184,-1,-1,-1,-1
52,1,127,250,1242,382,-1,-1,-1,-1
52,2,1515,379,358,139,-1,-1,-1,-1
52,4,1176,514,595,184,-1,-1,-1,-1
53,1,128,251,1240,380,-1,-1,-1,-1
53,2,1515,379,358,139,-1,-1,-1,-1
53,4,1174,514,597,184,-1,-1,-1,-1
54,1,129,251,1239,380,-1,-1,-1,-1
54,2,1515,379,358,139,-1,-1,-1,-1
54,4,1171,513,600,185,-1,-1,-1,-1
55,1,129,251,1239,381,-1,-1,-1,-1
55,2,1514,379,359,139,-1,-1,-1,-1
55,4,1172,512,601,187,-1,-1,-1,-1
56,1,129,251,1240,382,-1,-1,-1,-1
56,2,1514,379,358,139,-1,-1,-1,-1
56,4,1173,512,600,187,-1,-1,-1,-1
57,1,128,250,1241,382,-1,-1,-1,-1
57,2,1514,379,358,139,-1,-1,-1,-1
57,4,1171,512,601,187,-1,-1,-1,-1
58,1,128,251,1241,380,-1,-1,-1,-1
58,2,1514,379,358,139,-1,-1,-1,-1
58,4,1170,512,602,187,-1,-1,-1,-1
59,1,128,251,1240,380,-1,-1,-1,-1
59,2,1514,379,359,139,-1,-1,-1,-1
59,4,1170,513,602,186,-1,-1,-1,-1
60,1,128,251,1240,380,-1,-1,-1,-1
60,2,1515,379,358,139,-1,-1,-1,-1
60,4,1175,514,596,184,-1,-1,-1,-1
61,1,128,251,1240,381,-1,-1,-1,-1
61,2,1515,379,359,139,-1,-1,-1,-1
61,4,1173,513,598,185,-1,-1,-1,-1
62,1,127,250,1242,383,-1,-1,-1,-1
62,2,1515,379,359,139,-1,-1,-1,-1
62,4,1184,513,589,186,-1,-1,-1,-1
63,1,128,250,1240,383,-1,-1,-1,-1
63,2,1515,379,359,139,-1,-1,-1,-1
63,4,1181,514,591,184,-1,-1,-1,-1
64,1,128,250,1240,383,-1,-1,-1,-1
64,2,1515,379,359,139,-1,-1,-1,-1
64,4,1177,513,595,185,-1,-1,-1,-1
65,1,127,249,1242,384,-1,-1,-1,-1
65,2,1515,379,359,139,-1,-1,-1,-1
65,4,1182,512,591,187,-1,-1,-1,-1
66,1,127,250,1242,383,-1,-1,-1,-1
66,2,1515,379,359,139,-1,-1,-1,-1
66,4,1191,512,582,187,-1,-1,-1,-1
67,1,128,251,1240,382,-1,-1,-1,-1
67,2,1515,379,359,139,-1,-1,-1,-1
67,4,1195,512,578,187,-1,-1,-1,-1
68,1,128,250,1240,383,-1,-1,-1,-1
68,2,1514,379,360,140,-1,-1,-1,-1
68,4,1197,512,577,187,-1,-1,-1,-1
69,1,128,250,1240,384,-1,-1,-1,-1
69,2,1515,379,358,139,-1,-1,-1,-1
69,4,1189,512,586,187,-1,-1,-1,-1
70,1,127,249,1242,386,-1,-1,-1,-1
70,2,1514,379,360,140,-1,-1,-1,-1
70,4,1204,513,571,186,-1,-1,-1,-1
71,1,127,249,1242,385,-1,-1,-1,-1
71,2,1515,379,359,140,-1,-1,-1,-1
71,4,1190,513,584,185,-1,-1,-1,-1
72,1,127,249,1242,384,-1,-1,-1,-1
72,2,1514,378,361,142,-1,-1,-1,-1
72,4,1179,512,595,186,-1,-1,-1,-1
73,1,128,250,1240,383,-1,-1,-1,-1
73,2,1514,378,361,142,-1,-1,-1,-1
73,4,1182,512,592,187,-1,-1,-1,-1
74,1,127,249,1242,385,-1,-1,-1,-1
74,2,1514,378,361,142,-1,-1,-1,-1
74,4,1178,512,597,187,-1,-1,-1,-1
75,1,127,249,1242,384,-1,-1,-1,-1
75,2,1514,378,361,142,-1,-1,-1,-1
75,4,1171,512,603,186,-1,-1,-1,-1
76,1,128,249,1240,383,-1,-1,-1,-1
76,2,1514,378,363,142,-1,-1,-1,-1
76,4,1164,511,610,188,-1,-1,-1,-1
77,1,128,249,1240,383,-1,-1,-1,-1
77,2,1514,378,364,142,-1,-1,-1,-1
77,4,1169,512,605,187,-1,-1,-1,-1
78,1,128,249,1240,383,-1,-1,-1,-1
78,2,1514,378,364,142,-1,-1,-1,-1
78,4,1172,512,602,187,-1,-1,-1,-1
79,1,128,249,1240,383,-1,-1,-1,-1
79,2,1514,378,364,142,-1,-1,-1,-1
79,4,1172,513,601,185,-1,-1,-1,-1
80,1,128,249,1240,383,-1,-1,-1,-1
80,2,1514,378,364,142,-1,-1,-1,-1
80,4,1172,513,602,185,-1,-1,-1,-1
81,1,128,249,1240,383,-1,-1,-1,-1
81,2,1514,378,364,142,-1,-1,-1,-1
81,4,1171,513,603,185,-1,-1,-1,-1
82,1,128,249,1240,383,-1,-1,-1,-1
82,2,1513,378,365,142,-1,-1,-1,-1
82,4,1169,513,605,185,-1,-1,-1,-1
83,1,128,249,1241,383,-1,-1,-1,-1
83,2,1514,378,364,142,-1,-1,-1,-1
83,4,1168,513,605,185,-1,-1,-1,-1
84,1,128,249,1240,383,-1,-1,-1,-1
84,2,1514,378,364,142,-1,-1,-1,-1
84,4,1173,513,600,186,-1,-1,-1,-1
85,1,128,249,1241,383,-1,-1,-1,-1
85,2,1514,378,363,141,-1,-1,-1,-1
85,4,1167,513,605,186,-1,-1,-1,-1
86,1,129,249,1240,383,-1,-1,-1,-1
86,2,1515,379,362,139,-1,-1,-1,-1
86,4,1171,514,600,184,-1,-1,-1,-1
87,1,129,249,1240,383,-1,-1,-1,-1
87,2,1515,379,362,139,-1,-1,-1,-1
87,4,1170,514,601,184,-1,-1,-1,-1
88,1,129,249,1240,383,-1,-1,-1,-1
88,2,1515,379,362,139,-1,-1,-1,-1
88,4,1173,514,598,184,-1,-1,-1,-1
89,1,129,249,1240,383,-1,-1,-1,-1
89,2,1515,379,362,140,-1,-1,-1,-1
89,4,1173,513,598,185,-1,-1,-1,-1
90,1,129,249,1240,383,-1,-1,-1,-1
90,2,1514,378,364,141,-1,-1,-1,-1
90,4,1173,513,599,186,-1,-1,-1,-1
91,1,129,249,1240,383,-1,-1,-1,-1
91,2,1515,379,362,140,-1,-1,-1,-1
91,4,1174,514,597,184,-1,-1,-1,-1
92,1,129,249,1240,383,-1,-1,-1,-1
92,2,1514,378,364,142,-1,-1,-1,-1
92,4,1179,514,593,184,-1,-1,-1,-1
93,1,129,249,1240,383,-1,-1,-1,-1
93,2,1514,378,364,142,-1,-1,-1,-1
93,4,1187,514,585,184,-1,-1,-1,-1
94,1,129,249,1240,383,-1,-1,-1,-1
94,2,1514,378,364,141,-1,-1,-1,-1
94,4,1185,514,587,184,-1,-1,-1,-1
95,1,129,249,1240,383,-1,-1,-1,-1
95,2,1515,379,362,140,-1,-1,-1,-1
95,4,1188,514,584,184,-1,-1,-1,-1
96,1,129,249,1240,383,-1,-1,-1,-1
96,2,1514,378,365,142,-1,-1,-1,-1
96,4,1181,514,591,184,-1,-1,-1,-1
97,1,128,250,1241,383,-1,-1,-1,-1
97,2,1514,378,364,142,-1,-1,-1,-1
97,4,1178,514,593,184,-1,-1,-1,-1
98,1,129,251,1239,381,-1,-1,-1,-1
98,2,1514,378,364,142,-1,-1,-1,-1
98,4,1179,514,593,184,-1,-1,-1,-1
99,1,129,251,1239,381,-1,-1,-1,-1
99,2,1514,378,364,142,-1,-1,-1,-1
99,4,1183,514,589,184,-1,-1,-1,-1
100,1,129,251,1239,381,-1,-1,-1,-1
100,2,1514,378,364,142,-1,-1,-1,-1
100,4,1180,514,592,184,-1,-1,-1,-1
101,1,129,251,1239,381,-1,-1,-1,-1
101,2,1515,379,363,141,-1,-1,-1,-1
101,4,1175,514,598,184,-1,-1,-1,-1
102,1,129,250,1239,382,-1,-1,-1,-1
102,2,1514,378,365,143,-1,-1,-1,-1
102,4,1174,515,597,182,-1,-1,-1,-1
103,1,128,249,1241,384,-1,-1,-1,-1
103,2,1514,378,365,142,-1,-1,-1,-1
103,4,1171,516,601,182,-1,-1,-1,-1
104,1,128,249,1241,384,-1,-1,-1,-1
104,2,1514,378,365,142,-1,-1,-1,-1
104,4,1170,515,602,183,-1,-1,-1,-1
105,1,128,249,1241,384,-1,-1,-1,-1
105,2,1515,379,363,140,-1,-1,-1,-1
105,4,1173,515,599,183,-1,-1,-1,-1
106,1,128,249,1241,383,-1,-1,-1,-1
106,2,1515,379,363,140,-1,-1,-1,-1
106,4,1169,514,602,184,-1,-1,-1,-1
107,1,129,250,1239,382,-1,-1,-1,-1
107,2,1515,379,363,140,-1,-1,-1,-1
107,4,1170,514,601,183,-1,-1,-1,-1
108,1,128,249,1241,384,-1,-1,-1,-1
108,2,1515,379,363,140,-1,-1,-1,-1
108,4,1169,514,602,184,-1,-1,-1,-1
109,1,128,249,1241,384,-1,-1,-1,-1
109,2,1515,379,363,140,-1,-1,-1,-1
109,4,1170,513,602,185,-1,-1,-1,-1
110,1,128,249,1241,384,-1,-1,-1,-1
110,2,1515,379,363,140,-1,-1,-1,-1
110,4,1172,513,599,184,-1,-1,-1,-1
111,1,128,249,1241,384,-1,-1,-1,-1
111,2,1515,379,363,140,-1,-1,-1,-1
111,4,1171,514,602,184,-1,-1,-1,-1
112,1,128,249,1241,383,-1,-1,-1,-1
112,2,1515,379,363,140,-1,-1,-1,-1
112,4,1174,515,598,182,-1,-1,-1,-1
113,1,129,250,1239,382,-1,-1,-1,-1
113,2,1515,379,363,140,-1,-1,-1,-1
113,4,1174,515,598,182,-1,-1,-1,-1
114,1,128,249,1241,384,-1,-1,-1,-1
114,2,1515,379,363,140,-1,-1,-1,-1
114,4,1180,515,592,183,-1,-1,-1,-1
115,1,128,249,1241,384,-1,-1,-1,-1
115,2,1515,379,363,140,-1,-1,-1,-1
115,4,1199,514,574,184,-1,-1,-1,-1
116,1,128,250,1241,383,-1,-1,-1,-1
116,2,1515,379,363,140,-1,-1,-1,-1
116,4,1183,514,589,183,-1,-1,-1,-1
117,1,129,250,1239,382,-1,-1,-1,-1
117,2,1515,379,364,140,-1,-1,-1,-1
117,4,1183,514,589,183,-1,-1,-1,-1
118,1,128,249,1241,384,-1,-1,-1,-1
118,2,1515,379,363,141,-1,-1,-1,-1
118,4,1179,514,593,184,-1,-1,-1,-1
119,1,128,249,1241,384,-1,-1,-1,-1
119,2,1514,378,365,142,-1,-1,-1,-1
119,4,1176,513,597,186,-1,-1,-1,-1
120,1,128,249,1242,384,-1,-1,-1,-1
120,2,1515,379,363,141,-1,-1,-1,-1
120,4,1179,513,593,185,-1,-1,-1,-1
121,1,129,249,1240,384,-1,-1,-1,-1
121,2,1514,378,365,142,-1,-1,-1,-1
121,4,1178,513,595,186,-1,-1,-1,-1
122,1,128,249,1241,384,-1,-1,-1,-1
122,2,1515,379,363,140,-1,-1,-1,-1
122,4,1178,513,595,186,-1,-1,-1,-1
123,1,128,249,1241,384,-1,-1,-1,-1
123,2,1515,379,363,141,-1,-1,-1,-1
123,4,1172,513,601,186,-1,-1,-1,-1
124,1,128,250,1241,383,-1,-1,-1,-1
124,2,1514,378,365,143,-1,-1,-1,-1
124,4,1172,513,601,186,-1,-1,-1,-1
125,1,129,250,1239,382,-1,-1,-1,-1
125,2,1514,378,365,143,-1,-1,-1,-1
125,4,1173,513,600,185,-1,-1,-1,-1
126,1,128,249,1241,383,-1,-1,-1,-1
126,2,1514,378,365,143,-1,-1,-1,-1
126,4,1175,514,597,183,-1,-1,-1,-1
127,1,129,249,1239,382,-1,-1,-1,-1
127,2,1514,378,364,142,-1,-1,-1,-1
127,4,1177,514,595,183,-1,-1,-1,-1
128,1,128,249,1240,382,-1,-1,-1,-1
128,2,1515,379,362,140,-1,-1,-1,-1
128,4,1175,513,596,184,-1,-1,-1,-1
129,1,128,249,1240,382,-1,-1,-1,-1
129,2,1515,379,362,140,-1,-1,-1,-1
129,4,1172,512,600,186,-1,-1,-1,-1
130,1,128,250,1240,382,-1,-1,-1,-1
130,2,1515,379,362,140,-1,-1,-1,-1
130,4,1174,512,598,186,-1,-1,-1,-1
131,1,128,249,1240,384,-1,-1,-1,-1
131,2,1515,379,361,140,-1,-1,-1,-1
131,4,1173,512,598,186,-1,-1,-1,-1
132,1,128,249,1241,384,-1,-1,-1,-1
132,2,1515,379,362,140,-1,-1,-1,-1
132,4,1174,513,596,185,-1,-1,-1,-1
133,1,128,249,1241,384,-1,-1,-1,-1
133,2,1515,379,362,140,-1,-1,-1,-1
133,4,1174,512,597,186,-1,-1,-1,-1
134,1,128,249,1241,384,-1,-1,-1,-1
134,2,1515,379,362,140,-1,-1,-1,-1
134,4,1171,513,599,185,-1,-1,-1,-1
135,1,127,250,1242,383,-1,-1,-1,-1
135,2,1515,379,363,141,-1,-1,-1,-1
135,4,1171,512,600,187,-1,-1,-1,-1
136,1,128,251,1240,382,-1,-1,-1,-1
136,2,1514,378,365,143,-1,-1,-1,-1
136,4,1175,512,597,187,-1,-1,-1,-1
137,1,128,250,1240,382,-1,-1,-1,-1
137,2,1514,378,363,143,-1,-1,-1,-1
137,4,1189,512,583,187,-1,-1,-1,-1
138,1,127,249,1242,384,-1,-1,-1,-1
138,2,1514,378,364,142,-1,-1,-1,-1
138,4,1184,512,588,187,-1,-1,-1,-1
139,1,127,249,1242,384,-1,-1,-1,-1
139,2,1515,379,361,140,-1,-1,-1,-1
139,4,1186,512,586,187,-1,-1,-1,-1
140,1,127,249,1242,384,-1,-1,-1,-1
140,2,1515,379,361,140,-1,-1,-1,-1
140,4,1191,512,582,187,-1,-1,-1,-1
141,1,127,249,1242,384,-1,-1,-1,-1
141,2,1515,379,362,140,-1,-1,-1,-1
141,4,1192,512,580,187,-1,-1,-1,-1
142,1,127,249,1242,384,-1,-1,-1,-1
142,2,1515,379,362,140,-1,-1,-1,-1
142,4,1184,512,589,187,-1,-1,-1,-1
143,1,127,249,1242,384,-1,-1,-1,-1
143,2,1515,379,362,141,-1,-1,-1,-1
143,4,1177,512,595,187,-1,-1,-1,-1
144,1,127,249,1242,383,-1,-1,-1,-1
144,2,1514,378,364,143,-1,-1,-1,-1
144,4,1173,512,599,187,-1,-1,-1,-1
145,1,128,250,1240,382,-1,-1,-1,-1
145,2,1514,378,364,143,-1,-1,-1,-1
145,4,1179,512,593,187,-1,-1,-1,-1
146,1,128,250,1240,383,-1,-1,-1,-1
146,2,1514,378,364,143,-1,-1,-1,-1
146,4,1172,512,601,187,-1,-1,-1,-1
147,1,127,249,1242,385,-1,-1,-1,-1
147,2,1514,378,365,143,-1,-1,-1,-1
147,4,1172,512,600,186,-1,-1,-1,-1
148,1,127,249,1242,385,-1,-1,-1,-1
148,2,1514,378,364,142,-1,-1,-1,-1
148,4,1176,511,597,188,-1,-1,-1,-1
149,1,127,249,1242,384,-1,-1,-1,-1
149,2,1515,379,362,140,-1,-1,-1,-1
149,4,1173,512,600,187,-1,-1,-1,-1
150,1,128,249,1240,383,-1,-1,-1,-1
150,2,1515,379,362,140,-1,-1,-1,-1
150,4,1174,512,597,186,-1,-1,-1,-1
151,1,127,250,1242,383,-1,-1,-1,-1
151,2,1515,379,359,140,-1,-1,-1,-1
151,4,1175,511,598,188,-1,-1,-1,-1
152,1,128,251,1240,381,-1,-1,-1,-1
152,2,1515,379,360,140,-1,-1,-1,-1
152,4,1174,511,599,188,-1,-1,-1,-1
153,1,128,250,1240,382,-1,-1,-1,-1
153,2,1515,379,360,140,-1,-1,-1,-1
153,4,1174,511,599,188,-1,-1,-1,-1
154,1,127,249,1242,383,-1,-1,-1,-1
154,2,1515,379,360,140,-1,-1,-1,-1
154,4,1174,511,599,188,-1,-1,-1,-1
155,1,128,250,1240,382,-1,-1,-1,-1
155,2,1515,379,360,140,-1,-1,-1,-1
155,4,1178,511,596,188,-1,-1,-1,-1
156,1,128,250,1240,383,-1,-1,-1,-1
156,2,1515,379,360,140,-1,-1,-1,-1
156,4,1173,511,600,188,-1,-1,-1,-1
157,1,127,249,1242,385,-1,-1,-1,-1
157,2,1515,379,360,140,-1,-1,-1,-1
157,4,1174,511,600,188,-1,-1,-1,-1
158,1,128,250,1240,384,-1,-1,-1,-1
158,2,1515,379,360,140,-1,-1,-1,-1
158,4,1176,511,598,188,-1,-1,-1,-1
159,1,128,250,1240,385,-1,-1,-1,-1
159,2,1515,379,360,140,-1,-1,-1,-1
159,4,1179,511,595,188,-1,-1,-1,-1
160,1,128,250,1240,386,-1,-1,-1,-1
160,2,1515,379,360,140,-1,-1,-1,-1
160,4,1178,511,595,188,-1,-1,-1,-1
161,1,127,249,1242,388,-1,-1,-1,-1
161,2,1515,379,360,140,-1,-1,-1,-1
161,4,1180,511,593,188,-1,-1,-1,-1
162,1,128,250,1240,387,-1,-1,-1,-1
162,2,1515,379,360,140,-1,-1,-1,-1
162,4,1179,511,593,188,-1,-1,-1,-1
163,1,127,249,1242,388,-1,-1,-1,-1
163,2,1515,379,360,140,-1,-1,-1,-1
163,4,1178,511,595,188,-1,-1,-1,-1
164,1,127,249,1242,388,-1,-1,-1,-1
164,2,1515,379,360,140,-1,-1,-1,-1
164,4,1179,511,594,188,-1,-1,-1,-1
165,1,128,250,1240,387,-1,-1,-1,-1
165,2,1515,379,361,140,-1,-1,-1,-1
165,4,1183,511,589,188,-1,-1,-1,-1
166,1,127,249,1242,388,-1,-1,-1,-1
166,2,1515,379,361,140,-1,-1,-1,-1
166,4,1173,512,599,187,-1,-1,-1,-1
167,1,127,249,1242,388,-1,-1,-1,-1
167,2,1514,378,362,141,-1,-1,-1,-1
167,4,1173,513,598,185,-1,-1,-1,-1
168,1,127,249,1242,387,-1,-1,-1,-1
168,2,1516,379,359,139,-1,-1,-1,-1
168,4,1172,513,599,185,-1,-1,-1,-1
169,1,127,249,1242,387,-1,-1,-1,-1
169,2,1516,379,359,139,-1,-1,-1,-1
169,4,1172,513,599,185,-1,-1,-1,-1
170,1,128,250,1240,387,-1,-1,-1,-1
170,2,1516,379,358,139,-1,-1,-1,-1
170,4,1170,513,602,185,-1,-1,-1,-1
171,1,128,250,1240,390,-1,-1,-1,-1
171,2,1515,379,360,139,-1,-1,-1,-1
171,4,1164,513,607,186,-1,-1,-1,-1
172,1,127,249,1242,391,-1,-1,-1,-1
172,2,1516,379,357,139,-1,-1,-1,-1
172,4,1158,512,614,187,-1,-1,-1,-1
173,1,127,249,1242,391,-1,-1,-1,-1
173,2,1515,379,359,139,-1,-1,-1,-1
173,4,1161,513,610,186,-1,-1,-1,-1
174,1,127,249,1242,390,-1,-1,-1,-1
174,2,1515,379,359,139,-1,-1,-1,-1
174,4,1166,512,606,187,-1,-1,-1,-1
175,1,130,251,1238,392,-1,-1,-1,-1
175,2,1515,379,360,139,-1,-1,-1,-1
175,4,1155,513,617,186,-1,-1,-1,-1
176,1,130,252,1238,398,-1,-1,-1,-1
176,2,1515,379,362,140,-1,-1,-1,-1
176,4,1166,512,606,187,-1,-1,-1,-1
177,1,129,251,1240,395,-1,-1,-1,-1
177,2,1514,378,362,141,-1,-1,-1,-1
177,4,1160,513,612,186,-1,-1,-1,-1
178,1,127,250,1242,390,-1,-1,-1,-1
178,2,1515,379,361,139,-1,-1,-1,-1
178,4,1163,514,608,184,-1,-1,-1,-1
179,1,128,250,1241,390,-1,-1,-1,-1
179,2,1515,379,360,139,-1,-1,-1,-1
179,4,1160,514,611,184,-1,-1,-1,-1
180,1,131,251,1237,399,-1,-1,-1,-1
180,2,1515,379,360,139,-1,-1,-1,-1
180,4,1161,514,610,184,-1,-1,-1,-1
181,1,127,249,1243,397,-1,-1,-1,-1
181,2,1515,379,360,139,-1,-1,-1,-1
181,4,1158,513,613,185,-1,-1,-1,-1
182,1,128,248,1242,399,-1,-1,-1,-1
182,2,1515,379,359,139,-1,-1,-1,-1
182,4,1162,513,609,185,-1,-1,-1,-1
183,1,127,249,1243,391,-1,-1,-1,-1
183,2,1515,379,359,139,-1,-1,-1,-1
183,4,1169,512,602,187,-1,-1,-1,-1
184,1,127,249,1243,385,-1,-1,-1,-1
184,2,1515,379,359,139,-1,-1,-1,-1
184,4,1169,512,603,187,-1,-1,-1,-1
185,1,126,249,1244,383,-1,-1,-1,-1
185,2,1514,379,359,139,-1,-1,-1,-1
185,4,1161,513,613,186,-1,-1,-1,-1
186,1,127,250,1242,381,-1,-1,-1,-1
186,2,1515,379,357,139,-1,-1,-1,-1
186,4,1161,514,613,185,-1,-1,-1,-1
187,1,127,249,1243,381,-1,-1,-1,-1
187,2,1514,378,358,140,-1,-1,-1,-1
187,4,1162,515,611,183,-1,-1,-1,-1
188,1,128,249,1241,379,-1,-1,-1,-1
188,2,1514,379,359,139,-1,-1,-1,-1
188,4,1162,515,611,183,-1,-1,-1,-1
189,1,128,249,1241,378,-1,-1,-1,-1
189,2,1515,380,357,137,-1,-1,-1,-1
189,4,1162,514,611,184,-1,-1,-1,-1
190,1,128,250,1241,380,-1,-1,-1,-1
190,2,1515,379,358,138,-1,-1,-1,-1
190,4,1163,514,610,184,-1,-1,-1,-1
191,1,128,250,1241,380,-1,-1,-1,-1
191,2,1515,379,357,138,-1,-1,-1,-1
191,4,1165,514,608,184,-1,-1,-1,-1
192,1,128,250,1241,381,-1,-1,-1,-1
192,2,1515,379,358,138,-1,-1,-1,-1
192,4,1166,514,607,184,-1,-1,-1,-1
193,1,127,250,1242,382,-1,-1,-1,-1
193,2,1515,379,358,138,-1,-1,-1,-1
193,4,1167,514,606,184,-1,-1,-1,-1
194,1,128,250,1241,382,-1,-1,-1,-1
194,2,1514,379,359,139,-1,-1,-1,-1
194,4,1168,514,605,184,-1,-1,-1,-1
195,1,127,249,1242,388,-1,-1,-1,-1
195,2,1515,380,358,137,-1,-1,-1,-1
195,4,1169,514,604,184,-1,-1,-1,-1
196,1,127,249,1243,388,-1,-1,-1,-1
196,2,1515,380,357,137,-1,-1,-1,-1
196,4,1169,514,604,184,-1,-1,-1,-1
197,1,127,249,1243,385,-1,-1,-1,-1
197,2,1515,380,357,137,-1,-1,-1,-1
197,4,1166,514,608,184,-1,-1,-1,-1
198,1,127,249,1242,384,-1,-1,-1,-1
198,2,1515,380,357,137,-1,-1,-1,-1
198,4,1162,514,613,185,-1,-1,-1,-1
199,1,128,250,1240,382,-1,-1,-1,-1
199,2,1515,380,357,137,-1,-1,-1,-1
199,4,1159,515,613,183,-1,-1,-1,-1
200,1,127,249,1242,383,-1,-1,-1,-1
200,2,1515,379,358,138,-1,-1,-1,-1
200,4,1156,514,616,184,-1,-1,-1,-1
201,1,128,250,1240,381,-1,-1,-1,-1
201,2,1515,379,361,139,-1,-1,-1,-1
201,4,1157,513,615,185,-1,-1,-1,-1
202,1,128,250,1240,381,-1,-1,-1,-1
202,2,1514,378,363,141,-1,-1,-1,-1
202,4,1155,513,618,186,-1,-1,-1,-1
203,1,128,250,1240,381,-1,-1,-1,-1
203,2,1514,378,363,141,-1,-1,-1,-1
203,4,1154,513,619,186,-1,-1,-1,-1
204,1,128,250,1240,381,-1,-1,-1,-1
204,2,1514,378,362,141,-1,-1,-1,-1
204,4,1155,513,617,185,-1,-1,-1,-1
205,1,128,250,1240,381,-1,-1,-1,-1
205,2,1514,378,363,141,-1,-1,-1,-1
205,4,1154,513,619,186,-1,-1,-1,-1
206,1,128,250,1240,381,-1,-1,-1,-1
206,2,1514,378,362,141,-1,-1,-1,-1
206,4,1153,513,620,186,-1,-1,-1,-1
207,1,128,250,1240,381,-1,-1,-1,-1
207,2,1514,378,362,141,-1,-1,-1,-1
207,4,1153,514,619,184,-1,-1,-1,-1
208,1,128,250,1240,381,-1,-1,-1,-1
208,2,1514,378,362,141,-1,-1,-1,-1
208,4,1152,514,621,184,-1,-1,-1,-1
209,1,128,250,1240,381,-1,-1,-1,-1
209,2,1514,378,363,141,-1,-1,-1,-1
209,4,1150,514,622,185,-1,-1,-1,-1
210,1,128,250,1240,382,-1,-1,-1,-1
210,2,1514,378,363,141,-1,-1,-1,-1
210,4,1152,514,619,184,-1,-1,-1,-1
211,1,127,249,1242,383,-1,-1,-1,-1
211,2,1514,378,363,141,-1,-1,-1,-1
211,4,1151,514,620,184,-1,-1,-1,-1
212,1,128,250,1240,381,-1,-1,-1,-1
212,2,1514,378,362,141,-1,-1,-1,-1
212,4,1152,513,620,186,-1,-1,-1,-1
213,1,128,250,1240,381,-1,-1,-1,-1
213,2,1514,378,362,141,-1,-1,-1,-1
213,4,1151,513,620,186,-1,-1,-1,-1
214,1,128,250,1240,381,-1,-1,-1,-1
214,2,1514,378,361,141,-1,-1,-1,-1
214,4,1152,513,619,186,-1,-1,-1,-1
215,1,128,250,1240,382,-1,-1,-1,-1
215,2,1514,378,362,141,-1,-1,-1,-1
215,4,1153,514,618,185,-1,-1,-1,-1
216,1,127,249,1242,384,-1,-1,-1,-1
216,2,1514,378,362,141,-1,-1,-1,-1
216,4,1153,515,616,183,-1,-1,-1,-1
217,1,127,249,1242,384,-1,-1,-1,-1
217,2,1514,378,362,141,-1,-1,-1,-1
217,4,1152,515,617,183,-1,-1,-1,-1
218,1,128,250,1240,383,-1,-1,-1,-1
218,2,1514,378,363,141,-1,-1,-1,-1
218,4,1152,515,617,183,-1,-1,-1,-1
219,1,127,249,1242,385,-1,-1,-1,-1
219,2,1514,378,363,141,-1,-1,-1,-1
219,4,1150,515,619,183,-1,-1,-1,-1
220,1,127,249,1241,385,-1,-1,-1,-1
220,2,1514,378,363,141,-1,-1,-1,-1
220,4,1151,514,618,184,-1,-1,-1,-1
221,1,127,249,1241,385,-1,-1,-1,-1
221,2,1514,378,363,141,-1,-1,-1,-1
221,4,1150,513,620,186,-1,-1,-1,-1
222,1,127,249,1241,384,-1,-1,-1,-1
222,2,1514,378,363,141,-1,-1,-1,-1
222,4,1149,513,621,186,-1,-1,-1,-1
223,1,128,250,1239,383,-1,-1,-1,-1
223,2,1514,378,363,141,-1,-1,-1,-1
223,4,1149,513,621,186,-1,-1,-1,-1
224,1,127,249,1241,384,-1,-1,-1,-1
224,2,1514,378,362,141,-1,-1,-1,-1
224,4,1149,513,621,186,-1,-1,-1,-1
225,1,127,250,1241,382,-1,-1,-1,-1
225,2,1514,378,363,141,-1,-1,-1,-1
225,4,1147,513,622,186,-1,-1,-1,-1
226,1,127,250,1240,382,-1,-1,-1,-1
226,2,1514,378,363,141,-1,-1,-1,-1
226,4,1148,514,622,185,-1,-1,-1,-1
227,1,128,250,1239,382,-1,-1,-1,-1
227,2,1514,378,363,141,-1,-1,-1,-1
227,4,1149,515,619,183,-1,-1,-1,-1
228,1,128,250,1239,382,-1,-1,-1,-1
228,2,1514,378,363,141,-1,-1,-1,-1
228,4,1148,514,621,184,-1,-1,-1,-1
229,1,127,250,1239,382,-1,-1,-1,-1
229,2,1514,378,363,141,-1,-1,-1,-1
229,4,1143,513,627,186,-1,-1,-1,-1
230,1,127,250,1239,382,-1,-1,-1,-1
230,2,1514,378,364,141,-1,-1,-1,-1
230,4,1143,513,627,186,-1,-1,-1,-1
231,1,127,249,1240,383,-1,-1,-1,-1
231,2,1514,378,364,141,-1,-1,-1,-1
231,4,1144,513,625,185,-1,-1,-1,-1
232,1,128,250,1238,382,-1,-1,-1,-1
232,2,1514,378,364,141,-1,-1,-1,-1
232,4,1143,512,627,187,-1,-1,-1,-1
233,1,127,249,1240,384,-1,-1,-1,-1
233,2,1514,378,364,141,-1,-1,-1,-1
233,4,1143,512,627,187,-1,-1,-1,-1
234,1,127,249,1240,384,-1,-1,-1,-1
234,2,1514,378,364,141,-1,-1,-1,-1
234,4,1146,512,625,187,-1,-1,-1,-1
235,1,129,251,1236,380,-1,-1,-1,-1
235,2,1515,379,361,140,-1,-1,-1,-1
235,4,1144,513,627,185,-1,-1,-1,-1
236,1,129,252,1235,378,-1,-1,-1,-1
236,2,1514,378,363,142,-1,-1,-1,-1
236,4,1147,514,622,184,-1,-1,-1,-1
237,1,129,252,1235,378,-1,-1,-1,-1
237,2,1514,378,363,142,-1,-1,-1,-1
237,4,1149,514,621,184,-1,-1,-1,-1
238,1,129,252,1235,378,-1,-1,-1,-1
238,2,1514,378,362,141,-1,-1,-1,-1
238,4,1149,514,621,184,-1,-1,-1,-1
239,1,129,252,1235,378,-1,-1,-1,-1
239,2,1515,379,360,140,-1,-1,-1,-1
239,4,1149,514,621,185,-1,-1,-1,-1
240,1,129,252,1235,378,-1,-1,-1,-1
240,2,1514,378,363,142,-1,-1,-1,-1
240,4,1150,514,619,184,-1,-1,-1,-1
241,1,129,252,1235,378,-1,-1,-1,-1
241,2,1514,378,363,142,-1,-1,-1,-1
241,4,1152,514,617,185,-1,-1,-1,-1
242,1,129,252,1235,379,-1,-1,-1,-1
242,2,1514,378,363,142,-1,-1,-1,-1
242,4,1151,513,618,187,-1,-1,-1,-1
243,1,128,251,1237,379,-1,-1,-1,-1
243,2,1514,378,362,142,-1,-1,-1,-1
243,4,1151,513,618,186,-1,-1,-1,-1
244,1,129,252,1235,378,-1,-1,-1,-1
244,2,1514,378,362,142,-1,-1,-1,-1
244,4,1150,512,620,188,-1,-1,-1,-1
245,1,129,252,1235,378,-1,-1,-1,-1
245,2,1514,378,362,142,-1,-1,-1,-1
245,4,1150,512,619,188,-1,-1,-1,-1
246,1,129,252,1235,378,-1,-1,-1,-1
246,2,1514,378,362,142,-1,-1,-1,-1
246,4,1150,512,619,188,-1,-1,-1,-1
247,1,129,252,1236,378,-1,-1,-1,-1
247,2,1514,378,362,142,-1,-1,-1,-1
247,4,1152,512,617,188,-1,-1,-1,-1
248,1,129,252,1235,378,-1,-1,-1,-1
248,2,1514,378,362,142,-1,-1,-1,-1
248,4,1150,512,619,188,-1,-1,-1,-1
249,1,129,252,1235,379,-1,-1,-1,-1
249,2,1514,378,362,142,-1,-1,-1,-1
249,4,1148,512,621,188,-1,-1,-1,-1
250,1,128,251,1237,380,-1,-1,-1,-1
250,2,1514,378,362,142,-1,-1,-1,-1
250,4,1150,512,619,188,-1,-1,-1,-1
251,1,130,252,1234,379,-1,-1,-1,-1
251,2,1514,378,365,142,-1,-1,-1,-1
251,4,1149,512,619,187,-1,-1,-1,-1
252,1,129,251,1237,380,-1,-1,-1,-1
252,2,1514,378,365,142,-1,-1,-1,-1
252,4,1150,511,617,187,-1,-1,-1,-1
253,1,130,252,1235,378,-1,-1,-1,-1
253,2,1514,378,366,142,-1,-1,-1,-1
253,4,1150,510,617,188,-1,-1,-1,-1
254,1,130,252,1234,379,-1,-1,-1,-1
254,2,1514,378,365,142,-1,-1,-1,-1
254,4,1151,509,617,190,-1,-1,-1,-1
255,1,129,252,1236,380,-1,-1,-1,-1
255,2,1514,378,365,142,-1,-1,-1,-1
255,4,1151,509,617,190,-1,-1,-1,-1
256,1,130,253,1234,379,-1,-1,-1,-1
256,2,1514,378,365,142,-1,-1,-1,-1
256,4,1151,509,617,190,-1,-1,-1,-1
257,1,130,253,1234,379,-1,-1,-1,-1
257,2,1514,378,365,142,-1,-1,-1,-1
257,4,1151,510,617,189,-1,-1,-1,-1
258,1,130,252,1234,379,-1,-1,-1,-1
258,2,1514,378,364,142,-1,-1,-1,-1
258,4,1152,511,615,188,-1,-1,-1,-1
259,1,129,251,1236,381,-1,-1,-1,-1
259,2,1514,378,364,142,-1,-1,-1,-1
259,4,1151,511,616,189,-1,-1,-1,-1
260,1,130,251,1234,381,-1,-1,-1,-1
260,2,1514,378,364,142,-1,-1,-1,-1
260,4,1151,512,616,188,-1,-1,-1,-1
261,1,129,251,1235,380,-1,-1,-1,-1
261,2,1514,378,363,141,-1,-1,-1,-1
261,4,1151,513,616,187,-1,-1,-1,-1
262,1,130,251,1233,379,-1,-1,-1,-1
262,2,1515,379,361,140,-1,-1,-1,-1
262,4,1152,513,614,186,-1,-1,-1,-1
263,1,130,251,1233,379,-1,-1,-1,-1
263,2,1514,378,363,141,-1,-1,-1,-1
263,4,1152,513,614,186,-1,-1,-1,-1
264,1,130,251,1233,379,-1,-1,-1,-1
264,2,1515,379,362,140,-1,-1,-1,-1
264,4,1151,513,615,186,-1,-1,-1,-1
265,1,129,252,1234,379,-1,-1,-1,-1
265,2,1514,378,364,142,-1,-1,-1,-1
265,4,1150,513,617,186,-1,-1,-1,-1
266,1,129,252,1234,378,-1,-1,-1,-1
266,2,1514,378,364,142,-1,-1,-1,-1
266,4,1150,513,616,186,-1,-1,-1,-1
267,1,130,253,1232,377,-1,-1,-1,-1
267,2,1514,378,364,142,-1,-1,-1,-1
267,4,1150,513,616,186,-1,-1,-1,-1
268,1,129,253,1233,377,-1,-1,-1,-1
268,2,1514,378,364,142,-1,-1,-1,-1
268,4,1149,513,616,186,-1,-1,-1,-1
269,1,130,253,1232,377,-1,-1,-1,-1
269,2,1514,378,364,142,-1,-1,-1,-1
269,4,1150,512,615,187,-1,-1,-1,-1
270,1,130,253,1232,377,-1,-1,-1,-1
270,2,1514,378,364,142,-1,-1,-1,-1
270,4,1149,511,616,189,-1,-1,-1,-1
271,1,130,253,1232,377,-1,-1,-1,-1
271,2,1514,378,364,142,-1,-1,-1,-1
271,4,1148,511,619,188,-1,-1,-1,-1
272,1,130,253,1232,377,-1,-1,-1,-1
272,2,1514,378,364,142,-1,-1,-1,-1
272,4,1148,512,617,187,-1,-1,-1,-1
273,1,130,253,1232,377,-1,-1,-1,-1
273,2,1514,378,364,142,-1,-1,-1,-1
273,4,1146,511,620,188,-1,-1,-1,-1
274,1,130,253,1232,377,-1,-1,-1,-1
274,2,1514,378,364,142,-1,-1,-1,-1
274,4,1147,510,618,188,-1,-1,-1,-1
275,1,130,253,1232,377,-1,-1,-1,-1
275,2,1514,378,364,142,-1,-1,-1,-1
275,4,1146,510,619,189,-1,-1,-1,-1
276,1,130,253,1232,377,-1,-1,-1,-1
276,2,1514,378,364,141,-1,-1,-1,-1
276,4,1147,510,619,189,-1,-1,-1,-1
277,1,130,253,1232,377,-1,-1,-1,-1
277,2,1515,379,362,139,-1,-1,-1,-1
277,4,1145,510,620,189,-1,-1,-1,-1
278,1,130,253,1232,377,-1,-1,-1,-1
278,2,1515,379,362,139,-1,-1,-1,-1
278,4,1145,510,621,188,-1,-1,-1,-1
279,1,130,253,1232,377,-1,-1,-1,-1
279,2,1515,379,362,139,-1,-1,-1,-1
279,4,1144,510,621,188,-1,-1,-1,-1
280,1,130,253,1232,377,-1,-1,-1,-1
280,2,1515,379,362,139,-1,-1,-1,-1
280,4,1144,511,622,188,-1,-1,-1,-1
281,1,129,252,1234,378,-1,-1,-1,-1
281,2,1515,379,362,139,-1,-1,-1,-1
281,4,1140,512,624,186,-1,-1,-1,-1
282,1,130,253,1232,377,-1,-1,-1,-1
282,2,1515,379,362,139,-1,-1,-1,-1
282,4,1141,512,623,186,-1,-1,-1,-1
283,1,130,253,1232,378,-1,-1,-1,-1
283,2,1515,379,362,139,-1,-1,-1,-1
283,4,1145,512,620,186,-1,-1,-1,-1
284,1,130,253,1232,378,-1,-1,-1,-1
284,2,1515,379,362,139,-1,-1,-1,-1
284,4,1147,512,619,187,-1,-1,-1,-1
285,1,128,252,1233,378,-1,-1,-1,-1
285,2,1515,379,360,140,-1,-1,-1,-1
285,4,1144,512,620,186,-1,-1,-1,-1
286,1,129,253,1230,377,-1,-1,-1,-1
286,2,1514,378,362,142,-1,-1,-1,-1
286,4,1146,512,619,186,-1,-1,-1,-1
287,1,128,252,1232,378,-1,-1,-1,-1
287,2,1514,378,362,142,-1,-1,-1,-1
287,4,1144,512,621,186,-1,-1,-1,-1
288,1,129,253,1230,376,-1,-1,-1,-1
288,2,1514,378,362,142,-1,-1,-1,-1
288,4,1142,512,621,186,-1,-1,-1,-1
289,1,129,253,1230,376,-1,-1,-1,-1
289,2,1514,378,361,142,-1,-1,-1,-1
289,4,1141,510,624,187,-1,-1,-1,-1
290,1,129,253,1229,376,-1,-1,-1,-1
290,2,1514,378,362,142,-1,-1,-1,-1
290,4,1140,511,625,185,-1,-1,-1,-1
291,1,129,253,1229,376,-1,-1,-1,-1
291,2,1514,378,362,141,-1,-1,-1,-1
291,4,1138,511,626,185,-1,-1,-1,-1
292,1,129,253,1229,376,-1,-1,-1,-1
292,2,1515,379,361,140,-1,-1,-1,-1
292,4,1139,511,625,185,-1,-1,-1,-1
293,1,130,253,1228,376,-1,-1,-1,-1
293,2,1514,378,362,142,-1,-1,-1,-1
293,4,1138,511,626,186,-1,-1,-1,-1
294,1,129,253,1229,376,-1,-1,-1,-1
294,2,1514,378,362,142,-1,-1,-1,-1
294,4,1140,512,624,184,-1,-1,-1,-1
295,1,129,253,1228,376,-1,-1,-1,-1
295,2,1514,378,362,142,-1,-1,-1,-1
295,4,1140,512,624,184,-1,-1,-1,-1
296,1,129,253,1228,376,-1,-1,-1,-1
296,2,1514,378,361,142,-1,-1,-1,-1
296,4,1142,512,621,184,-1,-1,-1,-1
297,1,129,253,1227,376,-1,-1,-1,-1
297,2,1514,378,362,141,-1,-1,-1,-1
297,4,1143,511,618,185,-1,-1,-1,-1
298,1,129,253,1227,376,-1,-1,-1,-1
298,2,1515,379,360,139,-1,-1,-1,-1
298,4,1139,511,622,185,-1,-1,-1,-1
299,1,129,253,1226,377,-1,-1,-1,-1
299,2,1515,379,359,139,-1,-1,-1,-1
299,4,1136,512,626,185,-1,-1,-1,-1
300,1,128,252,1228,378,-1,-1,-1,-1
300,2,1515,379,359,139,-1,-1,-1,-1
300,4,1139,512,621,184,-1,-1,-1,-1
301,1,128,253,1227,376,-1,-1,-1,-1
301,2,1515,379,361,139,-1,-1,-1,-1
301,4,1135,512,625,184,-1,-1,-1,-1
302,1,129,253,1226,376,-1,-1,-1,-1
302,2,1515,379,361,140,-1,-1,-1,-1
302,4,1132,511,629,185,-1,-1,-1,-1
303,1,128,253,1226,376,-1,-1,-1,-1
303,2,1514,378,363,142,-1,-1,-1,-1
303,4,1139,512,621,183,-1,-1,-1,-1
304,1,129,253,1225,376,-1,-1,-1,-1
304,2,1514,378,363,142,-1,-1,-1,-1
304,4,1141,512,617,183,-1,-1,-1,-1
305,1,128,253,1225,377,-1,-1,-1,-1
305,2,1514,378,363,142,-1,-1,-1,-1
305,4,1138,512,620,183,-1,-1,-1,-1
306,1,129,253,1224,377,-1,-1,-1,-1
306,2,1514,378,363,142,-1,-1,-1,-1
306,4,1140,511,617,184,-1,-1,-1,-1
307,1,129,253,1223,377,-1,-1,-1,-1
307,2,1514,378,363,142,-1,-1,-1,-1
307,4,1140,511,617,183,-1,-1,-1,-1
308,1,129,252,1222,379,-1,-1,-1,-1
308,2,1514,378,363,141,-1,-1,-1,-1
308,4,1136,511,620,184,-1,-1,-1,-1
309,1,128,252,1223,379,-1,-1,-1,-1
309,2,1515,379,361,139,-1,-1,-1,-1
309,4,1135,511,624,184,-1,-1,-1,-1
310,1,128,252,1222,379,-1,-1,-1,-1
310,2,1515,379,361,139,-1,-1,-1,-1
310,4,1133,512,623,182,-1,-1,-1,-1
311,1,128,252,1222,379,-1,-1,-1,-1
311,2,1515,379,361,139,-1,-1,-1,-1
311,4,1133,512,622,182,-1,-1,-1,-1
312,1,129,252,1219,379,-1,-1,-1,-1
312,2,1515,379,361,139,-1,-1,-1,-1
312,4,1138,512,614,183,-1,-1,-1,-1
313,1,128,252,1219,379,-1,-1,-1,-1
313,2,1515,379,362,139,-1,-1,-1,-1
313,4,1139,512,612,183,-1,-1,-1,-1
314,1,128,252,1218,379,-1,-1,-1,-1
314,2,1515,379,362,139,-1,-1,-1,-1
314,4,1136,512,613,182,-1,-1,-1,-1
315,1,127,252,1219,379,-1,-1,-1,-1
315,2,1515,379,362,140,-1,-1,-1,-1
315,4,1134,512,614,183,-1,-1,-1,-1
316,1,128,252,1216,379,-1,-1,-1,-1
316,2,1514,378,363,141,-1,-1,-1,-1
316,4,1137,512,612,183,-1,-1,-1,-1
317,1,128,252,1214,379,-1,-1,-1,-1
317,2,1515,379,361,139,-1,-1,-1,-1
317,4,1141,513,609,182,-1,-1,-1,-1
318,1,127,252,1215,379,-1,-1,-1,-1
318,2,1515,379,361,140,-1,-1,-1,-1
318,4,1141,513,608,183,-1,-1,-1,-1
319,1,127,252,1213,378,-1,-1,-1,-1
319,2,1513,378,364,142,-1,-1,-1,-1
319,4,1135,513,613,182,-1,-1,-1,-1
320,1,128,253,1210,376,-1,-1,-1,-1
320,2,1513,378,365,142,-1,-1,-1,-1
320,4,1134,513,611,181,-1,-1,-1,-1
321,1,129,253,1208,377,-1,-1,-1,-1
321,2,1513,378,365,142,-1,-1,-1,-1
321,4,1137,513,610,182,-1,-1,-1,-1
322,1,128,252,1209,379,-1,-1,-1,-1
322,2,1513,378,365,142,-1,-1,-1,-1
322,4,1137,514,607,180,-1,-1,-1,-1
323,1,128,252,1207,379,-1,-1,-1,-1
323,2,1513,378,365,142,-1,-1,-1,-1
323,4,1122,513,623,182,-1,-1,-1,-1
324,1,127,252,1208,378,-1,-1,-1,-1
324,2,1513,378,365,142,-1,-1,-1,-1
324,4,1117,514,629,182,-1,-1,-1,-1
325,1,128,253,1206,376,-1,-1,-1,-1
325,2,1513,378,365,142,-1,-1,-1,-1
325,4,1122,514,623,181,-1,-1,-1,-1
326,1,128,253,1204,376,-1,-1,-1,-1
326,2,1513,378,364,141,-1,-1,-1,-1
326,4,1122,513,619,181,-1,-1,-1,-1
327,1,128,253,1203,377,-1,-1,-1,-1
327,2,1514,379,361,139,-1,-1,-1,-1
327,4,1122,514,619,181,-1,-1,-1,-1
328,1,128,253,1203,377,-1,-1,-1,-1
328,2,1514,379,361,139,-1,-1,-1,-1
328,4,1120,513,619,180,-1,-1,-1,-1
329,1,128,253,1202,376,-1,-1,-1,-1
329,2,1514,379,361,139,-1,-1,-1,-1
329,4,1121,513,620,181,-1,-1,-1,-1
330,1,129,254,1200,374,-1,-1,-1,-1
330,2,1514,379,361,139,-1,-1,-1,-1
330,4,1119,513,622,180,-1,-1,-1,-1
331,1,129,254,1198,375,-1,-1,-1,-1
331,2,1514,379,361,139,-1,-1,-1,-1
331,4,1120,512,620,181,-1,-1,-1,-1
332,1,129,254,1197,376,-1,-1,-1,-1
332,2,1514,379,361,139,-1,-1,-1,-1
332,4,1120,512,619,182,-1,-1,-1,-1
333,1,128,254,1199,375,-1,-1,-1,-1
333,2,1514,379,361,139,-1,-1,-1,-1
333,4,1120,512,617,181,-1,-1,-1,-1
334,1,129,254,1195,374,-1,-1,-1,-1
334,2,1514,379,361,139,-1,-1,-1,-1
334,4,1119,512,615,182,-1,-1,-1,-1
335,1,129,254,1193,374,-1,-1,-1,-1
335,2,1514,379,363,141,-1,-1,-1,-1
335,4,1117,512,616,181,-1,-1,-1,-1
336,1,129,254,1192,375,-1,-1,-1,-1
336,2,1513,378,365,143,-1,-1,-1,-1
336,4,1113,511,619,182,-1,-1,-1,-1
337,1,128,254,1193,375,-1,-1,-1,-1
337,2,1513,378,364,143,-1,-1,-1,-1
337,4,1115,511,616,182,-1,-1,-1,-1
338,1,129,254,1190,374,-1,-1,-1,-1
338,2,1513,378,365,143,-1,-1,-1,-1
338,4,1113,512,617,181,-1,-1,-1,-1
339,1,129,254,1188,373,-1,-1,-1,-1
339,2,1514,379,362,142,-1,-1,-1,-1
339,4,1114,512,614,180,-1,-1,-1,-1
340,1,129,254,1187,373,-1,-1,-1,-1
340,2,1513,378,365,144,-1,-1,-1,-1
340,4,1115,512,611,180,-1,-1,-1,-1
341,1,130,254,1185,373,-1,-1,-1,-1
341,2,1513,378,365,144,-1,-1,-1,-1
341,4,1114,511,609,181,-1,-1,-1,-1
342,1,130,254,1184,374,-1,-1,-1,-1
342,2,1515,379,363,143,-1,-1,-1,-1
342,4,1114,511,607,182,-1,-1,-1,-1
343,1,130,254,1183,375,-1,-1,-1,-1
343,2,1514,378,365,144,-1,-1,-1,-1
343,4,1114,512,604,180,-1,-1,-1,-1
344,1,129,254,1182,373,-1,-1,-1,-1
344,2,1513,378,366,144,-1,-1,-1,-1
344,4,1118,511,599,181,-1,-1,-1,-1
345,1,131,254,1178,373,-1,-1,-1,-1
345,2,1513,378,365,144,-1,-1,-1,-1
345,4,1117,510,598,181,-1,-1,-1,-1
346,1,131,255,1177,372,-1,-1,-1,-1
346,2,1514,378,365,144,-1,-1,-1,-1
346,4,1108,513,602,177,-1,-1,-1,-1
347,1,131,255,1176,372,-1,-1,-1,-1
347,2,1513,378,366,144,-1,-1,-1,-1
347,4,1112,512,592,177,-1,-1,-1,-1
348,1,131,255,1175,372,-1,-1,-1,-1
348,2,1513,378,366,144,-1,-1,-1,-1
348,4,1108,511,595,177,-1,-1,-1,-1
349,1,131,255,1174,372,-1,-1,-1,-1
349,2,1513,378,366,144,-1,-1,-1,-1
349,4,1110,510,592,179,-1,-1,-1,-1
350,1,131,255,1173,372,-1,-1,-1,-1
350,2,1514,378,366,144,-1,-1,-1,-1
350,4,1108,509,591,180,-1,-1,-1,-1
351,1,132,255,1171,372,-1,-1,-1,-1
351,2,1513,378,365,143,-1,-1,-1,-1
351,4,1111,510,587,179,-1,-1,-1,-1
352,1,132,255,1169,372,-1,-1,-1,-1
352,2,1514,379,362,141,-1,-1,-1,-1
352,4,1106,509,589,179,-1,-1,-1,-1
353,1,132,255,1167,373,-1,-1,-1,-1
353,2,1514,379,362,141,-1,-1,-1,-1
353,4,1110,509,584,180,-1,-1,-1,-1
354,1,132,254,1165,374,-1,-1,-1,-1
354,2,1513,378,364,142,-1,-1,-1,-1
354,4,1104,509,589,181,-1,-1,-1,-1
355,1,132,254,1164,373,-1,-1,-1,-1
355,2,1514,379,362,141,-1,-1,-1,-1
355,4,1110,509,581,180,-1,-1,-1,-1
356,1,132,255,1162,372,-1,-1,-1,-1
356,2,1513,378,364,142,-1,-1,-1,-1
356,4,1107,508,582,182,-1,-1,-1,-1
357,1,132,255,1161,371,-1,-1,-1,-1
357,2,1514,379,362,140,-1,-1,-1,-1
357,4,1105,508,582,182,-1,-1,-1,-1
358,1,133,255,1157,370,-1,-1,-1,-1
358,2,1514,379,362,140,-1,-1,-1,-1
358,4,1102,508,583,181,-1,-1,-1,-1
359,1,133,255,1155,370,-1,-1,-1,-1
359,2,1514,379,361,140,-1,-1,-1,-1
359,4,1090,509,598,178,-1,-1,-1,-1
360,1,133,256,1154,369,-1,-1,-1,-1
360,2,1514,379,361,140,-1,-1,-1,-1
360,4,1097,510,587,176,-1,-1,-1,-1
361,1,133,256,1153,369,-1,-1,-1,-1
361,2,1514,379,362,140,-1,-1,-1,-1
361,4,1091,509,590,176,-1,-1,-1,-1
362,1,132,255,1153,370,-1,-1,-1,-1
362,2,1515,379,360,140,-1,-1,-1,-1
362,4,1088,511,593,174,-1,-1,-1,-1
363,1,132,255,1152,369,-1,-1,-1,-1
363,2,1515,379,360,140,-1,-1,-1,-1
363,4,1086,511,591,174,-1,-1,-1,-1
364,1,134,256,1148,367,-1,-1,-1,-1
364,2,1515,379,360,140,-1,-1,-1,-1
364,4,1087,510,589,175,-1,-1,-1,-1
365,1,133,256,1147,368,-1,-1,-1,-1
365,2,1515,379,360,140,-1,-1,-1,-1
365,4,1083,510,592,174,-1,-1,-1,-1
366,1,134,257,1144,367,-1,-1,-1,-1
366,2,1515,379,360,140,-1,-1,-1,-1
366,4,1084,509,587,175,-1,-1,-1,-1
367,1,134,256,1143,368,-1,-1,-1,-1
367,2,1514,378,362,141,-1,-1,-1,-1
367,4,1083,509,586,175,-1,-1,-1,-1
368,1,135,256,1139,368,-1,-1,-1,-1
368,2,1515,379,360,140,-1,-1,-1,-1
368,4,1081,510,589,175,-1,-1,-1,-1
369,1,134,256,1141,368,-1,-1,-1,-1
369,2,1515,379,360,140,-1,-1,-1,-1
369,4,1079,509,588,174,-1,-1,-1,-1
370,1,135,257,1136,367,-1,-1,-1,-1
370,2,1515,379,360,140,-1,-1,-1,-1
370,4,1078,508,590,174,-1,-1,-1,-1
371,1,134,256,1138,368,-1,-1,-1,-1
371,2,1515,379,360,140,-1,-1,-1,-1
371,4,1076,508,589,174,-1,-1,-1,-1
372,1,135,257,1132,367,-1,-1,-1,-1
372,2,1515,379,360,140,-1,-1,-1,-1
372,4,1076,508,587,175,-1,-1,-1,-1
373,1,135,257,1130,366,-1,-1,-1,-1
373,2,1515,379,359,140,-1,-1,-1,-1
373,4,1070,508,590,174,-1,-1,-1,-1
374,1,135,258,1128,364,-1,-1,-1,-1
374,2,1515,379,360,140,-1,-1,-1,-1
374,4,1072,507,584,175,-1,-1,-1,-1
375,1,136,258,1125,364,-1,-1,-1,-1
375,2,1515,379,360,140,-1,-1,-1,-1
375,4,1071,507,582,176,-1,-1,-1,-1
376,1,136,257,1124,366,-1,-1,-1,-1
376,2,1515,379,361,140,-1,-1,-1,-1
376,4,1072,508,579,175,-1,-1,-1,-1
377,1,136,257,1123,366,-1,-1,-1,-1
377,2,1515,379,361,140,-1,-1,-1,-1
377,4,1071,508,577,174,-1,-1,-1,-1
378,1,137,257,1120,366,-1,-1,-1,-1
378,2,1515,379,361,140,-1,-1,-1,-1
378,4,1069,507,577,175,-1,-1,-1,-1
379,1,136,257,1121,367,-1,-1,-1,-1
379,2,1515,379,361,140,-1,-1,-1,-1
379,4,1068,507,577,175,-1,-1,-1,-1
380,1,135,257,1119,366,-1,-1,-1,-1
380,2,1515,379,361,140,-1,-1,-1,-1
380,4,1070,508,573,173,-1,-1,-1,-1
381,1,137,258,1115,364,-1,-1,-1,-1
381,2,1515,379,361,140,-1,-1,-1,-1
381,4,1067,507,573,175,-1,-1,-1,-1
382,1,137,258,1112,364,-1,-1,-1,-1
382,2,1515,379,361,140,-1,-1,-1,-1
382,4,1066,508,571,174,-1,-1,-1,-1
383,1,137,258,1111,364,-1,-1,-1,-1
383,2,1515,379,360,140,-1,-1,-1,-1
383,4,1063,509,572,173,-1,-1,-1,-1
384,1,136,258,1110,364,-1,-1,-1,-1
384,2,1515,379,360,140,-1,-1,-1,-1
384,4,1059,507,577,173,-1,-1,-1,-1
385,1,136,260,1108,362,-1,-1,-1,-1
385,2,1514,378,361,141,-1,-1,-1,-1
385,4,1059,508,575,171,-1,-1,-1,-1
386,1,137,261,1104,361,-1,-1,-1,-1
386,2,1515,379,359,139,-1,-1,-1,-1
386,4,1059,510,573,169,-1,-1,-1,-1
387,1,135,261,1105,361,-1,-1,-1,-1
387,2,1515,379,359,139,-1,-1,-1,-1
387,4,1062,509,568,170,-1,-1,-1,-1
388,1,135,261,1104,360,-1,-1,-1,-1
388,2,1515,379,359,139,-1,-1,-1,-1
388,4,1059,508,571,171,-1,-1,-1,-1
389,1,137,262,1099,359,-1,-1,-1,-1
389,2,1515,379,359,139,-1,-1,-1,-1
389,4,1062,507,567,172,-1,-1,-1,-1
390,1,137,262,1097,359,-1,-1,-1,-1
390,2,1514,379,359,139,-1,-1,-1,-1
390,4,1057,506,571,173,-1,-1,-1,-1
391,1,136,262,1099,359,-1,-1,-1,-1
391,2,1514,379,359,139,-1,-1,-1,-1
391,4,1052,508,575,172,-1,-1,-1,-1
392,1,137,262,1095,359,-1,-1,-1,-1
392,2,1514,379,359,139,-1,-1,-1,-1
392,4,1054,508,568,170,-1,-1,-1,-1
393,1,136,263,1095,359,-1,-1,-1,-1
393,2,1514,379,359,139,-1,-1,-1,-1
393,4,1057,508,567,171,-1,-1,-1,-1
394,1,137,264,1092,357,-1,-1,-1,-1
394,2,1514,379,359,139,-1,-1,-1,-1
394,4,1043,508,575,170,-1,-1,-1,-1
395,1,136,264,1092,357,-1,-1,-1,-1
395,2,1514,379,358,139,-1,-1,-1,-1
395,4,1041,508,577,170,-1,-1,-1,-1
396,1,136,264,1091,356,-1,-1,-1,-1
396,2,1514,379,359,139,-1,-1,-1,-1
396,4,1042,509,574,169,-1,-1,-1,-1
397,1,137,265,1088,355,-1,-1,-1,-1
397,2,1514,379,359,139,-1,-1,-1,-1
397,4,1049,510,563,167,-1,-1,-1,-1
398,1,139,265,1083,354,-1,-1,-1,-1
398,2,1514,379,359,139,-1,-1,-1,-1
398,4,1041,510,567,167,-1,-1,-1,-1
399,1,139,265,1080,355,-1,-1,-1,-1
399,2,1514,379,358,139,-1,-1,-1,-1
399,4,1034,508,570,169,-1,-1,-1,-1
400,1,138,265,1080,355,-1,-1,-1,-1
400,2,1514,379,359,139,-1,-1,-1,-1
400,4,1037,507,569,170,-1,-1,-1,-1
401,1,138,265,1078,354,-1,-1,-1,-1
401,2,1514,379,361,140,-1,-1,-1,-1
401,4,1039,508,563,168,-1,-1,-1,-1
402,1,138,265,1078,354,-1,-1,-1,-1
402,2,1513,378,363,142,-1,-1,-1,-1
402,4,1045,508,555,169,-1,-1,-1,-1
403,1,139,265,1073,354,-1,-1,-1,-1
403,2,1514,378,362,142,-1,-1,-1,-1
403,4,1048,508,550,169,-1,-1,-1,-1
404,1,138,265,1073,355,-1,-1,-1,-1
404,2,1513,378,363,141,-1,-1,-1,-1
404,4,1057,509,540,168,-1,-1,-1,-1
405,1,139,265,1070,354,-1,-1,-1,-1
405,2,1514,379,360,140,-1,-1,-1,-1
405,4,1056,510,540,167,-1,-1,-1,-1
406,1,138,265,1070,353,-1,-1,-1,-1
406,2,1513,378,362,141,-1,-1,-1,-1
406,4,1048,511,544,165,-1,-1,-1,-1
407,1,139,264,1066,354,-1,-1,-1,-1
407,2,1514,379,360,139,-1,-1,-1,-1
407,4,1045,510,543,165,-1,-1,-1,-1
408,1,139,265,1065,354,-1,-1,-1,-1
408,2,1514,379,360,139,-1,-1,-1,-1
408,4,1033,510,552,163,-1,-1,-1,-1
409,1,139,265,1064,352,-1,-1,-1,-1
409,2,1514,379,361,139,-1,-1,-1,-1
409,4,1036,510,549,163,-1,-1,-1,-1
410,1,139,266,1060,351,-1,-1,-1,-1
410,2,1514,379,360,139,-1,-1,-1,-1
410,4,1034,510,551,164,-1,-1,-1,-1
411,1,140,265,1056,352,-1,-1,-1,-1
411,2,1514,379,361,140,-1,-1,-1,-1
411,4,1028,511,551,162,-1,-1,-1,-1
412,1,139,265,1057,353,-1,-1,-1,-1
412,2,1513,378,363,142,-1,-1,-1,-1
412,4,1031,510,546,163,-1,-1,-1,-1
413,1,140,266,1053,352,-1,-1,-1,-1
413,2,1513,378,363,142,-1,-1,-1,-1
413,4,1027,510,548,164,-1,-1,-1,-1
414,1,140,265,1052,353,-1,-1,-1,-1
414,2,1514,378,363,141,-1,-1,-1,-1
414,4,1023,509,548,164,-1,-1,-1,-1
415,1,140,266,1050,351,-1,-1,-1,-1
415,2,1514,379,362,139,-1,-1,-1,-1
415,4,1021,510,549,163,-1,-1,-1,-1
416,1,140,265,1048,352,-1,-1,-1,-1
416,2,1514,379,362,139,-1,-1,-1,-1
416,4,1019,508,547,164,-1,-1,-1,-1
417,1,140,266,1046,350,-1,-1,-1,-1
417,2,1514,379,362,140,-1,-1,-1,-1
417,4,1011,509,552,164,-1,-1,-1,-1
418,1,141,267,1043,348,-1,-1,-1,-1
418,2,1514,378,363,142,-1,-1,-1,-1
418,4,1010,509,548,163,-1,-1,-1,-1
419,1,141,267,1041,348,-1,-1,-1,-1
419,2,1513,378,365,142,-1,-1,-1,-1
419,4,1005,508,551,164,-1,-1,-1,-1
420,1,140,268,1040,348,-1,-1,-1,-1
420,2,1513,378,365,142,-1,-1,-1,-1
420,4,1005,508,550,165,-1,-1,-1,-1
421,1,140,269,1039,346,-1,-1,-1,-1
421,2,1514,378,363,142,-1,-1,-1,-1
421,4,999,508,554,164,-1,-1,-1,-1
422,1,143,268,1033,346,-1,-1,-1,-1
422,2,1514,378,363,142,-1,-1,-1,-1
422,4,1003,507,548,164,-1,-1,-1,-1
423,1,143,267,1030,347,-1,-1,-1,-1
423,2,1514,378,364,142,-1,-1,-1,-1
423,4,995,506,555,166,-1,-1,-1,-1
424,1,143,267,1028,347,-1,-1,-1,-1
424,2,1514,378,364,142,-1,-1,-1,-1
424,4,996,506,551,166,-1,-1,-1,-1
425,1,142,266,1027,348,-1,-1,-1,-1
425,2,1514,378,363,142,-1,-1,-1,-1
425,4,986,506,559,166,-1,-1,-1,-1
426,1,143,267,1026,346,-1,-1,-1,-1
426,2,1515,378,362,141,-1,-1,-1,-1
426,4,990,506,551,165,-1,-1,-1,-1
427,1,144,268,1021,345,-1,-1,-1,-1
427,2,1514,377,364,143,-1,-1,-1,-1
427,4,986,507,554,164,-1,-1,-1,-1
428,1,143,267,1021,346,-1,-1,-1,-1
428,2,1514,378,364,142,-1,-1,-1,-1
428,4,990,506,548,164,-1,-1,-1,-1
429,1,144,268,1018,344,-1,-1,-1,-1
429,2,1515,378,362,141,-1,-1,-1,-1
429,4,981,505,553,166,-1,-1,-1,-1
430,1,144,268,1015,345,-1,-1,-1,-1
430,2,1513,378,365,142,-1,-1,-1,-1
430,4,987,505,545,166,-1,-1,-1,-1
431,1,143,267,1015,346,-1,-1,-1,-1
431,2,1515,379,362,140,-1,-1,-1,-1
431,4,984,506,547,164,-1,-1,-1,-1
432,1,144,268,1011,344,-1,-1,-1,-1
432,2,1515,379,362,140,-1,-1,-1,-1
432,4,986,507,543,162,-1,-1,-1,-1
433,1,144,268,1009,344,-1,-1,-1,-1
433,2,1514,379,363,140,-1,-1,-1,-1
433,4,985,506,541,163,-1,-1,-1,-1
434,1,144,268,1007,344,-1,-1,-1,-1
434,2,1514,379,363,140,-1,-1,-1,-1
434,4,980,508,542,158,-1,-1,-1,-1
435,1,145,268,1005,345,-1,-1,-1,-1
435,2,1513,378,364,141,-1,-1,-1,-1
435,4,985,509,534,156,-1,-1,-1,-1
436,1,145,269,1001,343,-1,-1,-1,-1
436,2,1514,379,362,139,-1,-1,-1,-1
436,4,978,511,539,154,-1,-1,-1,-1
437,1,146,269,999,343,-1,-1,-1,-1
437,2,1514,379,362,139,-1,-1,-1,-1
437,4,978,510,535,154,-1,-1,-1,-1
438,1,145,268,999,344,-1,-1,-1,-1
438,2,1514,379,360,139,-1,-1,-1,-1
438,4,976,510,536,155,-1,-1,-1,-1
439,1,146,269,995,343,-1,-1,-1,-1
439,2,1514,379,360,139,-1,-1,-1,-1
439,4,979,510,530,154,-1,-1,-1,-1
440,1,146,269,993,343,-1,-1,-1,-1
440,2,1514,379,362,139,-1,-1,-1,-1
440,4,979,508,527,156,-1,-1,-1,-1
441,1,146,269,992,343,-1,-1,-1,-1
441,2,1514,379,361,139,-1,-1,-1,-1
441,4,971,510,535,155,-1,-1,-1,-1
442,1,145,269,991,343,-1,-1,-1,-1
442,2,1513,379,363,140,-1,-1,-1,-1
442,4,969,510,533,154,-1,-1,-1,-1
443,1,145,269,991,343,-1,-1,-1,-1
443,2,1514,378,364,141,-1,-1,-1,-1
443,4,970,508,531,155,-1,-1,-1,-1
444,1,144,268,991,344,-1,-1,-1,-1
444,2,1512,378,368,142,-1,-1,-1,-1
444,4,971,506,528,157,-1,-1,-1,-1
445,1,145,269,989,343,-1,-1,-1,-1
445,2,1513,378,366,142,-1,-1,-1,-1
445,4,968,506,531,158,-1,-1,-1,-1
446,1,144,269,988,342,-1,-1,-1,-1
446,2,1514,378,365,141,-1,-1,-1,-1
446,4,967,505,530,158,-1,-1,-1,-1
447,1,146,270,982,341,-1,-1,-1,-1
447,2,1514,377,365,143,-1,-1,-1,-1
447,4,964,506,530,158,-1,-1,-1,-1
448,1,145,269,982,342,-1,-1,-1,-1
448,2,1513,378,366,142,-1,-1,-1,-1
448,4,963,507,527,157,-1,-1,-1,-1
449,1,146,270,978,340,-1,-1,-1,-1
449,2,1514,379,364,141,-1,-1,-1,-1
449,4,960,506,528,156,-1,-1,-1,-1
450,1,145,270,978,340,-1,-1,-1,-1
450,2,1514,379,364,141,-1,-1,-1,-1
450,4,959,503,528,159,-1,-1,-1,-1
451,1,147,271,974,338,-1,-1,-1,-1
451,2,1514,379,364,141,-1,-1,-1,-1
451,4,953,503,532,159,-1,-1,-1,-1
452,1,147,271,971,338,-1,-1,-1,-1
452,2,1513,378,366,141,-1,-1,-1,-1
452,4,951,505,533,157,-1,-1,-1,-1
453,1,148,271,969,338,-1,-1,-1,-1
453,2,1514,379,364,139,-1,-1,-1,-1
453,4,955,503,526,158,-1,-1,-1,-1
454,1,146,271,971,339,-1,-1,-1,-1
454,2,1514,379,364,139,-1,-1,-1,-1
454,4,949,505,531,156,-1,-1,-1,-1
455,1,147,272,969,337,-1,-1,-1,-1
455,2,1514,379,364,139,-1,-1,-1,-1
455,4,947,505,530,157,-1,-1,-1,-1
456,1,148,272,965,336,-1,-1,-1,-1
456,2,1514,379,364,139,-1,-1,-1,-1
456,4,946,507,527,157,-1,-1,-1,-1
457,1,147,271,965,337,-1,-1,-1,-1
457,2,1514,379,364,139,-1,-1,-1,-1
457,4,947,507,523,156,-1,-1,-1,-1
458,1,149,272,961,335,-1,-1,-1,-1
458,2,1514,379,365,139,-1,-1,-1,-1
458,4,948,507,516,155,-1,-1,-1,-1
459,1,149,272,958,335,-1,-1,-1,-1
459,2,1514,379,364,139,-1,-1,-1,-1
459,4,942,509,519,151,-1,-1,-1,-1
460,1,150,272,955,335,-1,-1,-1,-1
460,2,1514,379,365,139,-1,-1,-1,-1
460,4,943,507,516,154,-1,-1,-1,-1
461,1,149,271,956,336,-1,-1,-1,-1
461,2,1514,379,364,139,-1,-1,-1,-1
461,4,941,508,515,151,-1,-1,-1,-1
462,1,150,272,952,334,-1,-1,-1,-1
462,2,1514,379,364,139,-1,-1,-1,-1
462,4,945,509,508,150,-1,-1,-1,-1
463,1,151,273,949,333,-1,-1,-1,-1
463,2,1514,379,364,139,-1,-1,-1,-1
463,4,941,509,511,149,-1,-1,-1,-1
464,1,152,273,945,333,-1,-1,-1,-1
464,2,1514,379,364,139,-1,-1,-1,-1
464,4,937,508,513,150,-1,-1,-1,-1
465,1,152,273,944,334,-1,-1,-1,-1
465,2,1514,379,364,139,-1,-1,-1,-1
465,4,941,509,507,149,-1,-1,-1,-1
466,1,151,272,945,335,-1,-1,-1,-1
466,2,1514,379,365,139,-1,-1,-1,-1
466,4,928,509,516,149,-1,-1,-1,-1
467,1,153,273,940,334,-1,-1,-1,-1
467,2,1514,379,364,139,-1,-1,-1,-1
467,4,935,509,507,149,-1,-1,-1,-1
468,1,153,273,939,334,-1,-1,-1,-1
468,2,1514,379,365,139,-1,-1,-1,-1
468,4,926,507,515,151,-1,-1,-1,-1
469,1,152,272,939,335,-1,-1,-1,-1
469,2,1514,379,365,139,-1,-1,-1,-1
469,4,925,507,512,151,-1,-1,-1,-1
470,1,153,273,936,334,-1,-1,-1,-1
470,2,1514,379,365,139,-1,-1,-1,-1
470,4,926,507,508,150,-1,-1,-1,-1
471,1,152,272,936,335,-1,-1,-1,-1
471,2,1514,379,364,139,-1,-1,-1,-1
471,4,924,507,508,151,-1,-1,-1,-1
472,1,153,273,933,333,-1,-1,-1,-1
472,2,1514,379,364,139,-1,-1,-1,-1
472,4,927,505,503,153,-1,-1,-1,-1
473,1,154,273,930,334,-1,-1,-1,-1
473,2,1514,379,364,139,-1,-1,-1,-1
473,4,928,505,501,153,-1,-1,-1,-1
474,1,152,272,932,335,-1,-1,-1,-1
474,2,1514,379,364,139,-1,-1,-1,-1
474,4,928,505,496,152,-1,-1,-1,-1
475,1,154,273,927,334,-1,-1,-1,-1
475,2,1514,379,364,139,-1,-1,-1,-1
475,4,928,506,490,150,-1,-1,-1,-1
476,1,153,273,926,335,-1,-1,-1,-1
476,2,1514,379,364,139,-1,-1,-1,-1
476,4,925,506,494,150,-1,-1,-1,-1
477,1,153,274,925,333,-1,-1,-1,-1
477,2,1514,379,364,139,-1,-1,-1,-1
477,4,922,505,496,152,-1,-1,-1,-1
478,1,152,274,924,333,-1,-1,-1,-1
478,2,1514,379,364,139,-1,-1,-1,-1
478,4,917,504,499,153,-1,-1,-1,-1
479,1,153,275,921,331,-1,-1,-1,-1
479,2,1514,379,364,139,-1,-1,-1,-1
479,4,921,504,491,152,-1,-1,-1,-1
480,1,153,275,919,331,-1,-1,-1,-1
480,2,1514,379,364,139,-1,-1,-1,-1
480,4,917,504,495,153,-1,-1,-1,-1
481,1,150,277,922,331,-1,-1,-1,-1
481,2,1514,379,364,139,-1,-1,-1,-1
481,4,920,504,490,153,-1,-1,-1,-1
482,1,153,276,916,332,-1,-1,-1,-1
482,2,1514,379,364,139,-1,-1,-1,-1
482,4,916,504,491,153,-1,-1,-1,-1
483,1,150,277,919,331,-1,-1,-1,-1
483,2,1513,379,366,139,-1,-1,-1,-1
483,4,913,504,492,153,-1,-1,-1,-1
484,1,150,278,918,329,-1,-1,-1,-1
484,2,1513,379,366,139,-1,-1,-1,-1
484,4,911,504,493,152,-1,-1,-1,-1
485,1,151,278,913,330,-1,-1,-1,-1
485,2,1514,379,363,139,-1,-1,-1,-1
485,4,910,504,491,152,-1,-1,-1,-1
486,1,151,279,912,329,-1,-1,-1,-1
486,2,1514,379,363,139,-1,-1,-1,-1
486,4,902,502,497,154,-1,-1,-1,-1
487,1,153,277,906,330,-1,-1,-1,-1
487,2,1514,379,363,140,-1,-1,-1,-1
487,4,900,507,493,146,-1,-1,-1,-1
488,1,151,278,909,329,-1,-1,-1,-1
488,2,1513,378,365,141,-1,-1,-1,-1
488,4,899,507,491,145,-1,-1,-1,-1
489,1,151,279,906,328,-1,-1,-1,-1
489,2,1514,379,363,140,-1,-1,-1,-1
489,4,897,507,491,145,-1,-1,-1,-1
490,1,153,277,902,329,-1,-1,-1,-1
490,2,1513,378,365,142,-1,-1,-1,-1
490,4,903,506,485,146,-1,-1,-1,-1
491,1,150,279,903,328,-1,-1,-1,-1
491,2,1513,378,366,142,-1,-1,-1,-1
491,4,895,507,491,145,-1,-1,-1,-1
492,1,153,278,897,328,-1,-1,-1,-1
492,2,1513,378,366,142,-1,-1,-1,-1
492,4,899,507,483,144,-1,-1,-1,-1
493,1,153,278,894,327,-1,-1,-1,-1
493,2,1513,378,366,142,-1,-1,-1,-1
493,4,897,507,483,145,-1,-1,-1,-1
494,1,151,279,897,327,-1,-1,-1,-1
494,2,1513,378,366,142,-1,-1,-1,-1
494,4,894,506,486,146,-1,-1,-1,-1
495,1,151,280,893,326,-1,-1,-1,-1
495,2,1513,378,366,142,-1,-1,-1,-1
495,4,897,506,481,145,-1,-1,-1,-1
496,1,150,279,894,327,-1,-1,-1,-1
496,2,1513,378,366,142,-1,-1,-1,-1
496,4,894,506,480,144,-1,-1,-1,-1
497,1,151,280,890,326,-1,-1,-1,-1
497,2,1513,378,366,142,-1,-1,-1,-1
497,4,895,505,475,145,-1,-1,-1,-1
498,1,150,280,891,327,-1,-1,-1,-1
498,2,1513,378,365,142,-1,-1,-1,-1
498,4,896,504,472,146,-1,-1,-1,-1
499,1,150,281,890,325,-1,-1,-1,-1
499,2,1513,378,365,142,-1,-1,-1,-1
499,4,895,504,473,146,-1,-1,-1,-1
500,1,150,281,888,325,-1,-1,-1,-1
500,2,1513,378,366,142,-1,-1,-1,-1
500,4,894,505,470,144,-1,-1,-1,-1
501,1,152,281,885,324,-1,-1,-1,-1
501,2,1513,378,366,142,-1,-1,-1,-1
501,4,889,506,472,142,-1,-1,-1,-1
502,1,152,280,883,325,-1,-1,-1,-1
502,2,1513,378,366,142,-1,-1,-1,-1
502,4,887,503,473,146,-1,-1,-1,-1
503,1,151,280,884,324,-1,-1,-1,-1
503,2,1513,378,366,142,-1,-1,-1,-1
503,4,884,505,476,144,-1,-1,-1,-1
504,1,153,281,879,322,-1,-1,-1,-1
504,2,1514,378,364,141,-1,-1,-1,-1
504,4,887,503,469,146,-1,-1,-1,-1
505,1,153,281,878,322,-1,-1,-1,-1
505,2,1513,378,366,142,-1,-1,-1,-1
505,4,893,501,461,148,-1,-1,-1,-1
506,1,152,281,877,322,-1,-1,-1,-1
506,2,1514,378,364,142,-1,-1,-1,-1
506,4,879,501,475,148,-1,-1,-1,-1
507,1,152,281,876,322,-1,-1,-1,-1
507,2,1514,379,364,141,-1,-1,-1,-1
507,4,881,501,470,147,-1,-1,-1,-1
508,1,151,280,874,323,-1,-1,-1,-1
508,2,1514,379,364,141,-1,-1,-1,-1
508,4,879,499,471,149,-1,-1,-1,-1
509,1,151,280,875,322,-1,-1,-1,-1
509,2,1514,379,364,141,-1,-1,-1,-1
509,4,881,499,465,149,-1,-1,-1,-1
510,1,152,281,870,320,-1,-1,-1,-1
510,2,1514,379,364,141,-1,-1,-1,-1
510,4,886,499,458,148,-1,-1,-1,-1
511,1,152,281,869,320,-1,-1,-1,-1
511,2,1513,378,366,141,-1,-1,-1,-1
511,4,881,502,461,145,-1,-1,-1,-1
512,1,151,281,870,321,-1,-1,-1,-1
512,2,1514,379,364,139,-1,-1,-1,-1
512,4,883,501,456,146,-1,-1,-1,-1
513,1,152,282,867,319,-1,-1,-1,-1
513,2,1514,379,365,139,-1,-1,-1,-1
513,4,883,499,455,148,-1,-1,-1,-1
514,1,152,281,867,320,-1,-1,-1,-1
514,2,1514,379,365,139,-1,-1,-1,-1
514,4,883,497,453,150,-1,-1,-1,-1
515,1,152,282,864,319,-1,-1,-1,-1
515,2,1514,379,365,140,-1,-1,-1,-1
515,4,880,499,454,147,-1,-1,-1,-1
516,1,153,283,861,318,-1,-1,-1,-1
516,2,1513,378,367,141,-1,-1,-1,-1
516,4,881,500,451,145,-1,-1,-1,-1
517,1,152,284,862,318,-1,-1,-1,-1
517,2,1514,379,365,139,-1,-1,-1,-1
517,4,878,499,451,146,-1,-1,-1,-1
518,1,153,285,858,316,-1,-1,-1,-1
518,2,1514,379,364,140,-1,-1,-1,-1
518,4,877,497,451,147,-1,-1,-1,-1
519,1,153,285,857,316,-1,-1,-1,-1
519,2,1513,378,366,142,-1,-1,-1,-1
519,4,881,497,447,148,-1,-1,-1,-1
520,1,152,285,856,317,-1,-1,-1,-1
520,2,1514,378,365,141,-1,-1,-1,-1
520,4,876,499,450,146,-1,-1,-1,-1
521,1,151,286,856,315,-1,-1,-1,-1
521,2,1513,377,366,142,-1,-1,-1,-1
521,4,876,499,445,145,-1,-1,-1,-1
522,1,152,286,851,314,-1,-1,-1,-1
522,2,1513,377,366,142,-1,-1,-1,-1
522,4,876,500,440,143,-1,-1,-1,-1
523,1,152,286,852,314,-1,-1,-1,-1
523,2,1513,377,366,142,-1,-1,-1,-1
523,4,870,500,444,143,-1,-1,-1,-1
524,1,152,286,849,313,-1,-1,-1,-1
524,2,1513,377,366,142,-1,-1,-1,-1
524,4,873,500,440,143,-1,-1,-1,-1
525,1,153,285,846,313,-1,-1,-1,-1
525,2,1513,377,366,142,-1,-1,-1,-1
525,4,872,500,439,143,-1,-1,-1,-1
526,1,152,284,847,314,-1,-1,-1,-1
526,2,1512,378,368,141,-1,-1,-1,-1
526,4,866,497,444,145,-1,-1,-1,-1
527,1,153,285,844,312,-1,-1,-1,-1
527,2,1513,378,365,141,-1,-1,-1,-1
527,4,867,495,442,147,-1,-1,-1,-1
528,1,154,285,842,312,-1,-1,-1,-1
528,2,1512,378,367,142,-1,-1,-1,-1
528,4,859,496,449,145,-1,-1,-1,-1
529,1,155,284,838,314,-1,-1,-1,-1
529,2,1513,378,365,141,-1,-1,-1,-1
529,4,865,497,441,144,-1,-1,-1,-1
530,1,154,283,839,315,-1,-1,-1,-1
530,2,1512,378,367,142,-1,-1,-1,-1
530,4,859,495,446,145,-1,-1,-1,-1
531,1,154,284,838,314,-1,-1,-1,-1
531,2,1513,378,365,141,-1,-1,-1,-1
531,4,858,493,447,147,-1,-1,-1,-1
532,1,154,284,836,313,-1,-1,-1,-1
532,2,1512,377,367,143,-1,-1,-1,-1
532,4,858,495,445,146,-1,-1,-1,-1
533,1,156,285,832,313,-1,-1,-1,-1
533,2,1512,377,367,143,-1,-1,-1,-1
533,4,859,496,441,145,-1,-1,-1,-1
534,1,155,285,833,314,-1,-1,-1,-1
534,2,1512,377,368,143,-1,-1,-1,-1
534,4,857,497,438,143,-1,-1,-1,-1
535,1,155,285,832,313,-1,-1,-1,-1
535,2,1513,378,364,141,-1,-1,-1,-1
535,4,861,496,433,144,-1,-1,-1,-1
536,1,155,285,830,312,-1,-1,-1,-1
536,2,1514,379,362,139,-1,-1,-1,-1
536,4,861,502,427,138,-1,-1,-1,-1
537,1,156,286,826,311,-1,-1,-1,-1
537,2,1514,379,362,139,-1,-1,-1,-1
537,4,859,502,421,137,-1,-1,-1,-1
538,1,157,285,825,312,-1,-1,-1,-1
538,2,1514,379,361,139,-1,-1,-1,-1
538,4,857,500,424,138,-1,-1,-1,-1
539,1,158,285,822,312,-1,-1,-1,-1
539,2,1514,379,362,140,-1,-1,-1,-1
539,4,856,499,425,138,-1,-1,-1,-1
540,1,158,284,820,313,-1,-1,-1,-1
540,2,1513,378,364,141,-1,-1,-1,-1
540,4,853,498,430,139,-1,-1,-1,-1
541,1,157,284,819,313,-1,-1,-1,-1
541,2,1514,379,362,139,-1,-1,-1,-1
541,4,851,500,428,137,-1,-1,-1,-1
542,1,157,285,818,312,-1,-1,-1,-1
542,2,1514,379,360,140,-1,-1,-1,-1
542,4,850,500,428,136,-1,-1,-1,-1
543,1,158,286,815,310,-1,-1,-1,-1
543,2,1513,378,363,142,-1,-1,-1,-1
543,4,848,500,426,136,-1,-1,-1,-1
544,1,159,286,813,310,-1,-1,-1,-1
544,2,1513,378,363,142,-1,-1,-1,-1
544,4,844,499,430,136,-1,-1,-1,-1
545,1,158,285,813,311,-1,-1,-1,-1
545,2,1513,378,363,142,-1,-1,-1,-1
545,4,843,499,428,137,-1,-1,-1,-1
546,1,158,285,812,310,-1,-1,-1,-1
546,2,1513,378,363,142,-1,-1,-1,-1
546,4,843,497,424,139,-1,-1,-1,-1
547,1,159,286,808,308,-1,-1,-1,-1
547,2,1513,378,363,142,-1,-1,-1,-1
547,4,841,496,423,141,-1,-1,-1,-1
548,1,158,286,810,309,-1,-1,-1,-1
548,2,1513,378,364,141,-1,-1,-1,-1
548,4,842,498,421,138,-1,-1,-1,-1
549,1,159,286,806,308,-1,-1,-1,-1
549,2,1514,379,362,139,-1,-1,-1,-1
549,4,841,498,419,137,-1,-1,-1,-1
550,1,158,286,805,308,-1,-1,-1,-1
550,2,1514,379,361,139,-1,-1,-1,-1
550,4,836,500,422,136,-1,-1,-1,-1
551,1,159,287,803,306,-1,-1,-1,-1
551,2,1513,379,361,140,-1,-1,-1,-1
551,4,836,500,424,134,-1,-1,-1,-1
552,1,159,287,800,307,-1,-1,-1,-1
552,2,1513,378,362,142,-1,-1,-1,-1
552,4,832,501,424,134,-1,-1,-1,-1
553,1,158,286,801,308,-1,-1,-1,-1
553,2,1512,378,364,142,-1,-1,-1,-1
553,4,832,502,425,132,-1,-1,-1,-1
554,1,159,287,796,306,-1,-1,-1,-1
554,2,1512,378,364,142,-1,-1,-1,-1
554,4,836,501,421,132,-1,-1,-1,-1
555,1,159,287,796,307,-1,-1,-1,-1
555,2,1512,378,363,142,-1,-1,-1,-1
555,4,832,500,420,133,-1,-1,-1,-1
556,1,158,287,795,306,-1,-1,-1,-1
556,2,1512,378,363,142,-1,-1,-1,-1
556,4,825,501,429,133,-1,-1,-1,-1
557,1,159,287,792,305,-1,-1,-1,-1
557,2,1512,378,363,141,-1,-1,-1,-1
557,4,832,497,422,136,-1,-1,-1,-1
558,1,158,287,791,306,-1,-1,-1,-1
558,2,1513,379,361,139,-1,-1,-1,-1
558,4,834,498,420,136,-1,-1,-1,-1
559,1,158,287,790,303,-1,-1,-1,-1
559,2,1513,379,361,140,-1,-1,-1,-1
559,4,823,499,430,134,-1,-1,-1,-1
560,1,160,288,786,302,-1,-1,-1,-1
560,2,1512,378,363,142,-1,-1,-1,-1
560,4,824,500,410,133,-1,-1,-1,-1
561,1,160,288,785,303,-1,-1,-1,-1
561,2,1512,378,363,142,-1,-1,-1,-1
561,4,828,500,401,132,-1,-1,-1,-1
562,1,158,287,787,304,-1,-1,-1,-1
562,2,1512,378,363,142,-1,-1,-1,-1
562,4,821,499,411,133,-1,-1,-1,-1
563,1,159,288,784,303,-1,-1,-1,-1
563,2,1512,378,363,142,-1,-1,-1,-1
563,4,817,499,411,133,-1,-1,-1,-1
564,1,159,288,783,304,-1,-1,-1,-1
564,2,1512,378,362,142,-1,-1,-1,-1
564,4,825,500,402,132,-1,-1,-1,-1
565,1,158,288,784,304,-1,-1,-1,-1
565,2,1512,378,362,142,-1,-1,-1,-1
565,4,816,501,409,130,-1,-1,-1,-1
566,1,160,289,780,302,-1,-1,-1,-1
566,2,1512,378,362,141,-1,-1,-1,-1
566,4,812,501,410,130,-1,-1,-1,-1
567,1,159,289,780,302,-1,-1,-1,-1
567,2,1513,379,361,140,-1,-1,-1,-1
567,4,817,499,406,131,-1,-1,-1,-1
568,1,159,289,778,302,-1,-1,-1,-1
568,2,1512,378,363,142,-1,-1,-1,-1
568,4,812,498,416,133,-1,-1,-1,-1
569,1,159,288,778,303,-1,-1,-1,-1
569,2,1512,378,363,142,-1,-1,-1,-1
569,4,805,499,416,132,-1,-1,-1,-1
570,1,159,289,775,302,-1,-1,-1,-1
570,2,1512,378,363,142,-1,-1,-1,-1
570,4,808,500,406,130,-1,-1,-1,-1
571,1,155,290,791,304,-1,-1,-1,-1
571,2,1512,378,363,142,-1,-1,-1,-1
571,4,812,498,406,132,-1,-1,-1,-1
572,1,155,289,790,305,-1,-1,-1,-1
572,2,1512,378,362,142,-1,-1,-1,-1
572,4,806,501,398,129,-1,-1,-1,-1
573,1,154,289,788,304,-1,-1,-1,-1
573,2,1512,378,363,142,-1,-1,-1,-1
573,4,802,500,403,130,-1,-1,-1,-1
574,1,155,290,786,302,-1,-1,-1,-1
574,2,1512,378,362,142,-1,-1,-1,-1
574,4,807,501,394,129,-1,-1,-1,-1
575,1,156,290,783,303,-1,-1,-1,-1
575,2,1512,378,362,142,-1,-1,-1,-1
575,4,811,502,389,127,-1,-1,-1,-1
576,1,154,289,784,303,-1,-1,-1,-1
576,2,1512,378,363,142,-1,-1,-1,-1
576,4,806,502,392,127,-1,-1,-1,-1
577,1,155,290,781,302,-1,-1,-1,-1
577,2,1512,378,363,142,-1,-1,-1,-1
577,4,807,501,390,127,-1,-1,-1,-1
578,1,154,289,780,302,-1,-1,-1,-1
578,2,1512,378,363,142,-1,-1,-1,-1
578,4,802,501,393,127,-1,-1,-1,-1
579,1,155,290,779,302,-1,-1,-1,-1
579,2,1513,379,361,141,-1,-1,-1,-1
579,4,802,500,391,128,-1,-1,-1,-1
580,1,154,290,779,301,-1,-1,-1,-1
580,2,1512,378,363,142,-1,-1,-1,-1
580,4,797,499,394,129,-1,-1,-1,-1
581,1,155,291,779,301,-1,-1,-1,-1
581,2,1512,379,363,140,-1,-1,-1,-1
581,4,799,499,389,129,-1,-1,-1,-1
582,1,155,291,778,301,-1,-1,-1,-1
582,2,1513,379,362,140,-1,-1,-1,-1
582,4,796,499,391,128,-1,-1,-1,-1
583,1,155,292,778,300,-1,-1,-1,-1
583,2,1513,379,361,140,-1,-1,-1,-1
583,4,794,499,391,129,-1,-1,-1,-1
584,1,157,293,773,299,-1,-1,-1,-1
584,2,1513,379,361,140,-1,-1,-1,-1
584,4,796,500,385,127,-1,-1,-1,-1
585,1,156,292,773,300,-1,-1,-1,-1
585,2,1512,378,360,141,-1,-1,-1,-1
585,4,798,499,383,128,-1,-1,-1,-1
586,1,158,293,770,299,-1,-1,-1,-1
586,2,1513,379,357,139,-1,-1,-1,-1
586,4,798,499,381,127,-1,-1,-1,-1
587,1,158,293,768,299,-1,-1,-1,-1
587,2,1513,379,356,139,-1,-1,-1,-1
587,4,796,500,380,125,-1,-1,-1,-1
588,1,158,293,767,300,-1,-1,-1,-1
588,2,1513,379,357,139,-1,-1,-1,-1
588,4,795,500,380,126,-1,-1,-1,-1
589,1,158,294,765,298,-1,-1,-1,-1
589,2,1513,379,358,139,-1,-1,-1,-1
589,4,796,499,376,126,-1,-1,-1,-1
590,1,159,294,763,298,-1,-1,-1,-1
590,2,1513,379,358,139,-1,-1,-1,-1
590,4,792,498,378,127,-1,-1,-1,-1
591,1,159,294,761,298,-1,-1,-1,-1
591,2,1513,379,359,139,-1,-1,-1,-1
591,4,796,499,373,126,-1,-1,-1,-1
592,1,159,293,760,297,-1,-1,-1,-1
592,2,1513,379,358,139,-1,-1,-1,-1
592,4,785,499,380,124,-1,-1,-1,-1
593,1,160,293,758,297,-1,-1,-1,-1
593,2,1513,379,358,139,-1,-1,-1,-1
593,4,791,498,373,125,-1,-1,-1,-1
594,1,160,294,758,297,-1,-1,-1,-1
594,2,1513,379,358,139,-1,-1,-1,-1
594,4,785,498,378,126,-1,-1,-1,-1
595,1,159,293,757,298,-1,-1,-1,-1
595,2,1513,379,358,139,-1,-1,-1,-1
595,4,780,499,380,125,-1,-1,-1,-1
596,1,161,294,754,298,-1,-1,-1,-1
596,2,1513,379,358,139,-1,-1,-1,-1
596,4,783,499,375,123,-1,-1,-1,-1
597,1,159,293,756,298,-1,-1,-1,-1
597,2,1513,379,358,139,-1,-1,-1,-1
597,4,781,499,376,124,-1,-1,-1,-1
598,1,160,294,753,297,-1,-1,-1,-1
598,2,1513,379,358,139,-1,-1,-1,-1
598,4,784,499,371,123,-1,-1,-1,-1
599,1,159,294,755,298,-1,-1,-1,-1
599,2,1513,379,358,139,-1,-1,-1,-1
599,4,780,499,374,124,-1,-1,-1,-1
600,1,160,294,748,295,-1,-1,-1,-1
600,2,1513,379,358,139,-1,-1,-1,-1
600,4,783,500,368,122,-1,-1,-1,-1
601,1,159,295,754,295,-1,-1,-1,-1
601,2,1513,379,360,139,-1,-1,-1,-1
601,4,782,499,368,123,-1,-1,-1,-1
602,1,160,295,752,296,-1,-1,-1,-1
602,2,1513,379,360,139,-1,-1,-1,-1
602,4,777,499,371,123,-1,-1,-1,-1
603,1,160,294,746,296,-1,-1,-1,-1
603,2,1513,379,360,139,-1,-1,-1,-1
603,4,782,499,364,122,-1,-1,-1,-1
604,1,160,293,745,296,-1,-1,-1,-1
604,2,1513,379,360,139,-1,-1,-1,-1
604,4,782,499,363,122,-1,-1,-1,-1
605,1,160,295,751,296,-1,-1,-1,-1
605,2,1513,379,360,139,-1,-1,-1,-1
605,4,780,499,361,122,-1,-1,-1,-1
606,1,159,294,753,297,-1,-1,-1,-1
606,2,1513,379,359,139,-1,-1,-1,-1
606,4,781,499,360,122,-1,-1,-1,-1
607,1,160,295,750,295,-1,-1,-1,-1
607,2,1513,379,360,139,-1,-1,-1,-1
607,4,777,497,362,123,-1,-1,-1,-1
608,1,159,294,751,296,-1,-1,-1,-1
608,2,1513,379,360,139,-1,-1,-1,-1
608,4,775,496,363,125,-1,-1,-1,-1
609,1,161,294,741,294,-1,-1,-1,-1
609,2,1513,379,360,139,-1,-1,-1,-1
609,4,774,497,363,124,-1,-1,-1,-1
610,1,161,293,740,294,-1,-1,-1,-1
610,2,1512,378,363,140,-1,-1,-1,-1
610,4,772,498,361,122,-1,-1,-1,-1
611,1,161,293,739,293,-1,-1,-1,-1
611,2,1513,379,361,138,-1,-1,-1,-1
611,4,772,498,360,121,-1,-1,-1,-1
612,1,162,294,737,292,-1,-1,-1,-1
612,2,1513,379,361,138,-1,-1,-1,-1
612,4,772,498,357,121,-1,-1,-1,-1
613,1,162,294,737,292,-1,-1,-1,-1
613,2,1513,379,361,139,-1,-1,-1,-1
613,4,772,498,356,121,-1,-1,-1,-1
614,1,161,294,737,293,-1,-1,-1,-1
614,2,1512,378,363,140,-1,-1,-1,-1
614,4,771,498,355,121,-1,-1,-1,-1
615,1,161,293,737,293,-1,-1,-1,-1
615,2,1513,379,360,139,-1,-1,-1,-1
615,4,770,499,355,121,-1,-1,-1,-1
616,1,161,293,737,292,-1,-1,-1,-1
616,2,1512,378,362,141,-1,-1,-1,-1
616,4,769,499,354,120,-1,-1,-1,-1
617,1,162,295,740,292,-1,-1,-1,-1
617,2,1512,378,361,141,-1,-1,-1,-1
617,4,765,499,358,119,-1,-1,-1,-1
618,1,162,295,736,292,-1,-1,-1,-1
618,2,1512,378,361,141,-1,-1,-1,-1
618,4,767,499,355,119,-1,-1,-1,-1
619,1,162,295,740,293,-1,-1,-1,-1
619,2,1512,378,361,141,-1,-1,-1,-1
619,4,769,499,351,120,-1,-1,-1,-1
620,1,162,295,741,293,-1,-1,-1,-1
620,2,1512,378,361,141,-1,-1,-1,-1
620,4,767,499,351,118,-1,-1,-1,-1
621,1,162,295,735,291,-1,-1,-1,-1
621,2,1512,378,362,141,-1,-1,-1,-1
621,4,767,499,351,119,-1,-1,-1,-1
622,1,163,295,733,290,-1,-1,-1,-1
622,2,1512,378,361,141,-1,-1,-1,-1
622,4,765,500,351,118,-1,-1,-1,-1
623,1,163,296,738,292,-1,-1,-1,-1
623,2,1512,378,361,141,-1,-1,-1,-1
623,4,766,500,347,117,-1,-1,-1,-1
624,1,163,295,739,292,-1,-1,-1,-1
624,2,1512,378,361,141,-1,-1,-1,-1
624,4,762,500,349,118,-1,-1,-1,-1
625,1,162,295,739,291,-1,-1,-1,-1
625,2,1512,378,361,141,-1,-1,-1,-1
625,4,760,499,347,119,-1,-1,-1,-1
626,1,164,296,737,291,-1,-1,-1,-1
626,2,1512,378,361,141,-1,-1,-1,-1
626,4,760,500,349,118,-1,-1,-1,-1
627,1,164,296,737,291,-1,-1,-1,-1
627,2,1512,378,361,141,-1,-1,-1,-1
627,4,759,498,344,119,-1,-1,-1,-1
628,1,166,297,736,293,-1,-1,-1,-1
628,2,1512,378,361,141,-1,-1,-1,-1
628,4,771,499,333,119,-1,-1,-1,-1
629,1,164,296,737,291,-1,-1,-1,-1
629,2,1512,378,362,141,-1,-1,-1,-1
629,4,760,498,340,119,-1,-1,-1,-1
630,1,164,296,734,289,-1,-1,-1,-1
630,2,1512,378,362,141,-1,-1,-1,-1
630,4,754,497,346,121,-1,-1,-1,-1
631,1,164,296,728,288,-1,-1,-1,-1
631,2,1512,378,361,141,-1,-1,-1,-1
631,4,758,497,339,121,-1,-1,-1,-1
632,1,166,297,731,290,-1,-1,-1,-1
632,2,1512,378,361,141,-1,-1,-1,-1
632,4,759,497,338,120,-1,-1,-1,-1
633,1,163,296,729,288,-1,-1,-1,-1
633,2,1512,378,361,141,-1,-1,-1,-1
633,4,754,497,342,121,-1,-1,-1,-1
634,1,163,297,726,286,-1,-1,-1,-1
634,2,1512,378,361,141,-1,-1,-1,-1
634,4,753,497,341,120,-1,-1,-1,-1
635,1,164,297,722,287,-1,-1,-1,-1
635,2,1513,378,356,141,-1,-1,-1,-1
635,4,750,497,342,120,-1,-1,-1,-1
636,1,164,297,721,284,-1,-1,-1,-1
636,2,1512,378,357,140,-1,-1,-1,-1
636,4,750,498,342,119,-1,-1,-1,-1
637,1,164,298,723,282,-1,-1,-1,-1
637,2,1513,379,356,139,-1,-1,-1,-1
637,4,748,497,341,119,-1,-1,-1,-1
638,1,166,298,717,283,-1,-1,-1,-1
638,2,1512,378,357,141,-1,-1,-1,-1
638,4,748,496,340,120,-1,-1,-1,-1
639,1,165,298,722,283,-1,-1,-1,-1
639,2,1512,378,359,141,-1,-1,-1,-1
639,4,749,497,338,118,-1,-1,-1,-1
640,1,166,298,721,284,-1,-1,-1,-1
640,2,1512,378,359,141,-1,-1,-1,-1
640,4,748,497,336,119,-1,-1,-1,-1
641,1,166,298,719,284,-1,-1,-1,-1
641,2,1512,378,361,140,-1,-1,-1,-1
641,4,747,496,336,119,-1,-1,-1,-1
642,1,165,297,721,285,-1,-1,-1,-1
642,2,1513,379,359,138,-1,-1,-1,-1
642,4,746,497,335,119,-1,-1,-1,-1
643,1,165,298,723,284,-1,-1,-1,-1
643,2,1513,379,359,139,-1,-1,-1,-1
643,4,748,496,333,118,-1,-1,-1,-1
644,1,166,299,721,282,-1,-1,-1,-1
644,2,1512,378,360,141,-1,-1,-1,-1
644,4,750,497,329,118,-1,-1,-1,-1
645,1,166,299,723,283,-1,-1,-1,-1
645,2,1512,378,359,141,-1,-1,-1,-1
645,4,747,497,330,117,-1,-1,-1,-1
646,1,169,300,717,282,-1,-1,-1,-1
646,2,1512,378,358,141,-1,-1,-1,-1
646,4,749,498,326,117,-1,-1,-1,-1
647,1,170,300,715,283,-1,-1,-1,-1
647,2,1512,378,358,141,-1,-1,-1,-1
647,4,756,499,318,116,-1,-1,-1,-1
648,1,168,300,718,283,-1,-1,-1,-1
648,2,1512,378,358,141,-1,-1,-1,-1
648,4,754,499,318,115,-1,-1,-1,-1
649,1,167,300,719,282,-1,-1,-1,-1
649,2,1512,378,358,141,-1,-1,-1,-1
649,4,744,498,327,115,-1,-1,-1,-1
650,1,168,301,717,281,-1,-1,-1,-1
650,2,1512,378,358,141,-1,-1,-1,-1
650,4,753,498,316,116,-1,-1,-1,-1
651,1,169,301,715,281,-1,-1,-1,-1
651,2,1513,379,358,140,-1,-1,-1,-1
651,4,753,499,315,114,-1,-1,-1,-1
652,1,168,300,716,282,-1,-1,-1,-1
652,2,1512,378,361,142,-1,-1,-1,-1
652,4,745,498,322,115,-1,-1,-1,-1
653,1,167,301,717,280,-1,-1,-1,-1
653,2,1512,378,361,142,-1,-1,-1,-1
653,4,742,499,323,114,-1,-1,-1,-1
654,1,168,301,716,280,-1,-1,-1,-1
654,2,1512,378,361,142,-1,-1,-1,-1
654,4,742,498,322,115,-1,-1,-1,-1
655,1,166,301,720,280,-1,-1,-1,-1
655,2,1512,378,361,141,-1,-1,-1,-1
655,4,743,500,317,113,-1,-1,-1,-1
656,1,168,301,715,280,-1,-1,-1,-1
656,2,1513,379,360,139,-1,-1,-1,-1
656,4,745,500,312,112,-1,-1,-1,-1
657,1,167,300,716,279,-1,-1,-1,-1
657,2,1513,379,360,139,-1,-1,-1,-1
657,4,739,499,316,113,-1,-1,-1,-1
658,1,167,300,716,276,-1,-1,-1,-1
658,2,1513,379,360,139,-1,-1,-1,-1
658,4,737,498,318,114,-1,-1,-1,-1
659,1,168,302,714,277,-1,-1,-1,-1
659,2,1513,379,359,139,-1,-1,-1,-1
659,4,739,499,313,112,-1,-1,-1,-1
660,1,167,302,714,279,-1,-1,-1,-1
660,2,1513,379,359,139,-1,-1,-1,-1
660,4,740,499,313,113,-1,-1,-1,-1
661,1,166,301,715,274,-1,-1,-1,-1
661,2,1513,379,359,140,-1,-1,-1,-1
661,4,733,498,317,113,-1,-1,-1,-1
662,1,167,302,713,277,-1,-1,-1,-1
662,2,1512,378,361,142,-1,-1,-1,-1
662,4,738,498,312,114,-1,-1,-1,-1
663,1,167,302,713,278,-1,-1,-1,-1
663,2,1512,378,361,142,-1,-1,-1,-1
663,4,746,499,301,112,-1,-1,-1,-1
664,1,167,302,713,277,-1,-1,-1,-1
664,2,1512,378,360,142,-1,-1,-1,-1
664,4,732,497,313,114,-1,-1,-1,-1
665,1,168,303,711,275,-1,-1,-1,-1
665,2,1512,378,361,141,-1,-1,-1,-1
665,4,734,497,308,115,-1,-1,-1,-1
666,1,168,304,711,276,-1,-1,-1,-1
666,2,1513,379,359,140,-1,-1,-1,-1
666,4,737,498,305,114,-1,-1,-1,-1
667,1,167,303,713,276,-1,-1,-1,-1
667,2,1512,378,360,142,-1,-1,-1,-1
667,4,730,497,309,114,-1,-1,-1,-1
668,1,167,304,713,275,-1,-1,-1,-1
668,2,1512,378,360,141,-1,-1,-1,-1
668,4,730,498,309,114,-1,-1,-1,-1
669,1,167,304,713,274,-1,-1,-1,-1
669,2,1513,379,358,140,-1,-1,-1,-1
669,4,732,498,304,112,-1,-1,-1,-1
670,1,168,305,710,272,-1,-1,-1,-1
670,2,1512,378,360,142,-1,-1,-1,-1
670,4,730,498,305,113,-1,-1,-1,-1
671,1,167,304,713,272,-1,-1,-1,-1
671,2,1512,378,359,141,-1,-1,-1,-1
671,4,727,497,305,112,-1,-1,-1,-1
672,1,168,305,709,272,-1,-1,-1,-1
672,2,1513,379,358,139,-1,-1,-1,-1
672,4,730,497,301,112,-1,-1,-1,-1
673,1,168,305,708,273,-1,-1,-1,-1
673,2,1513,379,358,139,-1,-1,-1,-1
673,4,737,497,292,112,-1,-1,-1,-1
674,1,167,304,709,273,-1,-1,-1,-1
674,2,1513,379,358,140,-1,-1,-1,-1
674,4,730,497,298,112,-1,-1,-1,-1
675,1,169,305,706,271,-1,-1,-1,-1
675,2,1512,378,360,142,-1,-1,-1,-1
675,4,729,496,298,113,-1,-1,-1,-1
676,1,169,305,704,274,-1,-1,-1,-1
676,2,1512,378,360,142,-1,-1,-1,-1
676,4,746,498,280,111,-1,-1,-1,-1
677,1,168,304,707,274,-1,-1,-1,-1
677,2,1512,378,360,142,-1,-1,-1,-1
677,4,734,497,291,112,-1,-1,-1,-1
678,1,168,304,707,271,-1,-1,-1,-1
678,2,1512,378,360,142,-1,-1,-1,-1
678,4,724,497,299,111,-1,-1,-1,-1
679,1,169,304,705,270,-1,-1,-1,-1
679,2,1512,378,360,141,-1,-1,-1,-1
679,4,723,496,299,112,-1,-1,-1,-1
680,1,171,305,701,270,-1,-1,-1,-1
680,2,1513,379,357,139,-1,-1,-1,-1
680,4,721,495,300,114,-1,-1,-1,-1
681,1,171,305,700,271,-1,-1,-1,-1
681,2,1513,379,358,139,-1,-1,-1,-1
681,4,723,495,296,113,-1,-1,-1,-1
682,1,169,303,703,271,-1,-1,-1,-1
682,2,1513,379,359,139,-1,-1,-1,-1
682,4,718,495,301,114,-1,-1,-1,-1
683,1,169,304,701,272,-1,-1,-1,-1
683,2,1513,379,359,139,-1,-1,-1,-1
683,4,720,495,297,114,-1,-1,-1,-1
684,1,168,303,703,272,-1,-1,-1,-1
684,2,1514,379,358,139,-1,-1,-1,-1
684,4,717,495,300,114,-1,-1,-1,-1
685,1,169,304,701,271,-1,-1,-1,-1
685,2,1513,379,362,140,-1,-1,-1,-1
685,4,722,495,292,113,-1,-1,-1,-1
686,1,169,303,701,270,-1,-1,-1,-1
686,2,1512,378,363,142,-1,-1,-1,-1
686,4,716,497,298,111,-1,-1,-1,-1
687,1,170,304,698,268,-1,-1,-1,-1
687,2,1513,378,362,142,-1,-1,-1,-1
687,4,717,498,295,109,-1,-1,-1,-1
688,1,170,304,698,268,-1,-1,-1,-1
688,2,1513,378,362,142,-1,-1,-1,-1
688,4,718,498,292,109,-1,-1,-1,-1
689,1,169,304,698,270,-1,-1,-1,-1
689,2,1512,378,363,142,-1,-1,-1,-1
689,4,719,497,291,110,-1,-1,-1,-1
690,1,168,303,699,271,-1,-1,-1,-1
690,2,1512,378,363,142,-1,-1,-1,-1
690,4,719,499,289,108,-1,-1,-1,-1
691,1,168,303,699,269,-1,-1,-1,-1
691,2,1512,378,364,142,-1,-1,-1,-1
691,4,721,499,287,107,-1,-1,-1,-1
692,1,168,304,698,269,-1,-1,-1,-1
692,2,1512,378,363,142,-1,-1,-1,-1
692,4,719,497,286,109,-1,-1,-1,-1
693,1,168,304,697,270,-1,-1,-1,-1
693,2,1512,378,363,142,-1,-1,-1,-1
693,4,718,497,287,110,-1,-1,-1,-1
694,1,168,304,697,272,-1,-1,-1,-1
694,2,1512,378,364,142,-1,-1,-1,-1
694,4,720,498,283,108,-1,-1,-1,-1
695,1,168,303,698,272,-1,-1,-1,-1
695,2,1512,378,364,142,-1,-1,-1,-1
695,4,729,497,273,109,-1,-1,-1,-1
696,1,167,304,698,269,-1,-1,-1,-1
696,2,1512,378,364,142,-1,-1,-1,-1
696,4,715,497,286,110,-1,-1,-1,-1
697,1,169,305,695,268,-1,-1,-1,-1
697,2,1512,378,365,142,-1,-1,-1,-1
697,4,718,497,281,108,-1,-1,-1,-1
698,1,169,304,695,271,-1,-1,-1,-1
698,2,1512,378,365,142,-1,-1,-1,-1
698,4,723,497,275,109,-1,-1,-1,-1
699,1,168,303,697,272,-1,-1,-1,-1
699,2,1513,378,364,142,-1,-1,-1,-1
699,4,715,496,280,109,-1,-1,-1,-1
700,1,168,304,697,271,-1,-1,-1,-1
700,2,1512,378,365,142,-1,-1,-1,-1
700,4,713,495,282,110,-1,-1,-1,-1
701,1,169,305,695,271,-1,-1,-1,-1
701,2,1513,378,363,142,-1,-1,-1,-1
701,4,718,496,277,107,-1,-1,-1,-1
702,1,169,304,695,273,-1,-1,-1,-1
702,2,1513,378,363,142,-1,-1,-1,-1
702,4,719,496,275,106,-1,-1,-1,-1
703,1,168,304,695,272,-1,-1,-1,-1
703,2,1513,378,362,142,-1,-1,-1,-1
703,4,721,496,270,106,-1,-1,-1,-1
704,1,168,305,695,271,-1,-1,-1,-1
704,2,1513,378,363,141,-1,-1,-1,-1
704,4,723,496,268,106,-1,-1,-1,-1
705,1,168,305,694,271,-1,-1,-1,-1
705,2,1514,379,360,139,-1,-1,-1,-1
705,4,716,495,273,107,-1,-1,-1,-1
706,1,168,304,694,270,-1,-1,-1,-1
706,2,1514,379,360,139,-1,-1,-1,-1
706,4,719,494,270,108,-1,-1,-1,-1
707,1,169,305,693,268,-1,-1,-1,-1
707,2,1514,379,360,139,-1,-1,-1,-1
707,4,724,495,262,107,-1,-1,-1,-1
708,1,169,305,692,269,-1,-1,-1,-1
708,2,1514,379,360,139,-1,-1,-1,-1
708,4,721,495,266,107,-1,-1,-1,-1
709,1,169,304,692,270,-1,-1,-1,-1
709,2,1514,379,360,139,-1,-1,-1,-1
709,4,712,495,272,107,-1,-1,-1,-1
710,1,169,305,691,268,-1,-1,-1,-1
710,2,1514,379,361,139,-1,-1,-1,-1
710,4,711,496,272,107,-1,-1,-1,-1
711,1,169,305,690,269,-1,-1,-1,-1
711,2,1514,379,361,139,-1,-1,-1,-1
711,4,734,496,247,105,-1,-1,-1,-1
712,1,169,305,690,270,-1,-1,-1,-1
712,2,1514,379,361,139,-1,-1,-1,-1
712,4,740,497,236,105,-1,-1,-1,-1
713,1,169,305,691,269,-1,-1,-1,-1
713,2,1514,379,361,139,-1,-1,-1,-1
713,4,734,497,244,103,-1,-1,-1,-1
714,1,169,305,692,268,-1,-1,-1,-1
714,2,1514,379,360,139,-1,-1,-1,-1
714,4,734,497,242,102,-1,-1,-1,-1
715,1,169,305,690,265,-1,-1,-1,-1
715,2,1514,379,360,140,-1,-1,-1,-1
715,4,709,498,266,103,-1,-1,-1,-1
716,1,170,306,688,266,-1,-1,-1,-1
716,2,1513,378,362,142,-1,-1,-1,-1
716,4,731,496,244,104,-1,-1,-1,-1
717,1,170,306,687,266,-1,-1,-1,-1
717,2,1513,378,362,142,-1,-1,-1,-1
717,4,711,497,262,104,-1,-1,-1,-1
718,1,169,305,688,267,-1,-1,-1,-1
718,2,1513,378,363,142,-1,-1,-1,-1
718,4,702,497,272,104,-1,-1,-1,-1
719,1,170,306,685,265,-1,-1,-1,-1
719,2,1513,378,363,142,-1,-1,-1,-1
719,4,712,497,259,104,-1,-1,-1,-1
720,1,170,306,684,266,-1,-1,-1,-1
720,2,1513,378,363,142,-1,-1,-1,-1
720,4,714,496,258,105,-1,-1,-1,-1
721,1,169,305,686,267,-1,-1,-1,-1
721,2,1513,378,362,142,-1,-1,-1,-1
721,4,703,496,266,104,-1,-1,-1,-1
722,1,170,306,684,263,-1,-1,-1,-1
722,2,1513,378,363,141,-1,-1,-1,-1
722,4,702,495,267,105,-1,-1,-1,-1
723,1,171,307,682,261,-1,-1,-1,-1
723,2,1514,379,361,140,-1,-1,-1,-1
723,4,706,496,261,103,-1,-1,-1,-1
724,1,171,306,683,262,-1,-1,-1,-1
724,2,1513,378,362,142,-1,-1,-1,-1
724,4,696,495,269,106,-1,-1,-1,-1
725,1,172,307,680,260,-1,-1,-1,-1
725,2,1513,378,362,142,-1,-1,-1,-1
725,4,690,494,276,107,-1,-1,-1,-1
726,1,172,307,680,260,-1,-1,-1,-1
726,2,1513,378,363,142,-1,-1,-1,-1
726,4,691,494,272,107,-1,-1,-1,-1
727,1,170,307,683,260,-1,-1,-1,-1
727,2,1513,378,363,142,-1,-1,-1,-1
727,4,689,494,273,107,-1,-1,-1,-1
728,1,172,307,679,259,-1,-1,-1,-1
728,2,1513,378,363,142,-1,-1,-1,-1
728,4,690,494,271,106,-1,-1,-1,-1
729,1,174,307,677,259,-1,-1,-1,-1
729,2,1513,378,364,142,-1,-1,-1,-1
729,4,690,495,269,105,-1,-1,-1,-1
730,1,172,307,679,258,-1,-1,-1,-1
730,2,1513,378,364,142,-1,-1,-1,-1
730,4,687,496,270,103,-1,-1,-1,-1
731,1,174,308,675,256,-1,-1,-1,-1
731,2,1513,378,364,142,-1,-1,-1,-1
731,4,689,495,267,103,-1,-1,-1,-1
732,1,174,308,676,259,-1,-1,-1,-1
732,2,1513,378,364,142,-1,-1,-1,-1
732,4,691,495,264,104,-1,-1,-1,-1
733,1,174,308,676,260,-1,-1,-1,-1
733,2,1513,378,364,142,-1,-1,-1,-1
733,4,694,495,258,101,-1,-1,-1,-1
734,1,172,307,678,261,-1,-1,-1,-1
734,2,1514,379,361,141,-1,-1,-1,-1
734,4,685,496,264,99,-1,-1,-1,-1
735,1,172,307,677,260,-1,-1,-1,-1
735,2,1512,378,367,142,-1,-1,-1,-1
735,4,686,497,264,99,-1,-1,-1,-1
736,1,173,308,674,259,-1,-1,-1,-1
736,2,1513,378,365,142,-1,-1,-1,-1
736,4,690,496,257,99,-1,-1,-1,-1
737,1,173,308,674,260,-1,-1,-1,-1
737,2,1513,379,365,141,-1,-1,-1,-1
737,4,689,496,257,100,-1,-1,-1,-1
738,1,173,308,675,261,-1,-1,-1,-1
738,2,1512,378,367,142,-1,-1,-1,-1
738,4,694,496,249,98,-1,-1,-1,-1
739,1,173,307,675,259,-1,-1,-1,-1
739,2,1513,379,365,140,-1,-1,-1,-1
739,4,684,496,258,99,-1,-1,-1,-1
740,1,174,308,672,258,-1,-1,-1,-1
740,2,1513,379,365,140,-1,-1,-1,-1
740,4,696,497,245,97,-1,-1,-1,-1
741,1,173,308,674,258,-1,-1,-1,-1
741,2,1513,378,366,142,-1,-1,-1,-1
741,4,684,497,255,97,-1,-1,-1,-1
742,1,174,309,671,257,-1,-1,-1,-1
742,2,1512,377,367,144,-1,-1,-1,-1
742,4,685,496,253,98,-1,-1,-1,-1
743,1,173,308,672,257,-1,-1,-1,-1
743,2,1512,377,368,144,-1,-1,-1,-1
743,4,681,496,256,99,-1,-1,-1,-1
744,1,173,309,672,254,-1,-1,-1,-1
744,2,1512,377,368,144,-1,-1,-1,-1
744,4,678,498,257,98,-1,-1,-1,-1
745,1,174,310,669,253,-1,-1,-1,-1
745,2,1512,378,368,143,-1,-1,-1,-1
745,4,680,497,256,98,-1,-1,-1,-1
746,1,174,310,669,256,-1,-1,-1,-1
746,2,1512,378,368,143,-1,-1,-1,-1
746,4,688,497,244,96,-1,-1,-1,-1
747,1,172,309,672,257,-1,-1,-1,-1
747,2,1512,378,367,143,-1,-1,-1,-1
747,4,684,497,248,96,-1,-1,-1,-1
748,1,173,310,670,257,-1,-1,-1,-1
748,2,1512,378,367,143,-1,-1,-1,-1
748,4,690,497,240,96,-1,-1,-1,-1
749,1,172,310,672,258,-1,-1,-1,-1
749,2,1513,378,365,142,-1,-1,-1,-1
749,4,685,496,244,96,-1,-1,-1,-1
750,1,172,310,671,253,-1,-1,-1,-1
750,2,1512,377,367,144,-1,-1,-1,-1
750,4,681,496,251,98,-1,-1,-1,-1
751,1,174,311,667,253,-1,-1,-1,-1
751,2,1512,377,369,144,-1,-1,-1,-1
751,4,677,496,253,99,-1,-1,-1,-1
752,1,174,312,667,254,-1,-1,-1,-1
752,2,1512,377,369,144,-1,-1,-1,-1
752,4,682,495,245,98,-1,-1,-1,-1
753,1,174,311,668,255,-1,-1,-1,-1
753,2,1512,377,369,143,-1,-1,-1,-1
753,4,679,496,248,99,-1,-1,-1,-1
754,1,175,311,666,254,-1,-1,-1,-1
754,2,1513,378,367,141,-1,-1,-1,-1
754,4,672,495,254,101,-1,-1,-1,-1
755,1,174,311,667,254,-1,-1,-1,-1
755,2,1513,378,367,141,-1,-1,-1,-1
755,4,679,496,247,100,-1,-1,-1,-1
756,1,174,311,667,253,-1,-1,-1,-1
756,2,1513,378,367,142,-1,-1,-1,-1
756,4,673,496,250,99,-1,-1,-1,-1
757,1,174,311,665,252,-1,-1,-1,-1
757,2,1512,377,369,144,-1,-1,-1,-1
757,4,669,496,254,99,-1,-1,-1,-1
758,1,173,312,668,248,-1,-1,-1,-1
758,2,1512,377,369,144,-1,-1,-1,-1
758,4,667,496,254,98,-1,-1,-1,-1
759,1,174,313,665,246,-1,-1,-1,-1
759,2,1512,377,369,144,-1,-1,-1,-1
759,4,667,495,253,100,-1,-1,-1,-1
760,1,174,314,665,246,-1,-1,-1,-1
760,2,1512,377,369,144,-1,-1,-1,-1
760,4,667,496,253,99,-1,-1,-1,-1
761,1,175,312,663,250,-1,-1,-1,-1
761,2,1512,377,369,144,-1,-1,-1,-1
761,4,667,497,251,97,-1,-1,-1,-1
762,1,175,312,662,250,-1,-1,-1,-1
762,2,1512,377,369,144,-1,-1,-1,-1
762,4,667,497,250,97,-1,-1,-1,-1
763,1,173,312,666,248,-1,-1,-1,-1
763,2,1512,377,369,144,-1,-1,-1,-1
763,4,665,497,251,97,-1,-1,-1,-1
764,1,175,312,662,249,-1,-1,-1,-1
764,2,1512,377,369,144,-1,-1,-1,-1
764,4,670,498,246,97,-1,-1,-1,-1
765,1,174,313,665,248,-1,-1,-1,-1
765,2,1512,377,369,144,-1,-1,-1,-1
765,4,668,498,246,96,-1,-1,-1,-1
766,1,175,314,662,246,-1,-1,-1,-1
766,2,1512,377,369,144,-1,-1,-1,-1
766,4,665,497,248,97,-1,-1,-1,-1
767,1,175,314,662,246,-1,-1,-1,-1
767,2,1512,377,369,144,-1,-1,-1,-1
767,4,665,497,248,97,-1,-1,-1,-1
768,1,175,314,661,246,-1,-1,-1,-1
768,2,1512,378,369,143,-1,-1,-1,-1
768,4,666,498,246,96,-1,-1,-1,-1
769,1,175,313,660,248,-1,-1,-1,-1
769,2,1513,379,367,141,-1,-1,-1,-1
769,4,667,498,243,95,-1,-1,-1,-1
770,1,174,314,663,247,-1,-1,-1,-1
770,2,1513,378,367,142,-1,-1,-1,-1
770,4,668,498,241,95,-1,-1,-1,-1
771,1,175,315,661,245,-1,-1,-1,-1
771,2,1512,377,369,144,-1,-1,-1,-1
771,4,663,498,246,95,-1,-1,-1,-1
772,1,174,315,663,244,-1,-1,-1,-1
772,2,1512,377,369,144,-1,-1,-1,-1
772,4,660,498,247,93,-1,-1,-1,-1
773,1,174,315,663,243,-1,-1,-1,-1
773,2,1512,378,369,143,-1,-1,-1,-1
773,4,658,497,248,94,-1,-1,-1,-1
774,1,176,316,659,242,-1,-1,-1,-1
774,2,1513,379,367,141,-1,-1,-1,-1
774,4,660,498,245,94,-1,-1,-1,-1
775,1,175,316,660,242,-1,-1,-1,-1
775,2,1513,379,367,141,-1,-1,-1,-1
775,4,661,496,243,95,-1,-1,-1,-1
776,1,176,315,659,245,-1,-1,-1,-1
776,2,1513,379,367,141,-1,-1,-1,-1
776,4,660,496,242,96,-1,-1,-1,-1
777,1,176,315,658,246,-1,-1,-1,-1
777,2,1513,379,367,141,-1,-1,-1,-1
777,4,661,496,242,96,-1,-1,-1,-1
778,1,175,314,658,248,-1,-1,-1,-1
778,2,1513,379,367,141,-1,-1,-1,-1
778,4,658,497,242,95,-1,-1,-1,-1
779,1,174,313,661,250,-1,-1,-1,-1
779,2,1513,379,367,141,-1,-1,-1,-1
779,4,658,497,242,96,-1,-1,-1,-1
780,1,174,315,661,245,-1,-1,-1,-1
780,2,1513,378,367,142,-1,-1,-1,-1
780,4,657,497,242,95,-1,-1,-1,-1
781,1,176,316,658,243,-1,-1,-1,-1
781,2,1512,377,369,144,-1,-1,-1,-1
781,4,655,497,242,94,-1,-1,-1,-1
782,1,176,315,658,244,-1,-1,-1,-1
782,2,1512,377,369,144,-1,-1,-1,-1
782,4,655,497,241,95,-1,-1,-1,-1
783,1,176,316,657,243,-1,-1,-1,-1
783,2,1512,377,369,144,-1,-1,-1,-1
783,4,655,496,240,96,-1,-1,-1,-1
784,1,177,315,654,246,-1,-1,-1,-1
784,2,1512,378,369,143,-1,-1,-1,-1
784,4,655,496,240,96,-1,-1,-1,-1
785,1,176,315,654,247,-1,-1,-1,-1
785,2,1512,378,363,142,-1,-1,-1,-1
785,4,659,497,234,94,-1,-1,-1,-1
786,1,175,315,656,245,-1,-1,-1,-1
786,2,1513,379,361,140,-1,-1,-1,-1
786,4,657,497,234,94,-1,-1,-1,-1
787,1,176,316,654,244,-1,-1,-1,-1
787,2,1513,379,361,140,-1,-1,-1,-1
787,4,655,497,236,95,-1,-1,-1,-1
788,1,175,315,655,244,-1,-1,-1,-1
788,2,1513,379,362,140,-1,-1,-1,-1
788,4,654,497,235,94,-1,-1,-1,-1
789,1,175,315,655,243,-1,-1,-1,-1
789,2,1513,379,362,140,-1,-1,-1,-1
789,4,652,496,236,95,-1,-1,-1,-1
790,1,176,315,654,242,-1,-1,-1,-1
790,2,1513,379,362,140,-1,-1,-1,-1
790,4,649,495,239,97,-1,-1,-1,-1
791,1,176,316,652,241,-1,-1,-1,-1
791,2,1513,379,362,140,-1,-1,-1,-1
791,4,649,494,238,97,-1,-1,-1,-1
792,1,175,316,653,242,-1,-1,-1,-1
792,2,1513,379,362,140,-1,-1,-1,-1
792,4,648,496,238,96,-1,-1,-1,-1
793,1,176,316,651,243,-1,-1,-1,-1
793,2,1513,379,362,140,-1,-1,-1,-1
793,4,649,496,236,95,-1,-1,-1,-1
794,1,176,316,651,244,-1,-1,-1,-1
794,2,1513,379,362,140,-1,-1,-1,-1
794,4,649,497,233,93,-1,-1,-1,-1
795,1,176,317,651,242,-1,-1,-1,-1
795,2,1513,379,362,140,-1,-1,-1,-1
795,4,648,496,234,94,-1,-1,-1,-1
796,1,175,317,652,241,-1,-1,-1,-1
796,2,1513,379,362,140,-1,-1,-1,-1
796,4,647,497,235,93,-1,-1,-1,-1
797,1,177,318,649,239,-1,-1,-1,-1
797,2,1513,379,362,140,-1,-1,-1,-1
797,4,646,497,233,93,-1,-1,-1,-1
798,1,176,317,651,240,-1,-1,-1,-1
798,2,1513,379,362,140,-1,-1,-1,-1
798,4,644,496,235,94,-1,-1,-1,-1
799,1,177,318,648,239,-1,-1,-1,-1
799,2,1513,379,362,140,-1,-1,-1,-1
799,4,643,497,236,93,-1,-1,-1,-1
800,1,177,318,647,239,-1,-1,-1,-1
800,2,1513,379,362,140,-1,-1,-1,-1
800,4,644,497,233,92,-1,-1,-1,-1
801,1,178,318,645,239,-1,-1,-1,-1
801,2,1513,379,362,140,-1,-1,-1,-1
801,4,645,496,230,92,-1,-1,-1,-1
802,1,178,318,646,240,-1,-1,-1,-1
802,2,1513,379,362,140,-1,-1,-1,-1
802,4,643,497,232,92,-1,-1,-1,-1
803,1,178,317,646,241,-1,-1,-1,-1
803,2,1513,379,362,140,-1,-1,-1,-1
803,4,641,497,233,92,-1,-1,-1,-1
804,1,177,317,647,240,-1,-1,-1,-1
804,2,1513,379,362,140,-1,-1,-1,-1
804,4,641,497,232,92,-1,-1,-1,-1
805,1,178,318,644,238,-1,-1,-1,-1
805,2,1513,379,362,140,-1,-1,-1,-1
805,4,640,496,232,93,-1,-1,-1,-1
806,1,177,318,644,238,-1,-1,-1,-1
806,2,1513,379,362,140,-1,-1,-1,-1
806,4,639,496,234,93,-1,-1,-1,-1
807,1,177,318,643,238,-1,-1,-1,-1
807,2,1513,379,362,140,-1,-1,-1,-1
807,4,638,497,234,92,-1,-1,-1,-1
808,1,178,318,641,239,-1,-1,-1,-1
808,2,1513,379,362,140,-1,-1,-1,-1
808,4,644,497,225,91,-1,-1,-1,-1
809,1,178,318,641,239,-1,-1,-1,-1
809,2,1513,379,362,140,-1,-1,-1,-1
809,4,639,496,229,92,-1,-1,-1,-1
810,1,178,318,641,239,-1,-1,-1,-1
810,2,1513,379,362,140,-1,-1,-1,-1
810,4,639,497,229,91,-1,-1,-1,-1
811,1,177,317,642,240,-1,-1,-1,-1
811,2,1513,379,362,140,-1,-1,-1,-1
811,4,639,497,226,90,-1,-1,-1,-1
812,1,177,317,642,239,-1,-1,-1,-1
812,2,1513,379,362,140,-1,-1,-1,-1
812,4,637,496,227,92,-1,-1,-1,-1
813,1,178,318,639,238,-1,-1,-1,-1
813,2,1513,379,362,140,-1,-1,-1,-1
813,4,636,497,228,91,-1,-1,-1,-1
814,1,178,318,638,238,-1,-1,-1,-1
814,2,1513,379,362,140,-1,-1,-1,-1
814,4,636,497,226,89,-1,-1,-1,-1
815,1,178,318,638,238,-1,-1,-1,-1
815,2,1513,379,361,140,-1,-1,-1,-1
815,4,633,498,228,89,-1,-1,-1,-1
816,1,178,318,638,239,-1,-1,-1,-1
816,2,1512,379,363,140,-1,-1,-1,-1
816,4,632,498,229,90,-1,-1,-1,-1
817,1,177,318,640,238,-1,-1,-1,-1
817,2,1513,379,362,140,-1,-1,-1,-1
817,4,632,498,228,89,-1,-1,-1,-1
818,1,178,318,638,237,-1,-1,-1,-1
818,2,1513,379,361,140,-1,-1,-1,-1
818,4,632,498,227,89,-1,-1,-1,-1
819,1,178,318,638,238,-1,-1,-1,-1
819,2,1513,379,361,140,-1,-1,-1,-1
819,4,633,498,224,89,-1,-1,-1,-1
820,1,178,318,637,240,-1,-1,-1,-1
820,2,1513,379,361,140,-1,-1,-1,-1
820,4,633,498,223,89,-1,-1,-1,-1
821,1,177,318,638,239,-1,-1,-1,-1
821,2,1513,379,361,140,-1,-1,-1,-1
821,4,631,497,224,89,-1,-1,-1,-1
822,1,178,319,636,237,-1,-1,-1,-1
822,2,1513,379,361,140,-1,-1,-1,-1
822,4,631,497,222,89,-1,-1,-1,-1
823,1,179,319,635,237,-1,-1,-1,-1
823,2,1513,379,360,140,-1,-1,-1,-1
823,4,631,496,221,90,-1,-1,-1,-1
824,1,177,318,637,238,-1,-1,-1,-1
824,2,1513,379,359,140,-1,-1,-1,-1
824,4,627,495,226,92,-1,-1,-1,-1
825,1,177,318,637,237,-1,-1,-1,-1
825,2,1512,379,361,140,-1,-1,-1,-1
825,4,626,496,226,90,-1,-1,-1,-1
826,1,179,319,634,236,-1,-1,-1,-1
826,2,1513,379,359,140,-1,-1,-1,-1
826,4,628,497,222,88,-1,-1,-1,-1
827,1,179,319,634,237,-1,-1,-1,-1
827,2,1513,379,358,140,-1,-1,-1,-1
827,4,630,497,219,88,-1,-1,-1,-1
828,1,179,319,635,237,-1,-1,-1,-1
828,2,1513,379,358,140,-1,-1,-1,-1
828,4,629,496,219,89,-1,-1,-1,-1
829,1,179,319,634,236,-1,-1,-1,-1
829,2,1513,379,358,140,-1,-1,-1,-1
829,4,628,497,218,88,-1,-1,-1,-1
830,1,180,320,632,234,-1,-1,-1,-1
830,2,1513,379,359,140,-1,-1,-1,-1
830,4,629,497,217,88,-1,-1,-1,-1
831,1,179,319,634,235,-1,-1,-1,-1
831,2,1513,379,358,140,-1,-1,-1,-1
831,4,627,497,216,88,-1,-1,-1,-1
832,1,180,320,631,234,-1,-1,-1,-1
832,2,1513,379,358,140,-1,-1,-1,-1
832,4,627,497,216,88,-1,-1,-1,-1
833,1,179,319,633,235,-1,-1,-1,-1
833,2,1513,379,358,140,-1,-1,-1,-1
833,4,624,496,219,89,-1,-1,-1,-1
834,1,180,320,631,233,-1,-1,-1,-1
834,2,1513,379,358,140,-1,-1,-1,-1
834,4,625,497,217,88,-1,-1,-1,-1
835,1,179,320,632,233,-1,-1,-1,-1
835,2,1512,379,361,140,-1,-1,-1,-1
835,4,624,497,216,87,-1,-1,-1,-1
836,1,180,321,629,231,-1,-1,-1,-1
836,2,1513,379,360,140,-1,-1,-1,-1
836,4,625,497,214,87,-1,-1,-1,-1
837,1,179,320,630,232,-1,-1,-1,-1
837,2,1513,379,360,140,-1,-1,-1,-1
837,4,622,497,216,87,-1,-1,-1,-1
838,1,180,321,627,232,-1,-1,-1,-1
838,2,1512,379,362,140,-1,-1,-1,-1
838,4,620,496,218,88,-1,-1,-1,-1
839,1,180,321,628,233,-1,-1,-1,-1
839,2,1513,379,362,140,-1,-1,-1,-1
839,4,620,497,216,86,-1,-1,-1,-1
840,1,180,321,627,233,-1,-1,-1,-1
840,2,1513,379,361,140,-1,-1,-1,-1
840,4,619,498,217,86,-1,-1,-1,-1
841,1,179,320,628,234,-1,-1,-1,-1
841,2,1513,379,360,140,-1,-1,-1,-1
841,4,620,497,214,86,-1,-1,-1,-1
842,1,179,321,627,233,-1,-1,-1,-1
842,2,1512,379,362,140,-1,-1,-1,-1
842,4,621,497,212,86,-1,-1,-1,-1
843,1,180,322,625,232,-1,-1,-1,-1
843,2,1513,379,362,140,-1,-1,-1,-1
843,4,620,497,212,87,-1,-1,-1,-1
844,1,180,321,626,233,-1,-1,-1,-1
844,2,1512,379,363,140,-1,-1,-1,-1
844,4,619,497,212,86,-1,-1,-1,-1
845,1,179,321,627,232,-1,-1,-1,-1
845,2,1512,379,363,140,-1,-1,-1,-1
845,4,619,496,210,87,-1,-1,-1,-1
846,1,180,322,625,230,-1,-1,-1,-1
846,2,1512,379,363,140,-1,-1,-1,-1
846,4,617,496,212,88,-1,-1,-1,-1
847,1,181,322,623,231,-1,-1,-1,-1
847,2,1512,379,365,140,-1,-1,-1,-1
847,4,618,496,210,87,-1,-1,-1,-1
848,1,181,322,622,231,-1,-1,-1,-1
848,2,1513,379,363,140,-1,-1,-1,-1
848,4,619,496,208,87,-1,-1,-1,-1
849,1,181,322,622,231,-1,-1,-1,-1
849,2,1513,379,363,140,-1,-1,-1,-1
849,4,617,496,210,87,-1,-1,-1,-1
850,1,181,322,622,231,-1,-1,-1,-1
850,2,1513,379,362,140,-1,-1,-1,-1
850,4,618,497,207,85,-1,-1,-1,-1
851,1,181,322,622,232,-1,-1,-1,-1
851,2,1512,379,364,140,-1,-1,-1,-1
851,4,620,497,205,85,-1,-1,-1,-1
852,1,181,323,622,232,-1,-1,-1,-1
852,2,1513,379,363,140,-1,-1,-1,-1
852,4,619,497,206,86,-1,-1,-1,-1
853,1,180,322,624,232,-1,-1,-1,-1
853,2,1512,379,365,140,-1,-1,-1,-1
853,4,616,499,208,84,-1,-1,-1,-1
854,1,181,323,622,231,-1,-1,-1,-1
854,2,1513,379,363,140,-1,-1,-1,-1
854,4,615,498,208,84,-1,-1,-1,-1
855,1,181,323,622,230,-1,-1,-1,-1
855,2,1512,379,364,140,-1,-1,-1,-1
855,4,612,497,211,85,-1,-1,-1,-1
856,1,182,324,619,230,-1,-1,-1,-1
856,2,1512,379,364,140,-1,-1,-1,-1
856,4,621,497,198,85,-1,-1,-1,-1
857,1,181,324,620,231,-1,-1,-1,-1
857,2,1512,379,365,140,-1,-1,-1,-1
857,4,621,499,201,83,-1,-1,-1,-1
858,1,182,325,618,229,-1,-1,-1,-1
858,2,1512,379,365,140,-1,-1,-1,-1
858,4,614,498,206,83,-1,-1,-1,-1
859,1,182,325,618,230,-1,-1,-1,-1
859,2,1512,379,365,140,-1,-1,-1,-1
859,4,614,498,205,84,-1,-1,-1,-1
860,1,181,324,620,231,-1,-1,-1,-1
860,2,1512,379,365,140,-1,-1,-1,-1
860,4,612,498,206,84,-1,-1,-1,-1
861,1,181,324,620,230,-1,-1,-1,-1
861,2,1512,379,365,140,-1,-1,-1,-1
861,4,613,497,205,85,-1,-1,-1,-1
862,1,182,325,618,228,-1,-1,-1,-1
862,2,1512,379,365,140,-1,-1,-1,-1
862,4,615,497,201,84,-1,-1,-1,-1
863,1,182,325,618,228,-1,-1,-1,-1
863,2,1512,379,365,140,-1,-1,-1,-1
863,4,612,497,204,85,-1,-1,-1,-1
864,1,182,325,617,228,-1,-1,-1,-1
864,2,1512,379,365,140,-1,-1,-1,-1
864,4,610,497,205,85,-1,-1,-1,-1
865,1,183,325,615,229,-1,-1,-1,-1
865,2,1512,379,365,140,-1,-1,-1,-1
865,4,610,497,202,84,-1,-1,-1,-1
866,1,182,324,617,230,-1,-1,-1,-1
866,2,1512,379,365,140,-1,-1,-1,-1
866,4,608,497,204,85,-1,-1,-1,-1
867,1,182,325,617,228,-1,-1,-1,-1
867,2,1512,379,365,140,-1,-1,-1,-1
867,4,609,497,202,84,-1,-1,-1,-1
868,1,182,324,616,228,-1,-1,-1,-1
868,2,1512,379,365,140,-1,-1,-1,-1
868,4,608,496,203,86,-1,-1,-1,-1
869,1,183,325,614,226,-1,-1,-1,-1
869,2,1512,379,365,140,-1,-1,-1,-1
869,4,607,496,202,85,-1,-1,-1,-1
870,1,183,325,614,227,-1,-1,-1,-1
870,2,1512,379,365,140,-1,-1,-1,-1
870,4,611,497,198,84,-1,-1,-1,-1
871,1,183,325,613,227,-1,-1,-1,-1
871,2,1512,379,365,140,-1,-1,-1,-1
871,4,608,497,198,84,-1,-1,-1,-1
872,1,183,325,613,227,-1,-1,-1,-1
872,2,1512,379,365,140,-1,-1,-1,-1
872,4,606,496,201,86,-1,-1,-1,-1
873,1,183,325,613,227,-1,-1,-1,-1
873,2,1512,379,365,140,-1,-1,-1,-1
873,4,605,497,202,85,-1,-1,-1,-1
874,1,183,324,613,228,-1,-1,-1,-1
874,2,1513,379,363,140,-1,-1,-1,-1
874,4,606,498,199,83,-1,-1,-1,-1
875,1,183,325,612,227,-1,-1,-1,-1
875,2,1512,379,364,140,-1,-1,-1,-1
875,4,606,496,197,84,-1,-1,-1,-1
876,1,184,325,611,226,-1,-1,-1,-1
876,2,1513,379,362,140,-1,-1,-1,-1
876,4,605,496,199,85,-1,-1,-1,-1