3,1,780,290,414,339,-1,-1,-1,-1
3,2,518,262,870,246,-1,-1,-1,-1
4,1,780,290,414,339,-1,-1,-1,-1
4,2,514,261,875,248,-1,-1,-1,-1
5,1,780,290,414,339,-1,-1,-1,-1
5,2,515,261,872,247,-1,-1,-1,-1
6,1,779,290,416,339,-1,-1,-1,-1
6,2,512,260,876,249,-1,-1,-1,-1
7,1,778,290,416,339,-1,-1,-1,-1
7,2,511,261,877,248,-1,-1,-1,-1
8,1,778,290,416,339,-1,-1,-1,-1
8,2,508,261,880,248,-1,-1,-1,-1
9,1,778,290,417,339,-1,-1,-1,-1
9,2,509,261,878,247,-1,-1,-1,-1
10,1,780,289,414,340,-1,-1,-1,-1
10,2,508,261,880,248,-1,-1,-1,-1
11,1,779,288,416,342,-1,-1,-1,-1
11,2,508,261,880,248,-1,-1,-1,-1
12,1,779,288,416,342,-1,-1,-1,-1
12,2,508,261,880,248,-1,-1,-1,-1
13,1,780,288,415,341,-1,-1,-1,-1
13,2,509,262,877,247,-1,-1,-1,-1
14,1,781,288,413,340,-1,-1,-1,-1
14,2,507,261,880,249,-1,-1,-1,-1
15,1,781,288,413,340,-1,-1,-1,-1
15,2,507,261,880,249,-1,-1,-1,-1
16,1,780,288,415,340,-1,-1,-1,-1
16,2,506,261,881,249,-1,-1,-1,-1
17,1,780,288,414,340,-1,-1,-1,-1
17,2,506,261,879,249,-1,-1,-1,-1
18,1,781,289,413,340,-1,-1,-1,-1
18,2,504,260,882,251,-1,-1,-1,-1
19,1,780,288,415,342,-1,-1,-1,-1
19,2,504,260,882,251,-1,-1,-1,-1
20,1,780,288,415,341,-1,-1,-1,-1
20,2,503,260,883,251,-1,-1,-1,-1
21,1,781,288,413,340,-1,-1,-1,-1
21,2,502,260,884,251,-1,-1,-1,-1
22,1,781,288,413,340,-1,-1,-1,-1
22,2,502,260,884,251,-1,-1,-1,-1
23,1,781,288,413,340,-1,-1,-1,-1
23,2,502,260,884,251,-1,-1,-1,-1
24,1,780,288,415,340,-1,-1,-1,-1
24,2,502,260,885,251,-1,-1,-1,-1
25,1,780,288,414,340,-1,-1,-1,-1
25,2,502,260,884,250,-1,-1,-1,-1
26,1,780,289,414,340,-1,-1,-1,-1
26,2,501,259,885,251,-1,-1,-1,-1
27,1,779,289,415,340,-1,-1,-1,-1
27,2,501,259,885,251,-1,-1,-1,-1
28,1,779,288,415,342,-1,-1,-1,-1
28,2,501,259,885,251,-1,-1,-1,-1
29,1,779,288,416,342,-1,-1,-1,-1
29,2,500,259,886,251,-1,-1,-1,-1
30,1,779,288,417,342,-1,-1,-1,-1
30,2,500,259,886,251,-1,-1,-1,-1
31,1,778,288,418,342,-1,-1,-1,-1
31,2,499,259,887,251,-1,-1,-1,-1
32,1,778,288,418,342,-1,-1,-1,-1
32,2,497,259,889,250,-1,-1,-1,-1
33,1,778,288,418,342,-1,-1,-1,-1
33,2,498,260,886,249,-1,-1,-1,-1
34,1,779,288,416,342,-1,-1,-1,-1
34,2,496,259,889,251,-1,-1,-1,-1
35,1,778,288,417,342,-1,-1,-1,-1
35,2,497,259,887,250,-1,-1,-1,-1
36,1,778,288,418,342,-1,-1,-1,-1
36,2,495,258,890,252,-1,-1,-1,-1
37,1,779,288,416,342,-1,-1,-1,-1
37,2,493,258,891,251,-1,-1,-1,-1
38,1,778,288,417,342,-1,-1,-1,-1
38,2,493,258,890,250,-1,-1,-1,-1
39,1,778,288,418,342,-1,-1,-1,-1
39,2,492,258,892,250,-1,-1,-1,-1
40,1,778,288,418,342,-1,-1,-1,-1
40,2,492,258,891,251,-1,-1,-1,-1
41,1,779,288,416,342,-1,-1,-1,-1
41,2,491,257,893,253,-1,-1,-1,-1
42,1,779,288,417,342,-1,-1,-1,-1
42,2,490,257,894,253,-1,-1,-1,-1
43,1,779,288,417,342,-1,-1,-1,-1
43,2,489,257,894,253,-1,-1,-1,-1
44,1,778,288,418,342,-1,-1,-1,-1
44,2,488,258,895,252,-1,-1,-1,-1
45,1,778,288,418,342,-1,-1,-1,-1
45,2,488,258,895,252,-1,-1,-1,-1
46,1,778,288,418,342,-1,-1,-1,-1
46,2,489,259,893,251,-1,-1,-1,-1
47,1,778,288,418,342,-1,-1,-1,-1
47,2,487,258,896,252,-1,-1,-1,-1
48,1,779,288,416,342,-1,-1,-1,-1
48,2,487,258,895,252,-1,-1,-1,-1
49,1,779,288,417,342,-1,-1,-1,-1
49,2,487,258,894,251,-1,-1,-1,-1
50,1,779,288,416,342,-1,-1,-1,-1
50,2,486,258,896,252,-1,-1,-1,-1
51,1,778,289,418,341,-1,-1,-1,-1
51,2,487,258,894,252,-1,-1,-1,-1
52,1,780,289,414,340,-1,-1,-1,-1
52,2,488,258,893,252,-1,-1,-1,-1
53,1,779,288,416,342,-1,-1,-1,-1
53,2,486,257,895,254,-1,-1,-1,-1
54,1,778,288,417,342,-1,-1,-1,-1
54,2,485,257,896,254,-1,-1,-1,-1
55,1,778,288,417,342,-1,-1,-1,-1
55,2,484,257,898,254,-1,-1,-1,-1
56,1,778,288,417,342,-1,-1,-1,-1
56,2,483,257,899,254,-1,-1,-1,-1
57,1,779,288,415,342,-1,-1,-1,-1
57,2,481,257,900,254,-1,-1,-1,-1
58,1,779,288,416,342,-1,-1,-1,-1
58,2,481,257,901,254,-1,-1,-1,-1
59,1,778,288,417,342,-1,-1,-1,-1
59,2,480,257,902,254,-1,-1,-1,-1
60,1,778,288,417,342,-1,-1,-1,-1
60,2,479,257,902,254,-1,-1,-1,-1
61,1,779,288,415,342,-1,-1,-1,-1
61,2,479,257,902,254,-1,-1,-1,-1
62,1,779,288,416,342,-1,-1,-1,-1
62,2,478,257,903,254,-1,-1,-1,-1
63,1,779,288,417,341,-1,-1,-1,-1
63,2,478,257,903,253,-1,-1,-1,-1
64,1,781,289,414,340,-1,-1,-1,-1
64,2,476,256,905,253,-1,-1,-1,-1
65,1,780,288,416,342,-1,-1,-1,-1
65,2,475,256,906,253,-1,-1,-1,-1
66,1,779,288,417,341,-1,-1,-1,-1
66,2,476,257,903,253,-1,-1,-1,-1
67,1,780,289,415,339,-1,-1,-1,-1
67,2,475,256,905,255,-1,-1,-1,-1
68,1,780,289,415,340,-1,-1,-1,-1
68,2,474,256,906,255,-1,-1,-1,-1
69,1,779,288,417,342,-1,-1,-1,-1
69,2,472,256,908,255,-1,-1,-1,-1
70,1,780,288,416,341,-1,-1,-1,-1
70,2,471,256,909,255,-1,-1,-1,-1
71,1,781,289,414,340,-1,-1,-1,-1
71,2,471,256,909,255,-1,-1,-1,-1
72,1,780,289,416,340,-1,-1,-1,-1
72,2,470,256,910,255,-1,-1,-1,-1
73,1,781,290,414,338,-1,-1,-1,-1
73,2,471,256,908,254,-1,-1,-1,-1
74,1,782,290,413,339,-1,-1,-1,-1
74,2,468,255,912,256,-1,-1,-1,-1
75,1,781,289,414,340,-1,-1,-1,-1
75,2,469,256,910,255,-1,-1,-1,-1
76,1,779,288,418,342,-1,-1,-1,-1
76,2,467,256,913,255,-1,-1,-1,-1
77,1,780,288,416,342,-1,-1,-1,-1
77,2,467,257,912,254,-1,-1,-1,-1
78,1,779,288,417,342,-1,-1,-1,-1
78,2,467,257,912,254,-1,-1,-1,-1
79,1,779,288,418,342,-1,-1,-1,-1
79,2,467,256,912,254,-1,-1,-1,-1
80,1,780,288,415,341,-1,-1,-1,-1
80,2,464,256,916,255,-1,-1,-1,-1
81,1,779,288,417,342,-1,-1,-1,-1
81,2,464,257,915,254,-1,-1,-1,-1
82,1,780,288,415,341,-1,-1,-1,-1
82,2,463,256,917,256,-1,-1,-1,-1
83,1,779,288,417,342,-1,-1,-1,-1
83,2,462,256,918,255,-1,-1,-1,-1
84,1,779,289,417,341,-1,-1,-1,-1
84,2,461,255,919,256,-1,-1,-1,-1
85,1,779,289,417,341,-1,-1,-1,-1
85,2,462,256,917,255,-1,-1,-1,-1
86,1,779,289,417,341,-1,-1,-1,-1
86,2,460,255,920,257,-1,-1,-1,-1
87,1,779,289,417,341,-1,-1,-1,-1
87,2,461,255,918,257,-1,-1,-1,-1
88,1,779,289,417,341,-1,-1,-1,-1
88,2,459,256,921,256,-1,-1,-1,-1
89,1,780,288,415,341,-1,-1,-1,-1
89,2,459,257,920,255,-1,-1,-1,-1
90,1,779,287,417,343,-1,-1,-1,-1
90,2,458,256,922,257,-1,-1,-1,-1
91,1,779,287,417,343,-1,-1,-1,-1
91,2,459,257,919,256,-1,-1,-1,-1
92,1,779,288,417,342,-1,-1,-1,-1
92,2,457,256,923,258,-1,-1,-1,-1
93,1,780,289,415,340,-1,-1,-1,-1
93,2,457,256,922,258,-1,-1,-1,-1
94,1,780,289,415,340,-1,-1,-1,-1
94,2,456,256,923,258,-1,-1,-1,-1
95,1,781,288,414,341,-1,-1,-1,-1
95,2,456,256,923,258,-1,-1,-1,-1
96,1,779,288,417,342,-1,-1,-1,-1
96,2,457,256,921,257,-1,-1,-1,-1
97,1,780,289,415,340,-1,-1,-1,-1
97,2,455,255,924,259,-1,-1,-1,-1
98,1,780,289,415,340,-1,-1,-1,-1
98,2,456,256,923,258,-1,-1,-1,-1
99,1,780,289,415,340,-1,-1,-1,-1
99,2,454,255,926,260,-1,-1,-1,-1
100,1,780,289,416,340,-1,-1,-1,-1
100,2,453,255,927,260,-1,-1,-1,-1
101,1,780,289,415,340,-1,-1,-1,-1
101,2,452,255,929,260,-1,-1,-1,-1
102,1,780,289,415,340,-1,-1,-1,-1
102,2,453,255,927,259,-1,-1,-1,-1
103,1,780,289,415,340,-1,-1,-1,-1
103,2,450,255,932,260,-1,-1,-1,-1
104,1,780,289,416,340,-1,-1,-1,-1
104,2,451,255,930,259,-1,-1,-1,-1
105,1,780,289,415,340,-1,-1,-1,-1
105,2,450,254,932,261,-1,-1,-1,-1
106,1,780,289,416,340,-1,-1,-1,-1
106,2,449,254,933,261,-1,-1,-1,-1
107,1,779,289,416,340,-1,-1,-1,-1
107,2,449,254,933,261,-1,-1,-1,-1
108,1,779,289,417,341,-1,-1,-1,-1
108,2,448,254,935,261,-1,-1,-1,-1
109,1,780,290,415,339,-1,-1,-1,-1
109,2,447,254,936,261,-1,-1,-1,-1
110,1,780,289,415,340,-1,-1,-1,-1
110,2,448,254,935,261,-1,-1,-1,-1
111,1,780,289,416,341,-1,-1,-1,-1
111,2,447,254,936,261,-1,-1,-1,-1
112,1,781,289,414,340,-1,-1,-1,-1
112,2,446,254,938,261,-1,-1,-1,-1
113,1,780,288,416,342,-1,-1,-1,-1
113,2,445,254,939,261,-1,-1,-1,-1
114,1,780,289,416,341,-1,-1,-1,-1
114,2,446,255,937,260,-1,-1,-1,-1
115,1,781,290,414,339,-1,-1,-1,-1
115,2,444,254,940,262,-1,-1,-1,-1
116,1,780,290,416,339,-1,-1,-1,-1
116,2,444,254,940,262,-1,-1,-1,-1
117,1,780,290,415,339,-1,-1,-1,-1
117,2,444,254,940,262,-1,-1,-1,-1
118,1,780,290,416,339,-1,-1,-1,-1
118,2,443,254,942,262,-1,-1,-1,-1
119,1,780,290,415,339,-1,-1,-1,-1
119,2,444,255,940,261,-1,-1,-1,-1
120,1,780,290,415,339,-1,-1,-1,-1
120,2,443,254,942,262,-1,-1,-1,-1
121,1,780,290,416,339,-1,-1,-1,-1
121,2,443,253,942,263,-1,-1,-1,-1
122,1,780,290,415,339,-1,-1,-1,-1
122,2,442,253,944,263,-1,-1,-1,-1
123,1,781,290,414,339,-1,-1,-1,-1
123,2,440,253,947,263,-1,-1,-1,-1
124,1,781,290,414,339,-1,-1,-1,-1
124,2,441,254,945,262,-1,-1,-1,-1
125,1,780,290,416,339,-1,-1,-1,-1
125,2,440,253,947,264,-1,-1,-1,-1
126,1,780,290,415,339,-1,-1,-1,-1
126,2,440,253,947,264,-1,-1,-1,-1
127,1,780,290,415,339,-1,-1,-1,-1
127,2,440,254,947,263,-1,-1,-1,-1
128,1,780,290,415,339,-1,-1,-1,-1
128,2,440,254,947,262,-1,-1,-1,-1
129,1,779,290,416,339,-1,-1,-1,-1
129,2,439,253,949,264,-1,-1,-1,-1
130,1,779,290,416,339,-1,-1,-1,-1
130,2,439,254,949,263,-1,-1,-1,-1
131,1,779,290,417,340,-1,-1,-1,-1
131,2,439,254,949,262,-1,-1,-1,-1
132,1,780,290,415,339,-1,-1,-1,-1
132,2,438,253,949,262,-1,-1,-1,-1
133,1,779,290,417,340,-1,-1,-1,-1
133,2,438,253,950,262,-1,-1,-1,-1
134,1,780,290,415,339,-1,-1,-1,-1
134,2,438,254,950,262,-1,-1,-1,-1
135,1,779,289,417,341,-1,-1,-1,-1
135,2,437,253,953,264,-1,-1,-1,-1
136,1,779,289,417,341,-1,-1,-1,-1
136,2,437,253,953,264,-1,-1,-1,-1
137,1,779,289,417,341,-1,-1,-1,-1
137,2,437,254,952,263,-1,-1,-1,-1
138,1,779,289,417,341,-1,-1,-1,-1
138,2,436,253,954,265,-1,-1,-1,-1
139,1,779,289,417,341,-1,-1,-1,-1
139,2,436,253,954,265,-1,-1,-1,-1
140,1,780,289,415,341,-1,-1,-1,-1
140,2,437,253,952,264,-1,-1,-1,-1
141,1,781,289,415,341,-1,-1,-1,-1
141,2,435,252,956,266,-1,-1,-1,-1
142,1,780,289,416,341,-1,-1,-1,-1
142,2,435,252,956,266,-1,-1,-1,-1
143,1,779,290,417,340,-1,-1,-1,-1
143,2,436,253,955,265,-1,-1,-1,-1
144,1,779,291,417,339,-1,-1,-1,-1
144,2,435,252,956,267,-1,-1,-1,-1
145,1,780,291,415,338,-1,-1,-1,-1
145,2,435,253,956,266,-1,-1,-1,-1
146,1,780,291,416,339,-1,-1,-1,-1
146,2,433,252,959,267,-1,-1,-1,-1
147,1,781,292,414,337,-1,-1,-1,-1
147,2,433,252,959,267,-1,-1,-1,-1
148,1,780,291,415,338,-1,-1,-1,-1
148,2,433,252,959,267,-1,-1,-1,-1
149,1,780,291,416,339,-1,-1,-1,-1
149,2,434,253,958,266,-1,-1,-1,-1
150,1,780,291,415,338,-1,-1,-1,-1
150,2,434,253,958,267,-1,-1,-1,-1
151,1,780,291,415,338,-1,-1,-1,-1
151,2,432,252,962,269,-1,-1,-1,-1
152,1,780,290,415,339,-1,-1,-1,-1
152,2,431,252,964,269,-1,-1,-1,-1
153,1,779,289,417,341,-1,-1,-1,-1
153,2,431,252,963,268,-1,-1,-1,-1
154,1,779,289,417,341,-1,-1,-1,-1
154,2,428,253,945,266,-1,-1,-1,-1
155,1,780,289,415,341,-1,-1,-1,-1
155,2,428,254,945,265,-1,-1,-1,-1
156,1,780,289,416,341,-1,-1,-1,-1
156,2,427,255,945,263,-1,-1,-1,-1
157,1,780,289,416,341,-1,-1,-1,-1
157,2,427,255,944,264,-1,-1,-1,-1
158,1,780,290,416,340,-1,-1,-1,-1
158,2,427,255,944,265,-1,-1,-1,-1
159,1,780,291,416,338,-1,-1,-1,-1
159,2,426,254,945,265,-1,-1,-1,-1
160,1,780,291,415,338,-1,-1,-1,-1
160,2,425,254,947,265,-1,-1,-1,-1
161,1,780,291,415,338,-1,-1,-1,-1
161,2,425,255,946,263,-1,-1,-1,-1
162,1,780,291,415,338,-1,-1,-1,-1
162,2,425,255,945,263,-1,-1,-1,-1
163,1,781,290,414,339,-1,-1,-1,-1
163,2,424,255,946,264,-1,-1,-1,-1
164,1,780,290,416,339,-1,-1,-1,-1
164,2,418,255,954,265,-1,-1,-1,-1
165,1,781,290,414,338,-1,-1,-1,-1
165,2,427,256,946,264,-1,-1,-1,-1
166,1,781,289,414,339,-1,-1,-1,-1
166,2,427,257,946,264,-1,-1,-1,-1
167,1,781,290,414,339,-1,-1,-1,-1
167,2,427,257,946,264,-1,-1,-1,-1
168,1,780,290,416,340,-1,-1,-1,-1
168,2,427,257,946,264,-1,-1,-1,-1
169,1,781,291,414,339,-1,-1,-1,-1
169,2,426,257,947,264,-1,-1,-1,-1
170,1,781,290,414,339,-1,-1,-1,-1
170,2,426,257,948,265,-1,-1,-1,-1
171,1,780,289,416,340,-1,-1,-1,-1
171,2,426,256,949,265,-1,-1,-1,-1
172,1,781,290,414,339,-1,-1,-1,-1
172,2,425,255,951,267,-1,-1,-1,-1
173,1,780,289,416,341,-1,-1,-1,-1
173,2,420,254,952,266,-1,-1,-1,-1
174,1,780,289,416,341,-1,-1,-1,-1
174,2,419,254,953,266,-1,-1,-1,-1
175,1,780,290,416,340,-1,-1,-1,-1
175,2,420,254,951,266,-1,-1,-1,-1
176,1,780,291,416,338,-1,-1,-1,-1
176,2,417,253,954,268,-1,-1,-1,-1
177,1,781,291,414,337,-1,-1,-1,-1
177,2,420,254,954,267,-1,-1,-1,-1
178,1,780,291,416,338,-1,-1,-1,-1
178,2,415,254,955,266,-1,-1,-1,-1
179,1,780,292,415,336,-1,-1,-1,-1
179,2,418,255,956,265,-1,-1,-1,-1
180,1,780,291,415,337,-1,-1,-1,-1
180,2,419,255,954,265,-1,-1,-1,-1
181,1,780,291,415,337,-1,-1,-1,-1
181,2,417,255,956,266,-1,-1,-1,-1
182,1,780,291,415,337,-1,-1,-1,-1
182,2,418,255,954,265,-1,-1,-1,-1
183,1,781,291,414,337,-1,-1,-1,-1
183,2,416,254,956,267,-1,-1,-1,-1
184,1,781,291,414,337,-1,-1,-1,-1
184,2,416,255,956,266,-1,-1,-1,-1
185,1,781,291,414,337,-1,-1,-1,-1
185,2,416,255,955,265,-1,-1,-1,-1
186,1,781,291,414,337,-1,-1,-1,-1
186,2,416,255,956,266,-1,-1,-1,-1
187,1,781,291,414,337,-1,-1,-1,-1
187,2,413,254,959,268,-1,-1,-1,-1
188,1,781,291,414,337,-1,-1,-1,-1
188,2,413,254,959,268,-1,-1,-1,-1
189,1,780,291,416,337,-1,-1,-1,-1
189,2,412,254,960,268,-1,-1,-1,-1
190,1,779,291,416,337,-1,-1,-1,-1
190,2,410,255,962,267,-1,-1,-1,-1
191,1,780,291,415,337,-1,-1,-1,-1
191,2,409,255,961,266,-1,-1,-1,-1
192,1,780,291,416,337,-1,-1,-1,-1
192,2,408,254,963,268,-1,-1,-1,-1
193,1,779,291,416,337,-1,-1,-1,-1
193,2,408,254,963,268,-1,-1,-1,-1
194,1,780,291,415,337,-1,-1,-1,-1
194,2,407,254,963,268,-1,-1,-1,-1
195,1,781,291,414,337,-1,-1,-1,-1
195,2,405,254,965,268,-1,-1,-1,-1
196,1,781,291,414,337,-1,-1,-1,-1
196,2,404,254,966,268,-1,-1,-1,-1
197,1,781,291,414,337,-1,-1,-1,-1
197,2,403,254,967,268,-1,-1,-1,-1
198,1,780,291,416,337,-1,-1,-1,-1
198,2,404,254,964,268,-1,-1,-1,-1
199,1,780,291,415,337,-1,-1,-1,-1
199,2,402,253,967,269,-1,-1,-1,-1
200,1,781,290,414,338,-1,-1,-1,-1
200,2,401,253,968,269,-1,-1,-1,-1
201,1,780,289,416,340,-1,-1,-1,-1
201,2,400,254,968,268,-1,-1,-1,-1
202,1,780,289,416,340,-1,-1,-1,-1
202,2,399,254,969,268,-1,-1,-1,-1
203,1,780,289,416,340,-1,-1,-1,-1
203,2,399,255,968,266,-1,-1,-1,-1
204,1,780,289,416,340,-1,-1,-1,-1
204,2,400,255,967,266,-1,-1,-1,-1
205,1,780,289,416,340,-1,-1,-1,-1
205,2,400,254,966,267,-1,-1,-1,-1
206,1,780,289,416,340,-1,-1,-1,-1
206,2,397,253,970,269,-1,-1,-1,-1
207,1,780,290,415,339,-1,-1,-1,-1
207,2,397,253,970,269,-1,-1,-1,-1
208,1,779,289,417,341,-1,-1,-1,-1
208,2,397,253,969,269,-1,-1,-1,-1
209,1,779,290,417,340,-1,-1,-1,-1
209,2,397,253,969,269,-1,-1,-1,-1
210,1,781,290,414,339,-1,-1,-1,-1
210,2,397,253,968,268,-1,-1,-1,-1
211,1,779,290,417,339,-1,-1,-1,-1
211,2,396,252,970,270,-1,-1,-1,-1
212,1,780,290,415,338,-1,-1,-1,-1
212,2,396,252,970,270,-1,-1,-1,-1
213,1,781,290,414,339,-1,-1,-1,-1
213,2,394,252,971,270,-1,-1,-1,-1
214,1,780,289,415,341,-1,-1,-1,-1
214,2,394,253,970,269,-1,-1,-1,-1
215,1,780,289,415,340,-1,-1,-1,-1
215,2,392,253,973,270,-1,-1,-1,-1
216,1,781,290,413,339,-1,-1,-1,-1
216,2,393,253,971,269,-1,-1,-1,-1
217,1,780,289,415,340,-1,-1,-1,-1
217,2,392,253,973,270,-1,-1,-1,-1
218,1,781,290,413,339,-1,-1,-1,-1
218,2,393,253,972,269,-1,-1,-1,-1
219,1,780,289,415,341,-1,-1,-1,-1
219,2,393,252,972,269,-1,-1,-1,-1
220,1,780,289,415,341,-1,-1,-1,-1
220,2,392,252,974,269,-1,-1,-1,-1
221,1,781,289,414,340,-1,-1,-1,-1
221,2,391,252,974,269,-1,-1,-1,-1
222,1,780,289,416,341,-1,-1,-1,-1
222,2,390,252,974,269,-1,-1,-1,-1
223,1,780,289,416,341,-1,-1,-1,-1
223,2,389,251,976,271,-1,-1,-1,-1
224,1,780,289,416,341,-1,-1,-1,-1
224,2,389,251,976,271,-1,-1,-1,-1
225,1,780,289,416,341,-1,-1,-1,-1
225,2,389,251,976,271,-1,-1,-1,-1
226,1,779,291,417,339,-1,-1,-1,-1
226,2,390,251,975,271,-1,-1,-1,-1
227,1,781,291,414,338,-1,-1,-1,-1
227,2,389,251,976,271,-1,-1,-1,-1
228,1,779,291,417,339,-1,-1,-1,-1
228,2,389,251,975,271,-1,-1,-1,-1
229,1,780,292,415,337,-1,-1,-1,-1
229,2,389,251,975,271,-1,-1,-1,-1
230,1,780,292,415,337,-1,-1,-1,-1
230,2,390,251,973,270,-1,-1,-1,-1
231,1,780,292,415,337,-1,-1,-1,-1
231,2,388,251,976,271,-1,-1,-1,-1
232,1,780,291,415,338,-1,-1,-1,-1
232,2,389,251,975,272,-1,-1,-1,-1
233,1,779,291,417,339,-1,-1,-1,-1
233,2,388,251,976,272,-1,-1,-1,-1
234,1,780,291,415,338,-1,-1,-1,-1
234,2,386,251,978,272,-1,-1,-1,-1
235,1,780,290,415,340,-1,-1,-1,-1
235,2,385,251,978,271,-1,-1,-1,-1
236,1,780,290,416,340,-1,-1,-1,-1
236,2,385,251,977,270,-1,-1,-1,-1
237,1,779,290,417,340,-1,-1,-1,-1
237,2,385,252,978,270,-1,-1,-1,-1
238,1,779,290,417,340,-1,-1,-1,-1
238,2,385,253,977,268,-1,-1,-1,-1
239,1,779,290,417,340,-1,-1,-1,-1
239,2,383,253,979,268,-1,-1,-1,-1
240,1,779,290,417,340,-1,-1,-1,-1
240,2,381,253,981,268,-1,-1,-1,-1
241,1,779,290,417,340,-1,-1,-1,-1
241,2,380,253,982,268,-1,-1,-1,-1
242,1,779,290,417,340,-1,-1,-1,-1
242,2,380,253,982,269,-1,-1,-1,-1
243,1,779,290,416,340,-1,-1,-1,-1
243,2,377,252,985,270,-1,-1,-1,-1
244,1,779,290,417,340,-1,-1,-1,-1
244,2,376,253,985,268,-1,-1,-1,-1
245,1,779,290,417,340,-1,-1,-1,-1
245,2,375,253,986,269,-1,-1,-1,-1
246,1,779,290,417,340,-1,-1,-1,-1
246,2,374,252,988,270,-1,-1,-1,-1
247,1,779,290,417,340,-1,-1,-1,-1
247,2,374,252,986,269,-1,-1,-1,-1
248,1,778,290,417,340,-1,-1,-1,-1
248,2,373,251,988,270,-1,-1,-1,-1
249,1,778,290,417,340,-1,-1,-1,-1
249,2,372,251,989,271,-1,-1,-1,-1
250,1,778,291,418,339,-1,-1,-1,-1
250,2,372,251,989,271,-1,-1,-1,-1
251,1,779,292,416,337,-1,-1,-1,-1
251,2,372,252,989,270,-1,-1,-1,-1
252,1,779,292,416,337,-1,-1,-1,-1
252,2,372,253,988,268,-1,-1,-1,-1
253,1,780,291,415,338,-1,-1,-1,-1
253,2,372,253,988,268,-1,-1,-1,-1
254,1,779,290,417,340,-1,-1,-1,-1
254,2,372,253,988,268,-1,-1,-1,-1
255,1,779,290,417,340,-1,-1,-1,-1
255,2,372,253,987,268,-1,-1,-1,-1
256,1,779,290,417,340,-1,-1,-1,-1
256,2,372,253,987,269,-1,-1,-1,-1
257,1,779,290,417,340,-1,-1,-1,-1
257,2,371,253,989,270,-1,-1,-1,-1
258,1,779,290,417,340,-1,-1,-1,-1
258,2,372,252,988,271,-1,-1,-1,-1
259,1,778,290,418,340,-1,-1,-1,-1
259,2,372,252,988,270,-1,-1,-1,-1
260,1,778,290,418,340,-1,-1,-1,-1
260,2,372,253,987,268,-1,-1,-1,-1
261,1,778,290,418,340,-1,-1,-1,-1
261,2,372,253,987,269,-1,-1,-1,-1
262,1,778,290,418,340,-1,-1,-1,-1
262,2,371,252,989,271,-1,-1,-1,-1
263,1,778,290,418,339,-1,-1,-1,-1
263,2,371,252,989,271,-1,-1,-1,-1
264,1,778,290,417,338,-1,-1,-1,-1
264,2,371,252,989,271,-1,-1,-1,-1
265,1,777,289,418,339,-1,-1,-1,-1
265,2,371,252,989,271,-1,-1,-1,-1
266,1,777,289,418,339,-1,-1,-1,-1
266,2,371,252,989,271,-1,-1,-1,-1
267,1,778,290,417,339,-1,-1,-1,-1
267,2,371,252,989,271,-1,-1,-1,-1
268,1,777,290,419,339,-1,-1,-1,-1
268,2,371,252,989,271,-1,-1,-1,-1
269,1,778,291,417,337,-1,-1,-1,-1
269,2,370,252,990,271,-1,-1,-1,-1
270,1,778,291,417,337,-1,-1,-1,-1
270,2,370,252,990,271,-1,-1,-1,-1
271,1,778,291,417,337,-1,-1,-1,-1
271,2,371,252,988,271,-1,-1,-1,-1
272,1,778,291,417,337,-1,-1,-1,-1
272,2,370,252,990,272,-1,-1,-1,-1
273,1,778,291,417,337,-1,-1,-1,-1
273,2,371,252,988,271,-1,-1,-1,-1
274,1,778,291,417,337,-1,-1,-1,-1
274,2,370,252,990,272,-1,-1,-1,-1
275,1,778,291,417,337,-1,-1,-1,-1
275,2,371,252,989,271,-1,-1,-1,-1
276,1,778,291,417,338,-1,-1,-1,-1
276,2,370,252,991,271,-1,-1,-1,-1
277,1,777,290,419,340,-1,-1,-1,-1
277,2,371,253,989,269,-1,-1,-1,-1
278,1,777,290,419,340,-1,-1,-1,-1
278,2,371,253,989,269,-1,-1,-1,-1
279,1,777,290,419,340,-1,-1,-1,-1
279,2,371,252,989,270,-1,-1,-1,-1
280,1,777,290,419,340,-1,-1,-1,-1
280,2,370,252,991,271,-1,-1,-1,-1
281,1,777,290,419,340,-1,-1,-1,-1
281,2,371,253,989,269,-1,-1,-1,-1
282,1,777,290,419,340,-1,-1,-1,-1
282,2,371,253,989,269,-1,-1,-1,-1
283,1,777,290,419,340,-1,-1,-1,-1
283,2,371,253,989,269,-1,-1,-1,-1
284,1,777,290,419,340,-1,-1,-1,-1
284,2,372,253,988,269,-1,-1,-1,-1
285,1,777,290,419,340,-1,-1,-1,-1
285,2,371,253,989,269,-1,-1,-1,-1
286,1,777,290,419,339,-1,-1,-1,-1
286,2,371,253,989,269,-1,-1,-1,-1
287,1,778,291,417,338,-1,-1,-1,-1
287,2,371,253,989,269,-1,-1,-1,-1
288,1,777,290,419,340,-1,-1,-1,-1
288,2,371,253,989,269,-1,-1,-1,-1
289,1,777,290,419,340,-1,-1,-1,-1
289,2,371,253,989,269,-1,-1,-1,-1
290,1,777,290,419,340,-1,-1,-1,-1
290,2,371,253,989,269,-1,-1,-1,-1
291,1,777,290,419,340,-1,-1,-1,-1
291,2,371,253,989,269,-1,-1,-1,-1
292,1,777,290,419,339,-1,-1,-1,-1
292,2,371,253,989,269,-1,-1,-1,-1
293,1,778,291,417,338,-1,-1,-1,-1
293,2,370,252,991,270,-1,-1,-1,-1
294,1,777,290,419,340,-1,-1,-1,-1
294,2,371,253,989,268,-1,-1,-1,-1
295,1,777,290,419,340,-1,-1,-1,-1
295,2,371,253,989,268,-1,-1,-1,-1
296,1,777,290,419,340,-1,-1,-1,-1
296,2,371,253,989,268,-1,-1,-1,-1
297,1,756,298,407,326,-1,-1,-1,-1
297,2,372,252,988,268,-1,-1,-1,-1
298,1,756,301,404,323,-1,-1,-1,-1
298,2,375,251,982,268,-1,-1,-1,-1
299,1,759,297,398,324,-1,-1,-1,-1
299,2,370,249,990,269,-1,-1,-1,-1
300,1,761,296,393,324,-1,-1,-1,-1
300,2,369,249,992,269,-1,-1,-1,-1
301,1,760,296,392,324,-1,-1,-1,-1
301,2,370,250,990,268,-1,-1,-1,-1
302,1,763,296,388,324,-1,-1,-1,-1
302,2,370,249,989,269,-1,-1,-1,-1
303,1,763,296,387,324,-1,-1,-1,-1
303,2,369,249,991,269,-1,-1,-1,-1
304,1,759,298,393,322,-1,-1,-1,-1
304,2,369,249,991,269,-1,-1,-1,-1
305,1,759,299,391,321,-1,-1,-1,-1
305,2,371,249,988,268,-1,-1,-1,-1
306,1,756,298,390,320,-1,-1,-1,-1
306,2,371,250,987,268,-1,-1,-1,-1
307,1,757,300,389,320,-1,-1,-1,-1
307,2,370,249,989,269,-1,-1,-1,-1
308,1,758,300,385,319,-1,-1,-1,-1
308,2,371,249,987,268,-1,-1,-1,-1
309,1,757,301,385,319,-1,-1,-1,-1
309,2,370,249,988,268,-1,-1,-1,-1
310,1,757,301,382,319,-1,-1,-1,-1
310,2,370,249,988,268,-1,-1,-1,-1
311,1,757,301,381,319,-1,-1,-1,-1
311,2,371,250,986,267,-1,-1,-1,-1
312,1,756,300,382,319,-1,-1,-1,-1
312,2,371,249,986,268,-1,-1,-1,-1
313,1,755,300,379,317,-1,-1,-1,-1
313,2,371,249,985,268,-1,-1,-1,-1
314,1,755,300,379,317,-1,-1,-1,-1
314,2,370,249,986,268,-1,-1,-1,-1
315,1,752,301,381,315,-1,-1,-1,-1
315,2,370,249,986,268,-1,-1,-1,-1
316,1,754,302,376,315,-1,-1,-1,-1
316,2,370,249,986,268,-1,-1,-1,-1
317,1,753,301,376,316,-1,-1,-1,-1
317,2,370,249,986,268,-1,-1,-1,-1
318,1,752,300,375,316,-1,-1,-1,-1
318,2,370,249,986,268,-1,-1,-1,-1
319,1,750,301,375,314,-1,-1,-1,-1
319,2,370,249,986,268,-1,-1,-1,-1
320,1,751,301,372,315,-1,-1,-1,-1
320,2,369,248,988,270,-1,-1,-1,-1
321,1,751,301,370,314,-1,-1,-1,-1
321,2,369,248,988,270,-1,-1,-1,-1
322,1,749,301,371,313,-1,-1,-1,-1
322,2,369,248,988,269,-1,-1,-1,-1
323,1,750,301,366,312,-1,-1,-1,-1
323,2,370,248,986,268,-1,-1,-1,-1
324,1,747,301,368,312,-1,-1,-1,-1
324,2,370,249,985,268,-1,-1,-1,-1
325,1,748,302,366,310,-1,-1,-1,-1
325,2,369,248,987,270,-1,-1,-1,-1
326,1,748,303,363,309,-1,-1,-1,-1
326,2,369,249,987,269,-1,-1,-1,-1
327,1,746,304,365,308,-1,-1,-1,-1
327,2,370,250,985,267,-1,-1,-1,-1
328,1,746,304,361,308,-1,-1,-1,-1
328,2,369,250,986,267,-1,-1,-1,-1
329,1,745,305,360,307,-1,-1,-1,-1
329,2,369,250,986,267,-1,-1,-1,-1
330,1,745,305,359,306,-1,-1,-1,-1
330,2,368,249,989,268,-1,-1,-1,-1
331,1,745,306,356,304,-1,-1,-1,-1
331,2,369,250,986,267,-1,-1,-1,-1
332,1,744,307,355,304,-1,-1,-1,-1
332,2,369,249,986,268,-1,-1,-1,-1
333,1,743,307,354,302,-1,-1,-1,-1
333,2,368,249,989,268,-1,-1,-1,-1
334,1,744,306,351,302,-1,-1,-1,-1
334,2,369,250,987,266,-1,-1,-1,-1
335,1,741,307,351,302,-1,-1,-1,-1
335,2,369,249,988,267,-1,-1,-1,-1
336,1,740,308,349,300,-1,-1,-1,-1
336,2,368,248,990,268,-1,-1,-1,-1
337,1,741,307,344,301,-1,-1,-1,-1
337,2,369,248,988,268,-1,-1,-1,-1
338,1,739,307,343,301,-1,-1,-1,-1
338,2,369,248,989,268,-1,-1,-1,-1
339,1,737,307,344,302,-1,-1,-1,-1
339,2,369,248,990,268,-1,-1,-1,-1
340,1,736,306,343,302,-1,-1,-1,-1
340,2,369,248,990,268,-1,-1,-1,-1
341,1,739,305,337,302,-1,-1,-1,-1
341,2,369,248,990,268,-1,-1,-1,-1
342,1,737,305,338,303,-1,-1,-1,-1
342,2,369,248,990,268,-1,-1,-1,-1
343,1,736,306,335,301,-1,-1,-1,-1
343,2,369,248,990,268,-1,-1,-1,-1
344,1,734,308,336,300,-1,-1,-1,-1
344,2,369,248,990,268,-1,-1,-1,-1
345,1,735,307,332,300,-1,-1,-1,-1
345,2,369,248,990,268,-1,-1,-1,-1
346,1,733,309,333,297,-1,-1,-1,-1
346,2,370,248,989,268,-1,-1,-1,-1
347,1,733,307,330,298,-1,-1,-1,-1
347,2,369,248,990,268,-1,-1,-1,-1
348,1,731,308,330,296,-1,-1,-1,-1
348,2,369,248,990,268,-1,-1,-1,-1
349,1,730,309,330,294,-1,-1,-1,-1
349,2,369,249,989,266,-1,-1,-1,-1
350,1,728,310,331,293,-1,-1,-1,-1
350,2,370,249,988,267,-1,-1,-1,-1
351,1,729,309,325,293,-1,-1,-1,-1
351,2,368,248,992,268,-1,-1,-1,-1
352,1,728,309,324,293,-1,-1,-1,-1
352,2,369,248,990,268,-1,-1,-1,-1
353,1,726,311,324,291,-1,-1,-1,-1
353,2,368,247,992,269,-1,-1,-1,-1
354,1,725,312,323,289,-1,-1,-1,-1
354,2,368,247,992,268,-1,-1,-1,-1
355,1,724,311,322,288,-1,-1,-1,-1
355,2,368,247,992,268,-1,-1,-1,-1
356,1,722,311,323,288,-1,-1,-1,-1
356,2,369,247,990,268,-1,-1,-1,-1
357,1,723,315,320,284,-1,-1,-1,-1
357,2,368,248,991,268,-1,-1,-1,-1
358,1,723,313,317,285,-1,-1,-1,-1
358,2,368,248,991,268,-1,-1,-1,-1
359,1,721,315,318,283,-1,-1,-1,-1
359,2,368,250,990,266,-1,-1,-1,-1
360,1,720,316,316,282,-1,-1,-1,-1
360,2,368,250,991,266,-1,-1,-1,-1
361,1,719,312,315,287,-1,-1,-1,-1
361,2,369,251,988,264,-1,-1,-1,-1
362,1,717,314,316,285,-1,-1,-1,-1
362,2,369,251,988,265,-1,-1,-1,-1
363,1,717,312,312,285,-1,-1,-1,-1
363,2,368,250,990,266,-1,-1,-1,-1
364,1,715,310,312,286,-1,-1,-1,-1
364,2,369,251,988,264,-1,-1,-1,-1
365,1,714,311,313,286,-1,-1,-1,-1
365,2,369,251,988,264,-1,-1,-1,-1
366,1,714,312,310,286,-1,-1,-1,-1
366,2,369,251,988,264,-1,-1,-1,-1
367,1,714,312,309,287,-1,-1,-1,-1
367,2,369,251,988,264,-1,-1,-1,-1
368,1,711,312,311,287,-1,-1,-1,-1
368,2,369,250,988,265,-1,-1,-1,-1
369,1,711,313,309,285,-1,-1,-1,-1
369,2,369,250,988,265,-1,-1,-1,-1
370,1,710,313,310,283,-1,-1,-1,-1
370,2,370,251,986,263,-1,-1,-1,-1
371,1,709,315,310,281,-1,-1,-1,-1
371,2,370,251,987,263,-1,-1,-1,-1
372,1,706,313,309,281,-1,-1,-1,-1
372,2,370,251,987,263,-1,-1,-1,-1
373,1,704,316,311,279,-1,-1,-1,-1
373,2,370,251,987,264,-1,-1,-1,-1
374,1,706,315,306,279,-1,-1,-1,-1
374,2,370,250,988,265,-1,-1,-1,-1
375,1,705,313,307,280,-1,-1,-1,-1
375,2,371,251,986,263,-1,-1,-1,-1
376,1,702,315,310,278,-1,-1,-1,-1
376,2,372,251,985,263,-1,-1,-1,-1
377,1,700,315,310,277,-1,-1,-1,-1
377,2,372,251,985,263,-1,-1,-1,-1
378,1,701,315,307,276,-1,-1,-1,-1
378,2,372,251,985,263,-1,-1,-1,-1
379,1,700,314,307,277,-1,-1,-1,-1
379,2,372,251,985,263,-1,-1,-1,-1
380,1,698,313,309,278,-1,-1,-1,-1
380,2,373,251,985,263,-1,-1,-1,-1
381,1,696,314,310,276,-1,-1,-1,-1
381,2,372,251,986,264,-1,-1,-1,-1
382,1,697,314,307,275,-1,-1,-1,-1
382,2,371,250,988,265,-1,-1,-1,-1
383,1,697,314,306,275,-1,-1,-1,-1
383,2,372,251,986,263,-1,-1,-1,-1
384,1,695,315,307,274,-1,-1,-1,-1
384,2,372,251,986,264,-1,-1,-1,-1
385,1,694,316,307,272,-1,-1,-1,-1
385,2,371,250,988,266,-1,-1,-1,-1
386,1,695,315,304,272,-1,-1,-1,-1
386,2,371,250,988,265,-1,-1,-1,-1
387,1,694,315,304,272,-1,-1,-1,-1
387,2,372,251,986,263,-1,-1,-1,-1
388,1,691,315,307,273,-1,-1,-1,-1
388,2,372,251,986,263,-1,-1,-1,-1
389,1,690,316,306,271,-1,-1,-1,-1
389,2,374,251,984,263,-1,-1,-1,-1
390,1,691,316,304,270,-1,-1,-1,-1
390,2,374,251,983,263,-1,-1,-1,-1
391,1,692,316,301,270,-1,-1,-1,-1
391,2,373,251,984,263,-1,-1,-1,-1
392,1,691,315,301,271,-1,-1,-1,-1
392,2,373,251,984,263,-1,-1,-1,-1
393,1,688,316,303,271,-1,-1,-1,-1
393,2,373,251,984,263,-1,-1,-1,-1
394,1,688,317,303,270,-1,-1,-1,-1
394,2,373,251,984,263,-1,-1,-1,-1
395,1,689,316,299,269,-1,-1,-1,-1
395,2,372,250,986,264,-1,-1,-1,-1
396,1,688,316,300,269,-1,-1,-1,-1
396,2,373,250,984,264,-1,-1,-1,-1
397,1,686,317,301,269,-1,-1,-1,-1
397,2,373,249,985,266,-1,-1,-1,-1
398,1,687,318,298,269,-1,-1,-1,-1
398,2,373,249,985,265,-1,-1,-1,-1
399,1,688,317,296,268,-1,-1,-1,-1
399,2,374,249,983,264,-1,-1,-1,-1
400,1,688,317,296,268,-1,-1,-1,-1
400,2,374,249,983,264,-1,-1,-1,-1
401,1,686,317,297,269,-1,-1,-1,-1
401,2,372,250,987,264,-1,-1,-1,-1
402,1,685,319,298,268,-1,-1,-1,-1
402,2,372,251,986,264,-1,-1,-1,-1
403,1,684,320,297,267,-1,-1,-1,-1
403,2,371,251,988,264,-1,-1,-1,-1
404,1,683,320,296,267,-1,-1,-1,-1
404,2,371,250,988,264,-1,-1,-1,-1
405,1,681,319,298,267,-1,-1,-1,-1
405,2,372,251,986,262,-1,-1,-1,-1
406,1,683,318,293,267,-1,-1,-1,-1
406,2,372,251,987,262,-1,-1,-1,-1
407,1,682,318,293,267,-1,-1,-1,-1
407,2,372,251,987,262,-1,-1,-1,-1
408,1,681,318,293,267,-1,-1,-1,-1
408,2,372,251,987,262,-1,-1,-1,-1
409,1,679,317,294,268,-1,-1,-1,-1
409,2,372,251,987,262,-1,-1,-1,-1
410,1,678,320,294,264,-1,-1,-1,-1
410,2,372,251,988,262,-1,-1,-1,-1
411,1,679,319,291,265,-1,-1,-1,-1
411,2,372,250,988,263,-1,-1,-1,-1
412,1,679,318,289,266,-1,-1,-1,-1
412,2,371,250,989,264,-1,-1,-1,-1
413,1,678,318,290,266,-1,-1,-1,-1
413,2,372,251,987,262,-1,-1,-1,-1
414,1,677,316,289,267,-1,-1,-1,-1
414,2,374,250,984,263,-1,-1,-1,-1
415,1,676,318,291,265,-1,-1,-1,-1
415,2,373,249,986,265,-1,-1,-1,-1
416,1,675,319,290,264,-1,-1,-1,-1
416,2,373,249,986,265,-1,-1,-1,-1
417,1,674,321,290,261,-1,-1,-1,-1
417,2,374,249,985,265,-1,-1,-1,-1
418,1,674,320,287,262,-1,-1,-1,-1
418,2,374,249,985,265,-1,-1,-1,-1
419,1,673,319,288,263,-1,-1,-1,-1
419,2,374,249,985,265,-1,-1,-1,-1
420,1,671,313,292,265,-1,-1,-1,-1
420,2,374,249,984,265,-1,-1,-1,-1
421,1,669,319,289,263,-1,-1,-1,-1
421,2,374,249,985,265,-1,-1,-1,-1
422,1,669,316,287,265,-1,-1,-1,-1
422,2,375,250,983,264,-1,-1,-1,-1
423,1,669,315,286,266,-1,-1,-1,-1
423,2,374,249,985,265,-1,-1,-1,-1
424,1,667,316,288,266,-1,-1,-1,-1
424,2,374,249,985,264,-1,-1,-1,-1
425,1,667,316,286,265,-1,-1,-1,-1
425,2,375,250,983,264,-1,-1,-1,-1
426,1,666,314,286,267,-1,-1,-1,-1
426,2,374,249,984,266,-1,-1,-1,-1
427,1,664,314,287,267,-1,-1,-1,-1
427,2,375,249,982,265,-1,-1,-1,-1
428,1,664,316,287,265,-1,-1,-1,-1
428,2,374,249,985,266,-1,-1,-1,-1
429,1,662,317,288,263,-1,-1,-1,-1
429,2,374,249,985,266,-1,-1,-1,-1
430,1,662,318,286,262,-1,-1,-1,-1
430,2,374,249,985,266,-1,-1,-1,-1
431,1,660,319,289,261,-1,-1,-1,-1
431,2,374,249,985,266,-1,-1,-1,-1
432,1,659,317,288,261,-1,-1,-1,-1
432,2,374,249,985,266,-1,-1,-1,-1
433,1,658,319,288,260,-1,-1,-1,-1
433,2,373,249,987,267,-1,-1,-1,-1
434,1,658,322,288,256,-1,-1,-1,-1
434,2,374,249,985,266,-1,-1,-1,-1
435,1,657,321,286,255,-1,-1,-1,-1
435,2,373,249,987,266,-1,-1,-1,-1
436,1,657,317,285,259,-1,-1,-1,-1
436,2,374,249,985,266,-1,-1,-1,-1
437,1,655,318,287,258,-1,-1,-1,-1
437,2,373,248,987,267,-1,-1,-1,-1
438,1,654,320,286,256,-1,-1,-1,-1
438,2,374,249,985,266,-1,-1,-1,-1
439,1,654,321,285,254,-1,-1,-1,-1
439,2,373,248,987,268,-1,-1,-1,-1
440,1,652,322,287,254,-1,-1,-1,-1
440,2,373,248,987,268,-1,-1,-1,-1
441,1,652,325,286,251,-1,-1,-1,-1
441,2,374,249,985,267,-1,-1,-1,-1
442,1,652,325,285,249,-1,-1,-1,-1
442,2,374,248,986,269,-1,-1,-1,-1
443,1,650,323,285,252,-1,-1,-1,-1
443,2,374,248,984,268,-1,-1,-1,-1
444,1,650,322,284,253,-1,-1,-1,-1
444,2,374,248,984,269,-1,-1,-1,-1
445,1,648,323,287,253,-1,-1,-1,-1
445,2,374,248,984,270,-1,-1,-1,-1
446,1,648,322,285,252,-1,-1,-1,-1
446,2,373,247,986,272,-1,-1,-1,-1
447,1,648,322,284,252,-1,-1,-1,-1
447,2,373,248,986,271,-1,-1,-1,-1
448,1,646,323,286,251,-1,-1,-1,-1
448,2,373,248,986,271,-1,-1,-1,-1
449,1,646,325,284,249,-1,-1,-1,-1
449,2,373,248,987,271,-1,-1,-1,-1
450,1,647,326,281,248,-1,-1,-1,-1
450,2,373,248,987,270,-1,-1,-1,-1
451,1,647,324,283,250,-1,-1,-1,-1
451,2,373,248,987,270,-1,-1,-1,-1
452,1,645,323,282,251,-1,-1,-1,-1
452,2,373,248,987,270,-1,-1,-1,-1
453,1,644,324,283,251,-1,-1,-1,-1
453,2,372,248,989,270,-1,-1,-1,-1
454,1,645,325,283,249,-1,-1,-1,-1
454,2,373,248,987,270,-1,-1,-1,-1
455,1,645,324,281,250,-1,-1,-1,-1
455,2,373,248,987,270,-1,-1,-1,-1
456,1,644,325,282,249,-1,-1,-1,-1
456,2,372,248,989,270,-1,-1,-1,-1
457,1,644,326,281,248,-1,-1,-1,-1
457,2,372,249,989,269,-1,-1,-1,-1
458,1,643,327,282,247,-1,-1,-1,-1
458,2,372,249,989,269,-1,-1,-1,-1
459,1,645,329,278,245,-1,-1,-1,-1
459,2,372,249,989,269,-1,-1,-1,-1
460,1,644,325,276,249,-1,-1,-1,-1
460,2,372,248,989,269,-1,-1,-1,-1
461,1,642,325,279,250,-1,-1,-1,-1
461,2,372,248,988,268,-1,-1,-1,-1
462,1,642,325,279,249,-1,-1,-1,-1
462,2,373,249,986,267,-1,-1,-1,-1
463,1,643,324,276,249,-1,-1,-1,-1
463,2,373,249,986,268,-1,-1,-1,-1
464,1,641,325,278,250,-1,-1,-1,-1
464,2,372,248,988,270,-1,-1,-1,-1
465,1,641,325,278,249,-1,-1,-1,-1
465,2,372,248,988,269,-1,-1,-1,-1
466,1,640,326,278,248,-1,-1,-1,-1
466,2,372,249,987,267,-1,-1,-1,-1
467,1,641,327,275,246,-1,-1,-1,-1
467,2,372,248,987,268,-1,-1,-1,-1
468,1,638,329,278,244,-1,-1,-1,-1
468,2,370,247,990,269,-1,-1,-1,-1
469,1,638,330,278,242,-1,-1,-1,-1
469,2,370,247,990,269,-1,-1,-1,-1
470,1,639,327,275,243,-1,-1,-1,-1
470,2,370,247,990,269,-1,-1,-1,-1
471,1,637,327,276,244,-1,-1,-1,-1
471,2,371,248,988,269,-1,-1,-1,-1
472,1,636,327,277,243,-1,-1,-1,-1
472,2,370,247,990,271,-1,-1,-1,-1
473,1,636,328,277,242,-1,-1,-1,-1
473,2,370,247,990,271,-1,-1,-1,-1
474,1,637,328,274,242,-1,-1,-1,-1
474,2,370,247,990,271,-1,-1,-1,-1
475,1,635,327,276,243,-1,-1,-1,-1
475,2,370,247,990,270,-1,-1,-1,-1
476,1,634,328,276,241,-1,-1,-1,-1
476,2,370,248,989,269,-1,-1,-1,-1
477,1,634,328,275,241,-1,-1,-1,-1
477,2,369,247,991,271,-1,-1,-1,-1
478,1,632,328,277,242,-1,-1,-1,-1
478,2,369,248,991,269,-1,-1,-1,-1
479,1,631,328,277,241,-1,-1,-1,-1
479,2,370,248,989,268,-1,-1,-1,-1
480,1,632,329,274,239,-1,-1,-1,-1
480,2,369,247,991,269,-1,-1,-1,-1
481,1,632,329,274,239,-1,-1,-1,-1
481,2,369,248,991,269,-1,-1,-1,-1
482,1,632,329,273,239,-1,-1,-1,-1
482,2,368,248,993,270,-1,-1,-1,-1
483,1,629,329,274,239,-1,-1,-1,-1
483,2,367,248,995,269,-1,-1,-1,-1
484,1,628,329,274,240,-1,-1,-1,-1
484,2,368,248,993,268,-1,-1,-1,-1
485,1,626,328,276,241,-1,-1,-1,-1
485,2,368,247,993,269,-1,-1,-1,-1
486,1,627,329,273,239,-1,-1,-1,-1
486,2,368,247,993,269,-1,-1,-1,-1
487,1,626,328,275,240,-1,-1,-1,-1
487,2,367,247,995,269,-1,-1,-1,-1
488,1,624,328,276,240,-1,-1,-1,-1
488,2,368,248,993,267,-1,-1,-1,-1
489,1,624,329,274,239,-1,-1,-1,-1
489,2,368,248,993,267,-1,-1,-1,-1
490,1,625,328,270,238,-1,-1,-1,-1
490,2,367,247,995,268,-1,-1,-1,-1
491,1,623,329,272,237,-1,-1,-1,-1
491,2,367,248,995,267,-1,-1,-1,-1
492,1,624,329,269,236,-1,-1,-1,-1
492,2,368,249,993,265,-1,-1,-1,-1
493,1,623,327,270,239,-1,-1,-1,-1
493,2,368,249,993,265,-1,-1,-1,-1
494,1,622,326,271,240,-1,-1,-1,-1
494,2,369,249,992,265,-1,-1,-1,-1
495,1,621,327,271,239,-1,-1,-1,-1
495,2,369,249,992,265,-1,-1,-1,-1
496,1,622,328,268,238,-1,-1,-1,-1
496,2,368,249,993,265,-1,-1,-1,-1
497,1,620,328,269,238,-1,-1,-1,-1
497,2,369,249,991,265,-1,-1,-1,-1
498,1,620,329,268,237,-1,-1,-1,-1
498,2,368,248,994,266,-1,-1,-1,-1
499,1,621,330,265,236,-1,-1,-1,-1
499,2,369,249,992,264,-1,-1,-1,-1
500,1,620,329,266,237,-1,-1,-1,-1
500,2,369,249,991,264,-1,-1,-1,-1
501,1,620,330,263,235,-1,-1,-1,-1
501,2,369,249,992,264,-1,-1,-1,-1
502,1,617,329,265,236,-1,-1,-1,-1
502,2,369,249,991,264,-1,-1,-1,-1
503,1,617,330,263,234,-1,-1,-1,-1
503,2,369,249,991,264,-1,-1,-1,-1
504,1,616,329,263,235,-1,-1,-1,-1
504,2,369,249,991,264,-1,-1,-1,-1
505,1,615,329,264,235,-1,-1,-1,-1
505,2,369,249,991,264,-1,-1,-1,-1
