3,1,134,73,1785,432,-1,-1,-1,-1
3,2,84,331,414,129,-1,-1,-1,-1
4,1,132,73,1787,433,-1,-1,-1,-1
4,2,84,331,416,129,-1,-1,-1,-1
5,1,134,73,1785,433,-1,-1,-1,-1
5,2,86,332,414,129,-1,-1,-1,-1
6,1,134,74,1785,433,-1,-1,-1,-1
6,2,87,332,413,129,-1,-1,-1,-1
7,1,135,74,1784,431,-1,-1,-1,-1
7,2,88,332,415,128,-1,-1,-1,-1
8,1,137,74,1782,431,-1,-1,-1,-1
8,2,89,332,416,128,-1,-1,-1,-1
9,1,139,74,1780,432,-1,-1,-1,-1
9,2,91,331,414,129,-1,-1,-1,-1
10,1,139,71,1780,434,-1,-1,-1,-1
10,2,90,331,415,129,-1,-1,-1,-1
11,1,141,70,1778,435,-1,-1,-1,-1
11,2,91,331,417,130,-1,-1,-1,-1
12,1,141,71,1778,435,-1,-1,-1,-1
12,2,95,331,413,129,-1,-1,-1,-1
13,1,142,72,1777,434,-1,-1,-1,-1
13,2,96,331,411,128,-1,-1,-1,-1
14,1,143,72,1776,434,-1,-1,-1,-1
14,2,96,330,413,130,-1,-1,-1,-1
15,1,145,72,1774,433,-1,-1,-1,-1
15,2,98,330,413,131,-1,-1,-1,-1
16,1,146,71,1773,432,-1,-1,-1,-1
16,2,100,331,414,130,-1,-1,-1,-1
17,1,147,70,1772,434,-1,-1,-1,-1
17,2,101,330,413,130,-1,-1,-1,-1
18,1,148,72,1771,432,-1,-1,-1,-1
18,2,102,330,414,131,-1,-1,-1,-1
19,1,151,72,1768,431,-1,-1,-1,-1
19,2,103,330,415,131,-1,-1,-1,-1
20,1,151,71,1768,433,-1,-1,-1,-1
20,2,104,329,415,132,-1,-1,-1,-1
21,1,151,71,1768,433,-1,-1,-1,-1
21,2,106,329,412,132,-1,-1,-1,-1
22,1,153,70,1766,434,-1,-1,-1,-1
22,2,109,330,410,131,-1,-1,-1,-1
23,1,154,71,1765,432,-1,-1,-1,-1
23,2,109,330,411,131,-1,-1,-1,-1
24,1,156,70,1763,434,-1,-1,-1,-1
24,2,111,330,409,131,-1,-1,-1,-1
25,1,157,71,1762,433,-1,-1,-1,-1
25,2,110,329,412,132,-1,-1,-1,-1
26,1,159,71,1760,433,-1,-1,-1,-1
26,2,112,330,410,131,-1,-1,-1,-1
27,1,159,72,1760,432,-1,-1,-1,-1
27,2,115,330,410,130,-1,-1,-1,-1
28,1,161,73,1758,432,-1,-1,-1,-1
28,2,116,329,409,131,-1,-1,-1,-1
29,1,163,70,1756,435,-1,-1,-1,-1
29,2,117,330,411,130,-1,-1,-1,-1
30,1,164,68,1755,437,-1,-1,-1,-1
30,2,121,330,408,129,-1,-1,-1,-1
31,1,164,70,1755,435,-1,-1,-1,-1
31,2,121,330,409,130,-1,-1,-1,-1
32,1,166,69,1753,437,-1,-1,-1,-1
32,2,123,331,408,130,-1,-1,-1,-1
33,1,165,68,1754,438,-1,-1,-1,-1
33,2,126,331,405,129,-1,-1,-1,-1
34,1,166,69,1753,436,-1,-1,-1,-1
34,2,127,331,405,129,-1,-1,-1,-1
35,1,168,67,1751,437,-1,-1,-1,-1
35,2,127,331,406,129,-1,-1,-1,-1
36,1,168,66,1751,437,-1,-1,-1,-1
36,2,129,330,409,130,-1,-1,-1,-1
37,1,169,69,1750,435,-1,-1,-1,-1
37,2,130,331,408,130,-1,-1,-1,-1
38,1,172,69,1747,435,-1,-1,-1,-1
38,2,132,332,409,129,-1,-1,-1,-1
39,1,174,68,1745,435,-1,-1,-1,-1
39,2,135,333,405,127,-1,-1,-1,-1
40,1,176,68,1743,436,-1,-1,-1,-1
40,2,136,333,406,128,-1,-1,-1,-1
41,1,177,68,1742,436,-1,-1,-1,-1
41,2,136,332,408,129,-1,-1,-1,-1
42,1,180,66,1739,438,-1,-1,-1,-1
42,2,138,333,406,129,-1,-1,-1,-1
43,1,183,64,1736,440,-1,-1,-1,-1
43,2,138,331,408,130,-1,-1,-1,-1
44,1,184,65,1735,440,-1,-1,-1,-1
44,2,139,333,407,129,-1,-1,-1,-1
45,1,186,65,1733,439,-1,-1,-1,-1
45,2,141,333,409,129,-1,-1,-1,-1
46,1,187,65,1732,439,-1,-1,-1,-1
46,2,142,333,406,128,-1,-1,-1,-1
47,1,191,68,1728,436,-1,-1,-1,-1
47,2,144,334,409,127,-1,-1,-1,-1
48,1,193,67,1726,437,-1,-1,-1,-1
48,2,146,334,406,128,-1,-1,-1,-1
49,1,197,66,1722,438,-1,-1,-1,-1
49,2,149,333,405,129,-1,-1,-1,-1
50,1,196,65,1723,440,-1,-1,-1,-1
50,2,150,333,405,129,-1,-1,-1,-1
51,1,197,66,1722,438,-1,-1,-1,-1
51,2,153,334,403,127,-1,-1,-1,-1
52,1,198,67,1721,438,-1,-1,-1,-1
52,2,156,333,401,131,-1,-1,-1,-1
53,1,201,67,1718,439,-1,-1,-1,-1
53,2,156,333,408,131,-1,-1,-1,-1
54,1,202,67,1717,439,-1,-1,-1,-1
54,2,158,333,402,130,-1,-1,-1,-1
55,1,206,64,1713,442,-1,-1,-1,-1
55,2,160,332,405,132,-1,-1,-1,-1
56,1,206,65,1713,440,-1,-1,-1,-1
56,2,160,332,404,132,-1,-1,-1,-1
57,1,208,69,1711,435,-1,-1,-1,-1
57,2,161,333,407,131,-1,-1,-1,-1
58,1,211,66,1708,440,-1,-1,-1,-1
58,2,163,334,402,130,-1,-1,-1,-1
59,1,210,66,1709,438,-1,-1,-1,-1
59,2,166,335,403,128,-1,-1,-1,-1
60,1,213,66,1706,439,-1,-1,-1,-1
60,2,168,334,401,129,-1,-1,-1,-1
61,1,215,66,1704,439,-1,-1,-1,-1
61,2,172,335,400,128,-1,-1,-1,-1
62,1,217,64,1702,440,-1,-1,-1,-1
62,2,171,334,400,129,-1,-1,-1,-1
63,1,217,64,1702,441,-1,-1,-1,-1
63,2,169,334,405,130,-1,-1,-1,-1
64,1,220,62,1699,445,-1,-1,-1,-1
64,2,174,335,401,128,-1,-1,-1,-1
65,1,220,63,1699,441,-1,-1,-1,-1
65,2,177,335,400,128,-1,-1,-1,-1
66,1,224,62,1695,443,-1,-1,-1,-1
66,2,177,335,403,129,-1,-1,-1,-1
67,1,227,67,1692,438,-1,-1,-1,-1
67,2,178,336,405,128,-1,-1,-1,-1
68,1,228,66,1691,440,-1,-1,-1,-1
68,2,179,336,404,128,-1,-1,-1,-1
69,1,233,66,1686,440,-1,-1,-1,-1
69,2,182,336,404,129,-1,-1,-1,-1
70,1,235,67,1684,440,-1,-1,-1,-1
70,2,181,337,407,127,-1,-1,-1,-1
71,1,238,66,1681,442,-1,-1,-1,-1
71,2,182,338,408,126,-1,-1,-1,-1
72,1,238,66,1681,441,-1,-1,-1,-1
72,2,189,337,400,127,-1,-1,-1,-1
73,1,244,67,1675,439,-1,-1,-1,-1
73,2,192,338,400,125,-1,-1,-1,-1
74,1,246,68,1673,433,-1,-1,-1,-1
74,2,196,338,399,126,-1,-1,-1,-1
75,1,248,67,1671,435,-1,-1,-1,-1
75,2,197,337,400,127,-1,-1,-1,-1
76,1,249,67,1670,436,-1,-1,-1,-1
76,2,199,337,400,127,-1,-1,-1,-1
77,1,250,65,1669,439,-1,-1,-1,-1
77,2,202,336,399,128,-1,-1,-1,-1
78,1,250,68,1669,434,-1,-1,-1,-1
78,2,205,336,397,129,-1,-1,-1,-1
79,1,255,67,1664,437,-1,-1,-1,-1
79,2,206,336,398,129,-1,-1,-1,-1
80,1,255,70,1664,432,-1,-1,-1,-1
80,2,209,336,395,129,-1,-1,-1,-1
81,1,256,69,1663,438,-1,-1,-1,-1
81,2,210,338,397,127,-1,-1,-1,-1
82,1,261,70,1658,432,-1,-1,-1,-1
82,2,214,338,398,127,-1,-1,-1,-1
83,1,259,67,1659,441,-1,-1,-1,-1
83,2,215,337,400,128,-1,-1,-1,-1
84,1,261,65,1657,443,-1,-1,-1,-1
84,2,217,339,400,126,-1,-1,-1,-1
85,1,262,67,1657,436,-1,-1,-1,-1
85,2,221,337,398,126,-1,-1,-1,-1
86,1,265,67,1654,443,-1,-1,-1,-1
86,2,223,337,397,127,-1,-1,-1,-1
87,1,265,67,1654,442,-1,-1,-1,-1
87,2,224,336,399,128,-1,-1,-1,-1
88,1,266,65,1653,444,-1,-1,-1,-1
88,2,226,337,398,128,-1,-1,-1,-1
89,1,267,68,1652,440,-1,-1,-1,-1
89,2,229,337,396,127,-1,-1,-1,-1
90,1,271,69,1648,440,-1,-1,-1,-1
90,2,231,337,396,128,-1,-1,-1,-1
91,1,274,70,1645,440,-1,-1,-1,-1
91,2,231,336,397,130,-1,-1,-1,-1
92,1,277,69,1642,441,-1,-1,-1,-1
92,2,233,337,398,129,-1,-1,-1,-1
93,1,279,68,1640,442,-1,-1,-1,-1
93,2,235,338,397,128,-1,-1,-1,-1
94,1,280,69,1639,442,-1,-1,-1,-1
94,2,239,337,393,129,-1,-1,-1,-1
95,1,285,68,1634,444,-1,-1,-1,-1
95,2,240,337,399,130,-1,-1,-1,-1
96,1,289,68,1630,442,-1,-1,-1,-1
96,2,244,338,396,128,-1,-1,-1,-1
97,1,290,69,1629,440,-1,-1,-1,-1
97,2,246,339,396,126,-1,-1,-1,-1
98,1,293,70,1626,439,-1,-1,-1,-1
98,2,248,339,395,126,-1,-1,-1,-1
99,1,294,71,1625,437,-1,-1,-1,-1
99,2,249,340,396,127,-1,-1,-1,-1
100,1,298,69,1621,439,-1,-1,-1,-1
100,2,251,340,393,126,-1,-1,-1,-1
101,1,300,72,1619,434,-1,-1,-1,-1
101,2,257,340,391,124,-1,-1,-1,-1
102,1,303,71,1616,437,-1,-1,-1,-1
102,2,259,339,390,126,-1,-1,-1,-1
103,1,306,71,1613,438,-1,-1,-1,-1
103,2,259,339,391,127,-1,-1,-1,-1
104,1,305,71,1614,437,-1,-1,-1,-1
104,2,263,340,387,126,-1,-1,-1,-1
105,1,311,70,1608,439,-1,-1,-1,-1
105,2,264,339,388,127,-1,-1,-1,-1
106,1,312,69,1607,441,-1,-1,-1,-1
106,2,265,338,389,129,-1,-1,-1,-1
107,1,313,69,1606,440,-1,-1,-1,-1
107,2,267,339,393,128,-1,-1,-1,-1
108,1,315,69,1604,441,-1,-1,-1,-1
108,2,269,338,395,129,-1,-1,-1,-1
109,1,316,70,1603,439,-1,-1,-1,-1
109,2,271,338,391,130,-1,-1,-1,-1
110,1,319,70,1600,438,-1,-1,-1,-1
110,2,273,338,393,130,-1,-1,-1,-1
111,1,319,70,1600,440,-1,-1,-1,-1
111,2,276,338,392,130,-1,-1,-1,-1
112,1,321,71,1598,439,-1,-1,-1,-1
112,2,278,340,390,128,-1,-1,-1,-1
113,1,327,70,1592,441,-1,-1,-1,-1
113,2,282,340,389,127,-1,-1,-1,-1
114,1,329,70,1590,441,-1,-1,-1,-1
114,2,284,339,389,129,-1,-1,-1,-1
115,1,331,71,1588,439,-1,-1,-1,-1
115,2,283,340,391,128,-1,-1,-1,-1
116,1,334,70,1585,440,-1,-1,-1,-1
116,2,288,341,387,126,-1,-1,-1,-1
117,1,329,79,1588,434,-1,-1,-1,-1
117,2,291,339,388,127,-1,-1,-1,-1
118,1,335,76,1582,438,-1,-1,-1,-1
118,2,294,339,387,126,-1,-1,-1,-1
119,1,335,76,1583,438,-1,-1,-1,-1
119,2,296,340,386,127,-1,-1,-1,-1
120,1,339,74,1579,441,-1,-1,-1,-1
120,2,298,342,389,126,-1,-1,-1,-1
121,1,341,76,1578,437,-1,-1,-1,-1
121,2,301,342,387,124,-1,-1,-1,-1
122,1,345,77,1573,436,-1,-1,-1,-1
122,2,303,342,387,124,-1,-1,-1,-1
123,1,346,76,1572,438,-1,-1,-1,-1
123,2,305,341,387,126,-1,-1,-1,-1
124,1,349,74,1569,442,-1,-1,-1,-1
124,2,305,341,389,127,-1,-1,-1,-1
125,1,351,77,1568,437,-1,-1,-1,-1
125,2,310,338,385,131,-1,-1,-1,-1
126,1,355,76,1563,439,-1,-1,-1,-1
126,2,311,338,389,132,-1,-1,-1,-1
127,1,355,79,1564,434,-1,-1,-1,-1
127,2,314,339,386,129,-1,-1,-1,-1
128,1,356,82,1563,431,-1,-1,-1,-1
128,2,317,341,385,126,-1,-1,-1,-1
129,1,358,76,1560,438,-1,-1,-1,-1
129,2,320,342,387,125,-1,-1,-1,-1
130,1,358,79,1561,434,-1,-1,-1,-1
130,2,321,342,388,126,-1,-1,-1,-1
131,1,361,85,1558,428,-1,-1,-1,-1
131,2,326,343,385,125,-1,-1,-1,-1
132,1,363,80,1556,434,-1,-1,-1,-1
132,2,329,344,384,124,-1,-1,-1,-1
133,1,365,84,1554,428,-1,-1,-1,-1
133,2,330,344,383,124,-1,-1,-1,-1
134,1,368,89,1551,423,-1,-1,-1,-1
134,2,331,343,384,125,-1,-1,-1,-1
135,1,374,91,1544,422,-1,-1,-1,-1
135,2,333,344,382,124,-1,-1,-1,-1
136,1,377,77,1542,437,-1,-1,-1,-1
136,2,336,344,384,125,-1,-1,-1,-1
137,1,381,75,1538,440,-1,-1,-1,-1
137,2,337,344,385,126,-1,-1,-1,-1
138,1,383,75,1536,440,-1,-1,-1,-1
138,2,339,344,383,124,-1,-1,-1,-1
139,1,387,75,1532,440,-1,-1,-1,-1
139,2,343,344,383,124,-1,-1,-1,-1
140,1,389,75,1530,441,-1,-1,-1,-1
140,2,343,344,384,125,-1,-1,-1,-1
141,1,391,75,1528,440,-1,-1,-1,-1
141,2,346,345,383,123,-1,-1,-1,-1
142,1,395,78,1524,436,-1,-1,-1,-1
142,2,350,347,381,121,-1,-1,-1,-1
143,1,396,96,1523,414,-1,-1,-1,-1
143,2,352,347,381,121,-1,-1,-1,-1
144,1,399,85,1520,428,-1,-1,-1,-1
144,2,351,347,384,122,-1,-1,-1,-1
145,1,400,95,1519,414,-1,-1,-1,-1
145,2,356,346,384,123,-1,-1,-1,-1
146,1,404,78,1515,433,-1,-1,-1,-1
146,2,358,347,384,122,-1,-1,-1,-1
147,1,407,108,1512,400,-1,-1,-1,-1
147,2,362,345,379,123,-1,-1,-1,-1
148,1,411,99,1508,412,-1,-1,-1,-1
148,2,363,347,380,122,-1,-1,-1,-1
149,1,411,92,1508,419,-1,-1,-1,-1
149,2,365,347,380,123,-1,-1,-1,-1
150,1,411,94,1508,416,-1,-1,-1,-1
150,2,365,347,382,123,-1,-1,-1,-1
151,1,413,112,1506,395,-1,-1,-1,-1
151,2,371,347,377,122,-1,-1,-1,-1
152,1,418,112,1501,395,-1,-1,-1,-1
152,2,371,347,380,121,-1,-1,-1,-1
153,1,419,111,1500,396,-1,-1,-1,-1
153,2,372,347,382,122,-1,-1,-1,-1
154,1,421,112,1498,395,-1,-1,-1,-1
154,2,373,348,384,122,-1,-1,-1,-1
155,1,425,112,1494,395,-1,-1,-1,-1
155,2,375,348,384,121,-1,-1,-1,-1
156,1,428,112,1491,395,-1,-1,-1,-1
156,2,376,346,385,124,-1,-1,-1,-1
157,1,430,110,1489,397,-1,-1,-1,-1
157,2,378,347,386,124,-1,-1,-1,-1
158,1,433,113,1486,394,-1,-1,-1,-1
158,2,380,347,386,123,-1,-1,-1,-1
159,1,438,111,1481,396,-1,-1,-1,-1
159,2,384,348,383,122,-1,-1,-1,-1
160,1,440,111,1479,396,-1,-1,-1,-1
160,2,388,348,378,121,-1,-1,-1,-1
161,1,443,108,1476,399,-1,-1,-1,-1
161,2,386,349,384,121,-1,-1,-1,-1
162,1,442,111,1477,395,-1,-1,-1,-1
162,2,393,348,376,121,-1,-1,-1,-1
163,1,443,113,1476,393,-1,-1,-1,-1
163,2,393,347,380,122,-1,-1,-1,-1
164,1,446,114,1473,393,-1,-1,-1,-1
164,2,396,348,379,121,-1,-1,-1,-1
165,1,449,104,1470,404,-1,-1,-1,-1
165,2,398,350,378,120,-1,-1,-1,-1
166,1,451,118,1468,389,-1,-1,-1,-1
166,2,399,347,381,121,-1,-1,-1,-1
167,1,454,116,1465,393,-1,-1,-1,-1
167,2,401,348,383,122,-1,-1,-1,-1
168,1,456,118,1463,390,-1,-1,-1,-1
168,2,405,348,380,123,-1,-1,-1,-1
169,1,459,117,1460,391,-1,-1,-1,-1
169,2,410,347,374,122,-1,-1,-1,-1
170,1,461,119,1458,389,-1,-1,-1,-1
170,2,412,347,377,124,-1,-1,-1,-1
171,1,463,118,1456,391,-1,-1,-1,-1
171,2,414,346,374,125,-1,-1,-1,-1
172,1,463,118,1456,392,-1,-1,-1,-1
172,2,413,345,377,127,-1,-1,-1,-1
173,1,464,118,1455,390,-1,-1,-1,-1
173,2,420,347,376,124,-1,-1,-1,-1
174,1,468,117,1451,391,-1,-1,-1,-1
174,2,421,349,377,122,-1,-1,-1,-1
175,1,469,118,1450,389,-1,-1,-1,-1
175,2,424,349,374,121,-1,-1,-1,-1
176,1,471,117,1448,391,-1,-1,-1,-1
176,2,426,349,375,120,-1,-1,-1,-1
177,1,474,118,1445,390,-1,-1,-1,-1
177,2,428,349,374,120,-1,-1,-1,-1
178,1,476,110,1443,398,-1,-1,-1,-1
178,2,429,349,378,122,-1,-1,-1,-1
179,1,477,121,1442,384,-1,-1,-1,-1
179,2,429,348,378,123,-1,-1,-1,-1
180,1,480,122,1439,385,-1,-1,-1,-1
180,2,432,348,376,123,-1,-1,-1,-1
181,1,484,118,1435,389,-1,-1,-1,-1
181,2,434,349,377,123,-1,-1,-1,-1
182,1,486,119,1433,388,-1,-1,-1,-1
182,2,435,349,376,122,-1,-1,-1,-1
183,1,487,120,1432,387,-1,-1,-1,-1
183,2,437,350,378,122,-1,-1,-1,-1
184,1,488,119,1431,389,-1,-1,-1,-1
184,2,438,351,377,122,-1,-1,-1,-1
185,1,489,122,1430,385,-1,-1,-1,-1
185,2,442,351,376,121,-1,-1,-1,-1
186,1,492,120,1427,387,-1,-1,-1,-1
186,2,444,349,373,122,-1,-1,-1,-1
187,1,494,118,1425,390,-1,-1,-1,-1
187,2,445,351,375,122,-1,-1,-1,-1
188,1,495,120,1424,388,-1,-1,-1,-1
188,2,449,350,375,121,-1,-1,-1,-1
189,1,499,121,1420,387,-1,-1,-1,-1
189,2,450,351,376,120,-1,-1,-1,-1
190,1,501,121,1418,387,-1,-1,-1,-1
190,2,451,354,377,118,-1,-1,-1,-1
191,1,502,121,1417,386,-1,-1,-1,-1
191,2,455,352,374,119,-1,-1,-1,-1
192,1,504,122,1415,384,-1,-1,-1,-1
192,2,458,350,372,120,-1,-1,-1,-1
193,1,507,121,1412,388,-1,-1,-1,-1
193,2,457,352,377,121,-1,-1,-1,-1
194,1,509,120,1410,390,-1,-1,-1,-1
194,2,461,349,371,123,-1,-1,-1,-1
195,1,511,119,1408,391,-1,-1,-1,-1
195,2,461,350,372,123,-1,-1,-1,-1
196,1,512,118,1407,391,-1,-1,-1,-1
196,2,465,352,371,120,-1,-1,-1,-1
197,1,513,124,1406,384,-1,-1,-1,-1
197,2,468,353,366,118,-1,-1,-1,-1
198,1,515,124,1404,386,-1,-1,-1,-1
198,2,469,354,371,119,-1,-1,-1,-1
199,1,517,124,1402,386,-1,-1,-1,-1
199,2,471,353,369,120,-1,-1,-1,-1
200,1,520,123,1399,387,-1,-1,-1,-1
200,2,470,350,375,121,-1,-1,-1,-1
201,1,523,122,1396,388,-1,-1,-1,-1
201,2,471,349,374,122,-1,-1,-1,-1
202,1,524,122,1395,389,-1,-1,-1,-1
202,2,472,348,373,121,-1,-1,-1,-1
203,1,527,119,1391,392,-1,-1,-1,-1
203,2,473,347,378,123,-1,-1,-1,-1
204,1,527,121,1392,390,-1,-1,-1,-1
204,2,475,348,375,123,-1,-1,-1,-1
205,1,531,116,1387,397,-1,-1,-1,-1
205,2,478,349,374,122,-1,-1,-1,-1
206,1,530,122,1389,389,-1,-1,-1,-1
206,2,480,349,374,123,-1,-1,-1,-1
207,1,534,123,1384,389,-1,-1,-1,-1
207,2,484,349,372,122,-1,-1,-1,-1
208,1,534,125,1385,386,-1,-1,-1,-1
208,2,484,348,375,123,-1,-1,-1,-1
209,1,536,127,1383,384,-1,-1,-1,-1
209,2,487,349,372,122,-1,-1,-1,-1
210,1,539,127,1379,385,-1,-1,-1,-1
210,2,489,350,373,121,-1,-1,-1,-1
211,1,541,127,1377,386,-1,-1,-1,-1
211,2,492,349,372,122,-1,-1,-1,-1
212,1,541,127,1378,386,-1,-1,-1,-1
212,2,494,351,373,121,-1,-1,-1,-1
213,1,545,128,1373,385,-1,-1,-1,-1
213,2,496,351,370,121,-1,-1,-1,-1
214,1,545,128,1374,385,-1,-1,-1,-1
214,2,495,350,372,123,-1,-1,-1,-1
215,1,550,129,1369,383,-1,-1,-1,-1
215,2,497,356,373,118,-1,-1,-1,-1
216,1,552,129,1367,383,-1,-1,-1,-1
216,2,500,352,372,120,-1,-1,-1,-1
217,1,554,124,1364,388,-1,-1,-1,-1
217,2,502,355,371,118,-1,-1,-1,-1
218,1,555,124,1364,387,-1,-1,-1,-1
218,2,505,354,370,118,-1,-1,-1,-1
219,1,556,124,1363,389,-1,-1,-1,-1
219,2,507,354,371,120,-1,-1,-1,-1
220,1,556,128,1363,385,-1,-1,-1,-1
220,2,509,354,369,121,-1,-1,-1,-1
221,1,559,127,1360,385,-1,-1,-1,-1
221,2,512,351,367,123,-1,-1,-1,-1
222,1,559,128,1360,383,-1,-1,-1,-1
222,2,512,352,368,123,-1,-1,-1,-1
223,1,562,129,1357,383,-1,-1,-1,-1
223,2,513,352,368,123,-1,-1,-1,-1
224,1,563,129,1356,383,-1,-1,-1,-1
224,2,519,353,369,122,-1,-1,-1,-1
225,1,564,129,1355,384,-1,-1,-1,-1
225,2,519,352,367,123,-1,-1,-1,-1
226,1,567,129,1352,383,-1,-1,-1,-1
226,2,521,353,368,122,-1,-1,-1,-1
227,1,570,130,1349,383,-1,-1,-1,-1
227,2,521,353,371,123,-1,-1,-1,-1
228,1,571,130,1348,383,-1,-1,-1,-1
228,2,523,353,368,122,-1,-1,-1,-1
229,1,572,131,1347,381,-1,-1,-1,-1
229,2,525,351,370,123,-1,-1,-1,-1
230,1,577,131,1342,382,-1,-1,-1,-1
230,2,528,349,365,125,-1,-1,-1,-1
231,1,579,131,1340,383,-1,-1,-1,-1
231,2,528,351,373,123,-1,-1,-1,-1
232,1,581,130,1338,382,-1,-1,-1,-1
232,2,531,350,368,124,-1,-1,-1,-1
233,1,583,130,1335,381,-1,-1,-1,-1
233,2,532,356,373,121,-1,-1,-1,-1
234,1,584,132,1335,381,-1,-1,-1,-1
234,2,533,351,370,125,-1,-1,-1,-1
235,1,584,133,1335,379,-1,-1,-1,-1
235,2,536,349,368,126,-1,-1,-1,-1
236,1,588,132,1330,380,-1,-1,-1,-1
236,2,536,353,370,123,-1,-1,-1,-1
237,1,589,134,1330,378,-1,-1,-1,-1
237,2,540,348,367,126,-1,-1,-1,-1
238,1,591,133,1327,380,-1,-1,-1,-1
238,2,539,350,370,127,-1,-1,-1,-1
239,1,592,133,1327,380,-1,-1,-1,-1
239,2,541,351,367,126,-1,-1,-1,-1
240,1,597,133,1321,380,-1,-1,-1,-1
240,2,544,351,367,126,-1,-1,-1,-1
241,1,597,133,1322,380,-1,-1,-1,-1
241,2,545,352,367,126,-1,-1,-1,-1
242,1,598,133,1321,379,-1,-1,-1,-1
242,2,549,351,368,123,-1,-1,-1,-1
243,1,601,132,1317,379,-1,-1,-1,-1
243,2,550,351,367,124,-1,-1,-1,-1
244,1,603,133,1316,379,-1,-1,-1,-1
244,2,552,353,366,122,-1,-1,-1,-1
245,1,604,131,1315,382,-1,-1,-1,-1
245,2,555,353,365,121,-1,-1,-1,-1
246,1,603,132,1316,381,-1,-1,-1,-1
246,2,558,355,361,120,-1,-1,-1,-1
247,1,605,133,1314,380,-1,-1,-1,-1
247,2,561,355,361,119,-1,-1,-1,-1
248,1,608,134,1311,379,-1,-1,-1,-1
248,2,560,355,362,122,-1,-1,-1,-1
249,1,609,134,1310,378,-1,-1,-1,-1
249,2,559,358,367,118,-1,-1,-1,-1
250,1,611,133,1308,379,-1,-1,-1,-1
250,2,565,359,363,116,-1,-1,-1,-1
251,1,611,133,1308,378,-1,-1,-1,-1
251,2,567,359,364,117,-1,-1,-1,-1
252,1,615,130,1303,381,-1,-1,-1,-1
252,2,564,357,371,117,-1,-1,-1,-1
253,1,614,131,1304,380,-1,-1,-1,-1
253,2,567,353,365,120,-1,-1,-1,-1
254,1,617,132,1301,379,-1,-1,-1,-1
254,2,569,352,367,122,-1,-1,-1,-1
255,1,618,134,1301,377,-1,-1,-1,-1
255,2,570,354,371,120,-1,-1,-1,-1
256,1,621,134,1297,376,-1,-1,-1,-1
256,2,571,355,370,118,-1,-1,-1,-1
257,1,623,133,1296,377,-1,-1,-1,-1
257,2,572,355,368,119,-1,-1,-1,-1
258,1,625,135,1294,375,-1,-1,-1,-1
258,2,574,355,370,120,-1,-1,-1,-1
259,1,626,136,1293,374,-1,-1,-1,-1
259,2,579,354,371,121,-1,-1,-1,-1
260,1,627,136,1292,374,-1,-1,-1,-1
260,2,578,354,373,122,-1,-1,-1,-1
261,1,633,137,1286,374,-1,-1,-1,-1
261,2,580,355,371,120,-1,-1,-1,-1
262,1,634,136,1285,375,-1,-1,-1,-1
262,2,581,356,371,119,-1,-1,-1,-1
263,1,633,138,1286,372,-1,-1,-1,-1
263,2,585,356,367,118,-1,-1,-1,-1
264,1,640,138,1279,373,-1,-1,-1,-1
264,2,586,357,370,118,-1,-1,-1,-1
265,1,643,138,1276,373,-1,-1,-1,-1
265,2,587,359,370,116,-1,-1,-1,-1
266,1,644,138,1275,373,-1,-1,-1,-1
266,2,589,358,367,116,-1,-1,-1,-1
267,1,648,136,1271,375,-1,-1,-1,-1
267,2,593,359,367,117,-1,-1,-1,-1
268,1,649,135,1270,378,-1,-1,-1,-1
268,2,595,359,365,115,-1,-1,-1,-1
269,1,650,140,1269,372,-1,-1,-1,-1
269,2,598,357,363,117,-1,-1,-1,-1
270,1,652,139,1267,374,-1,-1,-1,-1
270,2,599,358,365,118,-1,-1,-1,-1
271,1,654,141,1265,372,-1,-1,-1,-1
271,2,601,358,362,117,-1,-1,-1,-1
272,1,656,138,1263,375,-1,-1,-1,-1
272,2,603,359,362,116,-1,-1,-1,-1
273,1,656,139,1263,373,-1,-1,-1,-1
273,2,605,358,361,117,-1,-1,-1,-1
274,1,660,141,1259,371,-1,-1,-1,-1
274,2,607,356,361,117,-1,-1,-1,-1
275,1,661,141,1258,372,-1,-1,-1,-1
275,2,611,359,359,118,-1,-1,-1,-1
276,1,664,141,1255,373,-1,-1,-1,-1
276,2,612,357,359,120,-1,-1,-1,-1
277,1,663,143,1256,370,-1,-1,-1,-1
277,2,613,356,364,122,-1,-1,-1,-1
278,1,667,143,1252,370,-1,-1,-1,-1
278,2,615,356,362,122,-1,-1,-1,-1
279,1,666,143,1253,369,-1,-1,-1,-1
279,2,617,356,362,122,-1,-1,-1,-1
280,1,668,143,1251,370,-1,-1,-1,-1
280,2,618,358,363,120,-1,-1,-1,-1
281,1,672,144,1247,369,-1,-1,-1,-1
281,2,622,357,360,119,-1,-1,-1,-1
282,1,674,144,1245,368,-1,-1,-1,-1
282,2,625,356,359,120,-1,-1,-1,-1
283,1,675,142,1244,370,-1,-1,-1,-1
283,2,625,357,361,121,-1,-1,-1,-1
284,1,676,143,1243,369,-1,-1,-1,-1
284,2,627,356,362,121,-1,-1,-1,-1
284,5,61,186,755,202,-1,-1,-1,-1
285,1,678,145,1241,367,-1,-1,-1,-1
285,2,628,355,362,123,-1,-1,-1,-1
285,5,61,186,756,202,-1,-1,-1,-1
286,1,681,146,1238,367,-1,-1,-1,-1
286,2,629,355,362,123,-1,-1,-1,-1
286,5,59,186,759,202,-1,-1,-1,-1
287,1,682,146,1237,367,-1,-1,-1,-1
287,2,632,355,361,123,-1,-1,-1,-1
287,5,60,185,762,202,-1,-1,-1,-1
288,1,684,145,1235,368,-1,-1,-1,-1
288,2,634,355,358,122,-1,-1,-1,-1
288,5,59,186,754,202,-1,-1,-1,-1
289,1,686,146,1233,367,-1,-1,-1,-1
289,2,635,355,362,123,-1,-1,-1,-1
289,5,60,185,765,202,-1,-1,-1,-1
290,1,689,147,1230,366,-1,-1,-1,-1
290,2,635,356,364,122,-1,-1,-1,-1
290,5,60,185,769,202,-1,-1,-1,-1
291,1,692,146,1227,367,-1,-1,-1,-1
291,2,638,356,361,123,-1,-1,-1,-1
291,5,59,186,768,202,-1,-1,-1,-1
292,1,693,147,1226,366,-1,-1,-1,-1
292,2,641,357,361,122,-1,-1,-1,-1
292,5,61,186,769,202,-1,-1,-1,-1
293,1,696,148,1223,365,-1,-1,-1,-1
293,2,644,357,358,121,-1,-1,-1,-1
293,5,63,186,763,202,-1,-1,-1,-1
294,1,699,148,1220,365,-1,-1,-1,-1
294,2,645,357,363,121,-1,-1,-1,-1
294,5,63,186,761,202,-1,-1,-1,-1
295,1,701,148,1218,366,-1,-1,-1,-1
295,2,648,358,356,120,-1,-1,-1,-1
295,5,63,186,772,203,-1,-1,-1,-1
296,1,700,148,1219,367,-1,-1,-1,-1
296,2,649,358,358,121,-1,-1,-1,-1
296,5,65,185,767,203,-1,-1,-1,-1
297,1,704,144,1215,371,-1,-1,-1,-1
297,2,651,358,360,120,-1,-1,-1,-1
297,5,66,184,761,205,-1,-1,-1,-1
298,1,706,145,1213,370,-1,-1,-1,-1
298,2,655,358,355,120,-1,-1,-1,-1
298,5,63,184,765,205,-1,-1,-1,-1
299,1,709,146,1210,369,-1,-1,-1,-1
299,2,657,357,357,121,-1,-1,-1,-1
299,5,66,184,758,204,-1,-1,-1,-1
300,1,711,147,1208,368,-1,-1,-1,-1
300,2,659,357,355,121,-1,-1,-1,-1
300,5,64,184,762,205,-1,-1,-1,-1
301,1,712,147,1207,368,-1,-1,-1,-1
301,2,660,357,354,122,-1,-1,-1,-1
301,5,66,182,763,207,-1,-1,-1,-1
302,1,715,145,1203,370,-1,-1,-1,-1
302,2,662,356,357,124,-1,-1,-1,-1
302,5,66,181,761,209,-1,-1,-1,-1
303,1,715,144,1203,372,-1,-1,-1,-1
303,2,663,355,359,123,-1,-1,-1,-1
303,5,65,181,765,210,-1,-1,-1,-1
304,1,718,147,1201,368,-1,-1,-1,-1
304,2,662,356,363,122,-1,-1,-1,-1
304,5,65,181,768,210,-1,-1,-1,-1
305,1,722,147,1196,368,-1,-1,-1,-1
305,2,667,355,360,121,-1,-1,-1,-1
305,5,64,181,776,210,-1,-1,-1,-1
306,1,725,147,1193,368,-1,-1,-1,-1
306,2,667,358,360,120,-1,-1,-1,-1
306,5,65,180,775,210,-1,-1,-1,-1
307,1,728,147,1190,368,-1,-1,-1,-1
307,2,670,359,362,118,-1,-1,-1,-1
307,5,65,181,773,210,-1,-1,-1,-1
308,1,727,148,1192,366,-1,-1,-1,-1
308,2,672,358,360,119,-1,-1,-1,-1
308,5,65,179,771,212,-1,-1,-1,-1
309,1,731,148,1186,368,-1,-1,-1,-1
309,2,674,358,361,119,-1,-1,-1,-1
309,5,66,178,771,213,-1,-1,-1,-1
310,1,732,147,1187,369,-1,-1,-1,-1
310,2,676,358,361,119,-1,-1,-1,-1
310,5,65,179,769,213,-1,-1,-1,-1
311,1,734,146,1184,370,-1,-1,-1,-1
311,2,678,357,361,120,-1,-1,-1,-1
311,5,66,177,768,214,-1,-1,-1,-1
312,1,735,146,1184,370,-1,-1,-1,-1
312,2,679,357,365,121,-1,-1,-1,-1
312,5,66,180,775,212,-1,-1,-1,-1
313,1,735,148,1183,369,-1,-1,-1,-1
313,2,681,358,364,120,-1,-1,-1,-1
313,5,67,179,772,212,-1,-1,-1,-1
314,1,739,150,1180,368,-1,-1,-1,-1
314,2,684,358,361,119,-1,-1,-1,-1
314,5,67,178,775,213,-1,-1,-1,-1
315,1,743,150,1175,367,-1,-1,-1,-1
315,2,687,357,360,122,-1,-1,-1,-1
315,5,66,178,779,214,-1,-1,-1,-1
316,1,744,150,1175,367,-1,-1,-1,-1
316,2,686,358,363,121,-1,-1,-1,-1
316,5,68,178,779,213,-1,-1,-1,-1
317,1,747,151,1172,366,-1,-1,-1,-1
317,2,690,359,361,120,-1,-1,-1,-1
317,5,66,180,791,212,-1,-1,-1,-1
318,1,749,151,1170,365,-1,-1,-1,-1
318,2,694,358,357,121,-1,-1,-1,-1
318,5,67,180,788,212,-1,-1,-1,-1
319,1,749,151,1170,364,-1,-1,-1,-1
319,2,694,358,360,122,-1,-1,-1,-1
319,5,67,178,784,213,-1,-1,-1,-1
320,1,750,152,1169,365,-1,-1,-1,-1
320,2,696,359,358,121,-1,-1,-1,-1
320,5,66,179,792,213,-1,-1,-1,-1
321,1,754,153,1165,364,-1,-1,-1,-1
321,2,697,359,359,121,-1,-1,-1,-1
321,5,66,181,790,211,-1,-1,-1,-1
322,1,757,154,1162,363,-1,-1,-1,-1
322,2,701,358,357,122,-1,-1,-1,-1
322,5,68,180,786,211,-1,-1,-1,-1
323,1,759,154,1160,362,-1,-1,-1,-1
323,2,702,358,357,122,-1,-1,-1,-1
323,5,67,181,785,211,-1,-1,-1,-1
324,1,761,154,1158,364,-1,-1,-1,-1
324,2,704,359,357,121,-1,-1,-1,-1
324,5,68,179,785,212,-1,-1,-1,-1
325,1,762,153,1157,364,-1,-1,-1,-1
325,2,708,357,353,123,-1,-1,-1,-1
325,5,66,179,786,213,-1,-1,-1,-1
326,1,763,153,1156,363,-1,-1,-1,-1
326,2,710,359,353,124,-1,-1,-1,-1
326,5,66,180,793,212,-1,-1,-1,-1
327,1,766,153,1153,363,-1,-1,-1,-1
327,2,711,359,353,124,-1,-1,-1,-1
327,5,68,180,785,211,-1,-1,-1,-1
328,1,769,150,1150,368,-1,-1,-1,-1
328,2,712,360,352,123,-1,-1,-1,-1
328,5,67,179,804,212,-1,-1,-1,-1
329,1,769,151,1150,367,-1,-1,-1,-1
329,2,715,360,352,122,-1,-1,-1,-1
329,5,67,180,790,211,-1,-1,-1,-1
330,1,773,152,1146,366,-1,-1,-1,-1
330,2,715,360,355,122,-1,-1,-1,-1
330,5,68,180,791,211,-1,-1,-1,-1
331,1,774,154,1145,365,-1,-1,-1,-1
331,2,719,361,351,121,-1,-1,-1,-1
331,5,68,180,791,212,-1,-1,-1,-1
332,1,776,154,1143,365,-1,-1,-1,-1
332,2,720,360,351,122,-1,-1,-1,-1
332,5,68,179,787,213,-1,-1,-1,-1
333,1,777,154,1142,365,-1,-1,-1,-1
333,2,721,360,352,123,-1,-1,-1,-1
333,5,67,180,793,212,-1,-1,-1,-1
334,1,778,154,1141,365,-1,-1,-1,-1
334,2,723,362,353,121,-1,-1,-1,-1
334,5,68,181,789,211,-1,-1,-1,-1
335,1,779,154,1140,366,-1,-1,-1,-1
335,2,726,362,351,120,-1,-1,-1,-1
335,5,67,181,797,211,-1,-1,-1,-1
336,1,782,155,1137,364,-1,-1,-1,-1
336,2,728,360,351,122,-1,-1,-1,-1
336,5,67,184,796,208,-1,-1,-1,-1
337,1,788,154,1131,367,-1,-1,-1,-1
337,2,728,359,355,124,-1,-1,-1,-1
337,5,68,185,795,206,-1,-1,-1,-1
338,1,787,153,1132,368,-1,-1,-1,-1
338,2,731,360,351,123,-1,-1,-1,-1
338,5,67,185,800,206,-1,-1,-1,-1
339,1,790,152,1129,369,-1,-1,-1,-1
339,2,734,361,350,122,-1,-1,-1,-1
339,5,67,185,800,206,-1,-1,-1,-1
340,1,793,152,1126,370,-1,-1,-1,-1
340,2,735,360,351,124,-1,-1,-1,-1
340,5,67,183,799,208,-1,-1,-1,-1
341,1,794,152,1125,369,-1,-1,-1,-1
341,2,735,361,355,123,-1,-1,-1,-1
341,5,66,183,811,208,-1,-1,-1,-1
342,1,794,154,1125,366,-1,-1,-1,-1
342,2,739,363,351,120,-1,-1,-1,-1
342,5,67,184,806,207,-1,-1,-1,-1
343,1,798,146,1121,375,-1,-1,-1,-1
343,2,741,363,348,120,-1,-1,-1,-1
343,5,67,184,809,207,-1,-1,-1,-1
344,1,797,153,1122,370,-1,-1,-1,-1
344,2,743,363,350,121,-1,-1,-1,-1
344,5,65,184,819,207,-1,-1,-1,-1
345,1,802,156,1117,364,-1,-1,-1,-1
345,2,746,364,349,120,-1,-1,-1,-1
345,5,65,184,816,207,-1,-1,-1,-1
346,1,804,155,1115,366,-1,-1,-1,-1
346,2,748,365,348,119,-1,-1,-1,-1
346,5,66,184,813,206,-1,-1,-1,-1
347,1,804,155,1115,367,-1,-1,-1,-1
347,2,750,364,346,119,-1,-1,-1,-1
347,5,66,184,815,206,-1,-1,-1,-1
348,1,807,156,1112,366,-1,-1,-1,-1
348,2,751,364,348,119,-1,-1,-1,-1
348,5,65,184,817,207,-1,-1,-1,-1
349,1,811,154,1108,367,-1,-1,-1,-1
349,2,753,363,345,121,-1,-1,-1,-1
349,5,66,183,816,207,-1,-1,-1,-1
350,1,811,155,1108,365,-1,-1,-1,-1
350,2,755,363,348,121,-1,-1,-1,-1
350,5,66,182,823,208,-1,-1,-1,-1
351,1,812,156,1107,365,-1,-1,-1,-1
351,2,757,363,347,122,-1,-1,-1,-1
351,5,64,183,829,208,-1,-1,-1,-1
352,1,812,157,1107,364,-1,-1,-1,-1
352,2,758,364,347,121,-1,-1,-1,-1
352,5,65,184,830,206,-1,-1,-1,-1
353,1,815,158,1104,363,-1,-1,-1,-1
353,2,760,365,346,119,-1,-1,-1,-1
353,5,66,184,833,206,-1,-1,-1,-1
354,1,818,159,1101,362,-1,-1,-1,-1
354,2,762,364,346,120,-1,-1,-1,-1
354,5,67,183,838,208,-1,-1,-1,-1
355,1,821,159,1098,362,-1,-1,-1,-1
355,2,762,364,349,121,-1,-1,-1,-1
355,5,66,183,844,209,-1,-1,-1,-1
356,1,823,159,1096,363,-1,-1,-1,-1
356,2,765,363,349,121,-1,-1,-1,-1
356,5,67,185,844,207,-1,-1,-1,-1
357,1,824,161,1095,360,-1,-1,-1,-1
357,2,768,364,348,118,-1,-1,-1,-1
357,5,67,181,844,210,-1,-1,-1,-1
358,1,827,162,1092,360,-1,-1,-1,-1
358,2,771,365,347,116,-1,-1,-1,-1
358,5,67,180,845,212,-1,-1,-1,-1
359,1,828,161,1091,362,-1,-1,-1,-1
359,2,771,365,349,116,-1,-1,-1,-1
359,5,66,181,847,211,-1,-1,-1,-1
360,1,829,161,1090,362,-1,-1,-1,-1
360,2,771,365,351,117,-1,-1,-1,-1
360,5,65,182,850,210,-1,-1,-1,-1
361,1,837,161,1081,362,-1,-1,-1,-1
361,2,775,365,349,116,-1,-1,-1,-1
361,5,67,181,846,210,-1,-1,-1,-1
362,1,838,160,1080,363,-1,-1,-1,-1
362,2,775,364,350,117,-1,-1,-1,-1
363,1,840,160,1079,363,-1,-1,-1,-1
363,2,778,366,350,116,-1,-1,-1,-1
363,5,66,181,848,210,-1,-1,-1,-1
364,1,843,160,1075,363,-1,-1,-1,-1
364,2,780,366,348,116,-1,-1,-1,-1
365,1,844,160,1075,364,-1,-1,-1,-1
365,2,781,367,349,115,-1,-1,-1,-1
366,1,846,161,1073,363,-1,-1,-1,-1
366,2,783,367,349,114,-1,-1,-1,-1
367,1,847,162,1072,361,-1,-1,-1,-1
367,2,784,366,349,115,-1,-1,-1,-1
367,5,61,177,864,212,-1,-1,-1,-1
368,1,850,162,1069,360,-1,-1,-1,-1
368,2,787,368,350,113,-1,-1,-1,-1
368,5,65,176,868,214,-1,-1,-1,-1
369,1,854,162,1065,361,-1,-1,-1,-1
369,2,789,369,349,112,-1,-1,-1,-1
369,5,64,175,887,215,-1,-1,-1,-1
370,1,853,163,1066,358,-1,-1,-1,-1
370,2,792,369,347,112,-1,-1,-1,-1
370,5,65,174,894,216,-1,-1,-1,-1
371,1,855,164,1064,358,-1,-1,-1,-1
371,2,794,369,351,112,-1,-1,-1,-1
371,5,65,174,907,215,-1,-1,-1,-1
372,1,856,163,1063,360,-1,-1,-1,-1
372,2,796,369,350,113,-1,-1,-1,-1
372,5,64,174,902,215,-1,-1,-1,-1
373,1,857,164,1062,360,-1,-1,-1,-1
373,2,799,369,347,112,-1,-1,-1,-1
373,5,66,173,916,215,-1,-1,-1,-1
374,1,856,165,1063,358,-1,-1,-1,-1
374,2,801,369,347,113,-1,-1,-1,-1
374,5,67,171,919,217,-1,-1,-1,-1
375,1,858,165,1061,357,-1,-1,-1,-1
375,2,802,367,347,114,-1,-1,-1,-1
375,5,66,170,922,217,-1,-1,-1,-1
376,1,861,165,1057,356,-1,-1,-1,-1
376,2,807,369,340,112,-1,-1,-1,-1
376,5,67,170,923,217,-1,-1,-1,-1
377,1,862,165,1056,357,-1,-1,-1,-1
377,2,807,370,345,114,-1,-1,-1,-1
377,5,66,171,924,216,-1,-1,-1,-1
378,1,866,165,1052,357,-1,-1,-1,-1
378,2,808,369,348,116,-1,-1,-1,-1
378,5,67,171,922,215,-1,-1,-1,-1
379,1,870,165,1048,356,-1,-1,-1,-1
379,2,809,369,346,116,-1,-1,-1,-1
379,5,66,170,924,216,-1,-1,-1,-1
380,1,870,165,1048,358,-1,-1,-1,-1
380,2,811,369,345,116,-1,-1,-1,-1
380,5,66,171,924,216,-1,-1,-1,-1
381,1,872,165,1047,358,-1,-1,-1,-1
381,2,814,369,342,115,-1,-1,-1,-1
381,5,67,171,922,215,-1,-1,-1,-1
382,1,875,166,1043,357,-1,-1,-1,-1
382,2,816,369,345,116,-1,-1,-1,-1
382,5,66,170,923,216,-1,-1,-1,-1
383,1,876,166,1043,356,-1,-1,-1,-1
383,2,817,368,347,116,-1,-1,-1,-1
383,5,66,171,924,216,-1,-1,-1,-1
384,1,881,165,1038,357,-1,-1,-1,-1
384,2,820,367,346,117,-1,-1,-1,-1
384,5,67,171,922,215,-1,-1,-1,-1
385,1,885,168,1034,353,-1,-1,-1,-1
385,2,821,368,347,116,-1,-1,-1,-1
385,5,67,170,921,216,-1,-1,-1,-1
386,1,888,169,1031,352,-1,-1,-1,-1
386,2,822,368,348,115,-1,-1,-1,-1
386,5,66,170,923,217,-1,-1,-1,-1
387,1,890,169,1029,353,-1,-1,-1,-1
387,2,825,368,345,115,-1,-1,-1,-1
387,5,66,170,923,216,-1,-1,-1,-1
388,1,889,168,1030,352,-1,-1,-1,-1
388,2,828,367,344,116,-1,-1,-1,-1
388,5,65,170,925,216,-1,-1,-1,-1
389,1,892,168,1027,351,-1,-1,-1,-1
389,2,827,366,349,118,-1,-1,-1,-1
389,5,65,170,925,216,-1,-1,-1,-1
390,1,895,168,1024,352,-1,-1,-1,-1
390,2,830,367,348,117,-1,-1,-1,-1
390,5,66,171,922,216,-1,-1,-1,-1
391,1,896,169,1023,350,-1,-1,-1,-1
391,2,832,366,345,116,-1,-1,-1,-1
391,5,66,170,923,218,-1,-1,-1,-1
392,1,898,168,1021,351,-1,-1,-1,-1
392,2,834,367,345,117,-1,-1,-1,-1
392,5,66,170,923,217,-1,-1,-1,-1
393,1,900,168,1019,352,-1,-1,-1,-1
393,2,835,367,347,117,-1,-1,-1,-1
393,5,65,171,923,216,-1,-1,-1,-1
394,1,901,168,1018,352,-1,-1,-1,-1
394,2,840,367,339,118,-1,-1,-1,-1
394,5,66,172,921,214,-1,-1,-1,-1
395,1,903,169,1016,350,-1,-1,-1,-1
395,2,840,367,345,119,-1,-1,-1,-1
395,5,66,172,920,215,-1,-1,-1,-1
396,1,904,169,1015,350,-1,-1,-1,-1
396,2,842,368,343,117,-1,-1,-1,-1
396,5,66,171,921,216,-1,-1,-1,-1
397,1,904,169,1015,350,-1,-1,-1,-1
397,2,844,367,345,118,-1,-1,-1,-1
397,5,67,172,920,214,-1,-1,-1,-1
398,1,906,170,1013,349,-1,-1,-1,-1
398,2,845,366,344,120,-1,-1,-1,-1
398,5,67,171,919,215,-1,-1,-1,-1
399,1,907,172,1012,347,-1,-1,-1,-1
399,2,846,368,344,119,-1,-1,-1,-1
399,5,66,171,922,216,-1,-1,-1,-1
400,1,908,172,1011,348,-1,-1,-1,-1
400,2,849,368,345,119,-1,-1,-1,-1
400,5,67,172,919,214,-1,-1,-1,-1
401,1,908,171,1011,348,-1,-1,-1,-1
401,2,851,368,344,119,-1,-1,-1,-1
401,5,66,172,921,214,-1,-1,-1,-1
402,1,909,170,1010,348,-1,-1,-1,-1
402,2,852,368,344,119,-1,-1,-1,-1
402,5,66,172,921,214,-1,-1,-1,-1
403,1,912,170,1007,350,-1,-1,-1,-1
403,2,852,370,346,117,-1,-1,-1,-1
403,5,66,172,922,214,-1,-1,-1,-1
404,1,914,169,1005,352,-1,-1,-1,-1
404,2,854,370,343,117,-1,-1,-1,-1
404,5,66,171,922,215,-1,-1,-1,-1
405,1,914,171,1005,351,-1,-1,-1,-1
405,2,856,370,346,118,-1,-1,-1,-1
405,5,65,171,924,216,-1,-1,-1,-1
406,1,912,172,1007,349,-1,-1,-1,-1
406,2,858,370,342,117,-1,-1,-1,-1
406,5,66,172,923,214,-1,-1,-1,-1
407,1,916,172,1003,349,-1,-1,-1,-1
407,2,861,370,340,117,-1,-1,-1,-1
407,5,66,171,923,215,-1,-1,-1,-1
408,1,914,173,1005,348,-1,-1,-1,-1
408,2,863,370,341,117,-1,-1,-1,-1
408,5,65,170,926,217,-1,-1,-1,-1
409,1,924,173,995,348,-1,-1,-1,-1
409,2,864,369,342,118,-1,-1,-1,-1
409,5,66,171,924,216,-1,-1,-1,-1
410,1,931,173,988,348,-1,-1,-1,-1
410,2,869,369,340,116,-1,-1,-1,-1
410,5,66,170,924,217,-1,-1,-1,-1
411,1,933,173,986,348,-1,-1,-1,-1
411,2,871,370,340,115,-1,-1,-1,-1
411,5,67,170,921,216,-1,-1,-1,-1
412,1,935,173,984,346,-1,-1,-1,-1
412,2,871,370,344,115,-1,-1,-1,-1
412,5,66,170,924,217,-1,-1,-1,-1
413,1,937,172,982,348,-1,-1,-1,-1
413,2,872,371,346,114,-1,-1,-1,-1
413,5,66,170,924,216,-1,-1,-1,-1
414,1,937,172,982,349,-1,-1,-1,-1
414,2,876,371,341,113,-1,-1,-1,-1
414,5,67,170,922,216,-1,-1,-1,-1
415,1,938,173,981,347,-1,-1,-1,-1
415,2,877,371,343,114,-1,-1,-1,-1
415,5,66,169,925,218,-1,-1,-1,-1
416,1,942,173,977,346,-1,-1,-1,-1
416,2,879,371,342,113,-1,-1,-1,-1
416,5,66,170,926,217,-1,-1,-1,-1
417,1,946,174,973,345,-1,-1,-1,-1
417,2,884,372,339,113,-1,-1,-1,-1
417,5,67,171,924,215,-1,-1,-1,-1
418,1,950,174,969,345,-1,-1,-1,-1
418,2,884,372,340,113,-1,-1,-1,-1
418,5,67,170,926,216,-1,-1,-1,-1
419,1,954,174,965,345,-1,-1,-1,-1
419,2,888,372,338,113,-1,-1,-1,-1
419,5,66,170,929,217,-1,-1,-1,-1
420,1,953,175,966,346,-1,-1,-1,-1
420,2,888,372,340,114,-1,-1,-1,-1
420,5,67,170,927,216,-1,-1,-1,-1
421,1,954,172,965,349,-1,-1,-1,-1
421,2,889,372,342,114,-1,-1,-1,-1
421,5,67,170,929,217,-1,-1,-1,-1
422,1,954,171,965,349,-1,-1,-1,-1
422,2,893,373,338,112,-1,-1,-1,-1
422,5,68,171,928,215,-1,-1,-1,-1
423,1,957,172,962,347,-1,-1,-1,-1
423,2,895,373,340,113,-1,-1,-1,-1
423,5,67,171,930,216,-1,-1,-1,-1
424,1,959,172,960,347,-1,-1,-1,-1
424,2,899,372,336,114,-1,-1,-1,-1
424,5,68,171,928,215,-1,-1,-1,-1
425,1,962,174,957,347,-1,-1,-1,-1
425,2,902,375,337,112,-1,-1,-1,-1
425,5,68,171,929,215,-1,-1,-1,-1
426,1,965,173,954,347,-1,-1,-1,-1
426,2,903,375,337,112,-1,-1,-1,-1
426,5,67,171,930,215,-1,-1,-1,-1
427,1,966,173,953,347,-1,-1,-1,-1
427,2,904,373,339,113,-1,-1,-1,-1
427,5,67,170,932,216,-1,-1,-1,-1
428,1,968,173,951,348,-1,-1,-1,-1
428,2,903,377,343,111,-1,-1,-1,-1
428,5,66,170,927,217,-1,-1,-1,-1
429,1,969,172,950,348,-1,-1,-1,-1
429,2,908,376,340,112,-1,-1,-1,-1
429,5,67,170,924,216,-1,-1,-1,-1
430,1,972,175,947,345,-1,-1,-1,-1
430,2,908,376,341,113,-1,-1,-1,-1
430,5,66,170,932,217,-1,-1,-1,-1
431,1,975,175,944,347,-1,-1,-1,-1
431,2,910,378,339,110,-1,-1,-1,-1
431,5,67,171,930,215,-1,-1,-1,-1
432,1,977,175,942,348,-1,-1,-1,-1
432,2,913,376,337,112,-1,-1,-1,-1
432,5,67,171,929,215,-1,-1,-1,-1
433,1,982,174,937,350,-1,-1,-1,-1
433,2,913,376,339,113,-1,-1,-1,-1
433,5,67,171,929,215,-1,-1,-1,-1
434,1,981,175,938,349,-1,-1,-1,-1
434,2,914,377,341,113,-1,-1,-1,-1
434,5,66,171,930,215,-1,-1,-1,-1
435,1,984,176,935,348,-1,-1,-1,-1
435,2,917,376,339,112,-1,-1,-1,-1
435,5,65,171,933,215,-1,-1,-1,-1
436,1,986,177,933,347,-1,-1,-1,-1
436,2,918,376,341,112,-1,-1,-1,-1
436,5,66,171,932,215,-1,-1,-1,-1
437,1,989,177,930,347,-1,-1,-1,-1
437,2,923,376,339,111,-1,-1,-1,-1
437,5,66,171,935,215,-1,-1,-1,-1
438,1,987,177,932,346,-1,-1,-1,-1
438,2,925,375,338,111,-1,-1,-1,-1
438,5,66,171,936,215,-1,-1,-1,-1
439,1,992,177,927,345,-1,-1,-1,-1
439,2,925,376,338,111,-1,-1,-1,-1
439,5,65,171,939,216,-1,-1,-1,-1
440,1,995,177,924,344,-1,-1,-1,-1
440,2,928,377,336,109,-1,-1,-1,-1
440,5,65,172,942,214,-1,-1,-1,-1
441,1,995,176,924,345,-1,-1,-1,-1
441,2,928,377,339,110,-1,-1,-1,-1
441,5,66,171,943,215,-1,-1,-1,-1
442,1,998,176,921,345,-1,-1,-1,-1
442,2,932,378,337,108,-1,-1,-1,-1
442,5,64,170,949,217,-1,-1,-1,-1
443,1,1001,177,918,345,-1,-1,-1,-1
443,2,935,379,335,108,-1,-1,-1,-1
443,5,65,170,947,217,-1,-1,-1,-1
444,1,1002,177,917,344,-1,-1,-1,-1
444,2,936,379,336,108,-1,-1,-1,-1
444,5,65,170,947,217,-1,-1,-1,-1
445,1,1004,178,915,342,-1,-1,-1,-1
445,2,938,378,335,111,-1,-1,-1,-1
445,5,65,170,950,217,-1,-1,-1,-1
446,1,1004,178,915,342,-1,-1,-1,-1
446,2,938,377,339,113,-1,-1,-1,-1
446,5,66,170,951,217,-1,-1,-1,-1
447,1,1005,175,914,344,-1,-1,-1,-1
447,2,940,377,339,112,-1,-1,-1,-1
447,5,65,170,953,217,-1,-1,-1,-1
448,1,1003,177,916,341,-1,-1,-1,-1
448,2,943,377,336,112,-1,-1,-1,-1
448,5,65,171,953,216,-1,-1,-1,-1
449,1,1011,176,908,341,-1,-1,-1,-1
449,2,944,376,339,114,-1,-1,-1,-1
449,5,65,170,955,216,-1,-1,-1,-1
450,1,1013,175,906,343,-1,-1,-1,-1
450,2,947,377,340,113,-1,-1,-1,-1
450,5,64,170,960,217,-1,-1,-1,-1
451,1,1015,176,904,343,-1,-1,-1,-1
451,2,946,377,343,113,-1,-1,-1,-1
451,5,65,170,958,217,-1,-1,-1,-1
452,1,1016,176,903,342,-1,-1,-1,-1
452,2,948,377,342,113,-1,-1,-1,-1
452,5,64,171,960,216,-1,-1,-1,-1
453,1,1022,177,897,343,-1,-1,-1,-1
453,2,950,378,342,111,-1,-1,-1,-1
453,5,62,172,965,217,-1,-1,-1,-1
454,1,1022,178,897,343,-1,-1,-1,-1
454,2,953,379,339,110,-1,-1,-1,-1
454,5,64,171,963,216,-1,-1,-1,-1
455,1,1023,179,896,342,-1,-1,-1,-1
455,2,956,379,337,110,-1,-1,-1,-1
455,5,65,172,962,214,-1,-1,-1,-1
456,1,1028,180,891,341,-1,-1,-1,-1
456,2,957,378,337,111,-1,-1,-1,-1
456,5,63,171,969,217,-1,-1,-1,-1
457,1,1032,179,887,342,-1,-1,-1,-1
457,2,960,379,334,110,-1,-1,-1,-1
457,5,62,170,969,219,-1,-1,-1,-1
458,1,1032,178,887,343,-1,-1,-1,-1
458,2,963,379,332,111,-1,-1,-1,-1
458,5,61,169,972,220,-1,-1,-1,-1
459,1,1035,179,884,342,-1,-1,-1,-1
459,2,964,378,334,111,-1,-1,-1,-1
459,5,61,170,972,219,-1,-1,-1,-1
460,1,1037,179,882,342,-1,-1,-1,-1
460,2,965,379,335,109,-1,-1,-1,-1
460,5,62,170,971,218,-1,-1,-1,-1
461,1,1037,179,882,343,-1,-1,-1,-1
461,2,972,380,336,110,-1,-1,-1,-1
461,5,61,170,975,219,-1,-1,-1,-1
462,1,1039,180,880,342,-1,-1,-1,-1
462,2,972,379,334,111,-1,-1,-1,-1
462,5,61,170,975,218,-1,-1,-1,-1
463,1,1042,180,877,342,-1,-1,-1,-1
463,2,972,380,343,110,-1,-1,-1,-1
463,5,61,169,976,219,-1,-1,-1,-1
464,1,1043,180,876,341,-1,-1,-1,-1
464,2,975,381,334,108,-1,-1,-1,-1
464,5,62,169,974,219,-1,-1,-1,-1
465,1,1046,179,873,343,-1,-1,-1,-1
465,2,976,381,336,108,-1,-1,-1,-1
465,5,62,169,981,219,-1,-1,-1,-1
466,1,1045,179,874,344,-1,-1,-1,-1
466,2,979,380,333,108,-1,-1,-1,-1
466,5,62,169,982,219,-1,-1,-1,-1
467,1,1048,180,871,341,-1,-1,-1,-1
467,2,980,380,336,108,-1,-1,-1,-1
467,5,64,170,983,218,-1,-1,-1,-1
468,1,1049,181,870,339,-1,-1,-1,-1
468,2,981,379,334,110,-1,-1,-1,-1
468,5,63,169,987,220,-1,-1,-1,-1
469,1,1050,182,869,336,-1,-1,-1,-1
469,2,983,379,337,110,-1,-1,-1,-1
469,5,63,169,989,220,-1,-1,-1,-1
470,1,1054,181,865,336,-1,-1,-1,-1
470,2,984,380,339,109,-1,-1,-1,-1
470,5,62,169,991,220,-1,-1,-1,-1
471,1,1056,181,863,336,-1,-1,-1,-1
471,2,987,381,335,108,-1,-1,-1,-1
471,5,62,169,990,220,-1,-1,-1,-1
472,1,1057,181,862,336,-1,-1,-1,-1
472,2,989,379,334,110,-1,-1,-1,-1
472,5,62,169,990,220,-1,-1,-1,-1
473,1,1059,182,860,335,-1,-1,-1,-1
473,2,990,379,336,111,-1,-1,-1,-1
473,5,62,169,991,220,-1,-1,-1,-1
474,1,1062,182,857,334,-1,-1,-1,-1
474,2,992,379,335,111,-1,-1,-1,-1
474,5,62,170,991,219,-1,-1,-1,-1
475,1,1063,181,856,335,-1,-1,-1,-1
475,2,996,379,331,111,-1,-1,-1,-1
475,5,63,170,989,218,-1,-1,-1,-1
476,1,1065,182,854,334,-1,-1,-1,-1
476,2,998,379,331,111,-1,-1,-1,-1
476,5,63,169,990,220,-1,-1,-1,-1
477,1,1067,183,852,336,-1,-1,-1,-1
477,2,1000,378,329,112,-1,-1,-1,-1
477,5,62,170,991,219,-1,-1,-1,-1
478,1,1068,183,851,335,-1,-1,-1,-1
478,2,999,378,333,113,-1,-1,-1,-1
478,5,63,170,989,218,-1,-1,-1,-1
479,1,1072,184,847,333,-1,-1,-1,-1
479,2,1002,378,330,113,-1,-1,-1,-1
479,5,62,169,993,220,-1,-1,-1,-1
480,1,1073,185,846,332,-1,-1,-1,-1
480,2,1005,378,330,112,-1,-1,-1,-1
480,5,62,169,993,220,-1,-1,-1,-1
481,1,1076,185,843,329,-1,-1,-1,-1
481,2,1007,378,329,113,-1,-1,-1,-1
481,5,62,169,993,220,-1,-1,-1,-1
482,1,1079,185,840,332,-1,-1,-1,-1
482,2,1005,377,336,115,-1,-1,-1,-1
482,5,62,169,993,220,-1,-1,-1,-1
483,1,1081,186,838,332,-1,-1,-1,-1
483,2,1007,378,334,114,-1,-1,-1,-1
483,5,62,169,993,220,-1,-1,-1,-1
484,1,1083,188,836,326,-1,-1,-1,-1
484,2,1009,379,332,113,-1,-1,-1,-1
484,5,62,170,994,219,-1,-1,-1,-1
485,1,1085,187,834,328,-1,-1,-1,-1
485,2,1011,379,334,113,-1,-1,-1,-1
485,5,63,171,993,217,-1,-1,-1,-1
486,1,1087,187,832,331,-1,-1,-1,-1
486,2,1012,379,334,113,-1,-1,-1,-1
486,5,62,170,994,218,-1,-1,-1,-1
487,1,1087,188,832,329,-1,-1,-1,-1
487,2,1016,379,332,113,-1,-1,-1,-1
487,5,62,170,996,219,-1,-1,-1,-1
488,1,1090,186,829,329,-1,-1,-1,-1
488,2,1018,380,334,112,-1,-1,-1,-1
488,5,62,171,995,217,-1,-1,-1,-1
489,1,1091,186,828,328,-1,-1,-1,-1
489,2,1021,380,335,111,-1,-1,-1,-1
489,5,62,170,995,218,-1,-1,-1,-1
490,1,1094,186,825,329,-1,-1,-1,-1
490,2,1022,381,334,109,-1,-1,-1,-1
490,5,62,169,995,220,-1,-1,-1,-1
491,1,1095,186,824,329,-1,-1,-1,-1
491,2,1024,380,332,110,-1,-1,-1,-1
491,5,61,169,996,220,-1,-1,-1,-1
492,1,1098,187,821,329,-1,-1,-1,-1
492,2,1024,380,337,111,-1,-1,-1,-1
492,5,61,169,996,220,-1,-1,-1,-1
493,1,1099,188,820,328,-1,-1,-1,-1
493,2,1029,381,329,109,-1,-1,-1,-1
493,5,61,169,996,220,-1,-1,-1,-1
494,1,1102,187,817,329,-1,-1,-1,-1
494,2,1029,381,332,110,-1,-1,-1,-1
494,5,62,169,994,219,-1,-1,-1,-1
495,1,1102,188,817,329,-1,-1,-1,-1
495,2,1032,382,329,108,-1,-1,-1,-1
495,5,61,168,995,221,-1,-1,-1,-1
496,1,1106,187,813,331,-1,-1,-1,-1
496,2,1034,382,326,108,-1,-1,-1,-1
496,5,61,169,995,220,-1,-1,-1,-1
497,1,1106,187,813,332,-1,-1,-1,-1
497,2,1036,381,327,109,-1,-1,-1,-1
497,5,62,169,993,219,-1,-1,-1,-1
498,1,1109,188,810,331,-1,-1,-1,-1
498,2,1038,381,329,110,-1,-1,-1,-1
498,5,62,169,992,218,-1,-1,-1,-1
499,1,1110,188,809,332,-1,-1,-1,-1
499,2,1037,381,337,111,-1,-1,-1,-1
499,5,62,169,992,219,-1,-1,-1,-1
500,1,1111,188,808,333,-1,-1,-1,-1
500,2,1041,381,330,111,-1,-1,-1,-1
500,5,61,170,993,219,-1,-1,-1,-1
501,1,1113,187,806,333,-1,-1,-1,-1
501,2,1042,382,340,110,-1,-1,-1,-1
501,5,64,170,989,219,-1,-1,-1,-1
502,1,1114,186,805,333,-1,-1,-1,-1
502,2,1043,383,331,109,-1,-1,-1,-1
502,5,63,169,992,220,-1,-1,-1,-1
503,1,1115,185,804,334,-1,-1,-1,-1
503,2,1043,383,334,110,-1,-1,-1,-1
503,5,63,169,992,220,-1,-1,-1,-1
504,1,1119,185,800,334,-1,-1,-1,-1
504,2,1046,383,331,109,-1,-1,-1,-1
504,5,63,169,992,220,-1,-1,-1,-1
505,1,1122,185,797,333,-1,-1,-1,-1
505,2,1046,382,334,110,-1,-1,-1,-1
505,5,64,170,990,219,-1,-1,-1,-1
506,1,1124,189,795,329,-1,-1,-1,-1
506,2,1049,384,333,108,-1,-1,-1,-1
506,5,63,169,992,220,-1,-1,-1,-1
507,1,1125,188,794,332,-1,-1,-1,-1
507,2,1051,383,333,109,-1,-1,-1,-1
507,5,64,169,990,219,-1,-1,-1,-1
508,1,1126,188,793,330,-1,-1,-1,-1
508,2,1051,383,334,110,-1,-1,-1,-1
508,5,64,170,990,218,-1,-1,-1,-1
509,1,1131,188,788,329,-1,-1,-1,-1
509,2,1053,383,334,110,-1,-1,-1,-1
509,5,64,170,990,218,-1,-1,-1,-1
510,1,1131,189,788,328,-1,-1,-1,-1
510,2,1055,384,332,110,-1,-1,-1,-1
510,5,64,170,990,219,-1,-1,-1,-1
511,1,1133,190,786,327,-1,-1,-1,-1
511,2,1058,384,330,109,-1,-1,-1,-1
511,5,63,169,992,221,-1,-1,-1,-1
512,1,1133,190,786,327,-1,-1,-1,-1
512,2,1060,384,327,108,-1,-1,-1,-1
512,5,63,169,992,220,-1,-1,-1,-1
513,1,1136,191,783,326,-1,-1,-1,-1
513,2,1061,384,328,109,-1,-1,-1,-1
513,5,62,170,993,219,-1,-1,-1,-1
514,1,1138,192,781,325,-1,-1,-1,-1
514,2,1062,384,330,109,-1,-1,-1,-1
514,5,63,170,991,219,-1,-1,-1,-1
515,1,1138,192,781,326,-1,-1,-1,-1
515,2,1064,385,328,107,-1,-1,-1,-1
515,5,63,169,992,220,-1,-1,-1,-1
516,1,1139,193,780,325,-1,-1,-1,-1
516,2,1068,385,324,107,-1,-1,-1,-1
516,5,62,169,993,220,-1,-1,-1,-1
517,1,1144,193,775,326,-1,-1,-1,-1
517,2,1068,386,329,106,-1,-1,-1,-1
517,5,64,170,990,219,-1,-1,-1,-1
518,1,1144,193,775,324,-1,-1,-1,-1
518,2,1069,385,329,107,-1,-1,-1,-1
518,5,63,169,992,220,-1,-1,-1,-1
519,1,1146,193,773,325,-1,-1,-1,-1
519,2,1070,386,331,107,-1,-1,-1,-1
519,5,64,170,990,219,-1,-1,-1,-1
520,1,1147,194,772,323,-1,-1,-1,-1
520,2,1073,387,326,106,-1,-1,-1,-1
520,5,64,169,990,220,-1,-1,-1,-1
521,1,1151,195,768,322,-1,-1,-1,-1
521,2,1077,387,326,105,-1,-1,-1,-1
521,5,64,168,991,222,-1,-1,-1,-1
522,1,1153,194,766,324,-1,-1,-1,-1
522,2,1076,387,329,106,-1,-1,-1,-1
522,5,63,169,992,221,-1,-1,-1,-1
523,1,1153,192,766,326,-1,-1,-1,-1
523,2,1079,387,328,105,-1,-1,-1,-1
523,5,64,169,990,220,-1,-1,-1,-1
524,1,1156,193,763,325,-1,-1,-1,-1
524,2,1080,386,329,107,-1,-1,-1,-1
524,5,63,169,992,221,-1,-1,-1,-1
525,1,1159,193,760,325,-1,-1,-1,-1
525,2,1082,386,328,108,-1,-1,-1,-1
525,5,63,169,992,220,-1,-1,-1,-1
526,1,1159,193,760,323,-1,-1,-1,-1
526,2,1085,387,325,107,-1,-1,-1,-1
526,5,64,170,990,218,-1,-1,-1,-1
527,1,1160,194,759,322,-1,-1,-1,-1
527,2,1091,390,320,104,-1,-1,-1,-1
527,5,64,170,990,218,-1,-1,-1,-1
528,1,1160,195,759,321,-1,-1,-1,-1
528,2,1089,389,323,105,-1,-1,-1,-1
528,5,64,169,990,219,-1,-1,-1,-1
529,1,1163,195,756,321,-1,-1,-1,-1
529,2,1089,388,329,106,-1,-1,-1,-1
529,5,63,168,992,220,-1,-1,-1,-1
530,1,1164,196,755,321,-1,-1,-1,-1
530,2,1092,388,331,105,-1,-1,-1,-1
530,5,64,169,990,220,-1,-1,-1,-1
531,1,1166,195,753,322,-1,-1,-1,-1
531,2,1095,387,325,106,-1,-1,-1,-1
531,5,63,169,992,220,-1,-1,-1,-1
532,1,1167,195,752,322,-1,-1,-1,-1
532,2,1094,387,332,107,-1,-1,-1,-1
532,5,64,170,990,218,-1,-1,-1,-1
533,1,1171,195,748,321,-1,-1,-1,-1
533,2,1096,386,327,107,-1,-1,-1,-1
533,5,63,170,991,218,-1,-1,-1,-1
534,1,1173,195,746,320,-1,-1,-1,-1
534,2,1099,386,323,109,-1,-1,-1,-1
534,5,63,170,991,218,-1,-1,-1,-1
535,1,1177,195,742,320,-1,-1,-1,-1
535,2,1099,385,323,108,-1,-1,-1,-1
535,5,64,170,990,218,-1,-1,-1,-1
536,1,1179,197,740,319,-1,-1,-1,-1
536,2,1103,387,324,107,-1,-1,-1,-1
536,5,63,169,991,219,-1,-1,-1,-1
537,1,1180,196,739,319,-1,-1,-1,-1
537,2,1106,388,320,106,-1,-1,-1,-1
537,5,62,169,993,220,-1,-1,-1,-1
538,1,1183,197,736,318,-1,-1,-1,-1
538,2,1107,387,323,108,-1,-1,-1,-1
538,5,64,169,990,219,-1,-1,-1,-1
539,1,1185,198,734,316,-1,-1,-1,-1
539,2,1108,387,323,108,-1,-1,-1,-1
539,5,62,168,993,221,-1,-1,-1,-1
540,1,1186,198,733,316,-1,-1,-1,-1
540,2,1106,387,327,107,-1,-1,-1,-1
540,5,62,169,993,220,-1,-1,-1,-1
541,1,1188,197,731,316,-1,-1,-1,-1
541,2,1108,389,326,106,-1,-1,-1,-1
541,5,64,169,990,219,-1,-1,-1,-1
542,1,1189,197,730,316,-1,-1,-1,-1
542,2,1110,387,325,107,-1,-1,-1,-1
542,5,63,168,992,221,-1,-1,-1,-1
543,1,1191,198,728,316,-1,-1,-1,-1
543,2,1111,388,327,107,-1,-1,-1,-1
543,5,63,168,993,221,-1,-1,-1,-1
544,1,1194,198,725,317,-1,-1,-1,-1
544,2,1114,387,323,107,-1,-1,-1,-1
544,5,65,169,990,220,-1,-1,-1,-1
545,1,1196,199,723,315,-1,-1,-1,-1
545,2,1114,386,327,109,-1,-1,-1,-1
545,5,63,168,993,221,-1,-1,-1,-1
546,1,1196,199,723,314,-1,-1,-1,-1
546,2,1116,387,326,108,-1,-1,-1,-1
546,5,63,168,993,220,-1,-1,-1,-1
547,1,1199,200,720,313,-1,-1,-1,-1
547,2,1118,387,328,108,-1,-1,-1,-1
547,5,64,168,991,220,-1,-1,-1,-1
548,1,1200,199,719,315,-1,-1,-1,-1
548,2,1120,388,322,107,-1,-1,-1,-1
548,5,63,168,992,220,-1,-1,-1,-1
549,1,1203,199,716,315,-1,-1,-1,-1
549,2,1121,387,325,108,-1,-1,-1,-1
549,5,63,169,994,220,-1,-1,-1,-1
550,1,1204,199,715,316,-1,-1,-1,-1
550,2,1124,389,322,106,-1,-1,-1,-1
550,5,64,169,990,219,-1,-1,-1,-1
551,1,1207,199,712,315,-1,-1,-1,-1
551,2,1129,390,320,104,-1,-1,-1,-1
551,5,61,170,994,219,-1,-1,-1,-1
552,1,1207,199,712,317,-1,-1,-1,-1
552,2,1129,390,320,105,-1,-1,-1,-1
552,5,62,171,993,219,-1,-1,-1,-1
553,1,1209,198,710,317,-1,-1,-1,-1
553,2,1131,390,322,106,-1,-1,-1,-1
553,5,63,170,991,219,-1,-1,-1,-1
554,1,1212,199,707,316,-1,-1,-1,-1
554,2,1133,389,322,105,-1,-1,-1,-1
554,5,62,170,993,220,-1,-1,-1,-1
555,1,1211,198,708,317,-1,-1,-1,-1
555,2,1134,390,324,106,-1,-1,-1,-1
555,5,62,170,993,220,-1,-1,-1,-1
556,1,1213,200,706,315,-1,-1,-1,-1
556,2,1137,390,321,105,-1,-1,-1,-1
556,5,63,170,991,219,-1,-1,-1,-1
557,1,1217,200,702,314,-1,-1,-1,-1
557,2,1136,392,325,105,-1,-1,-1,-1
557,5,62,170,993,220,-1,-1,-1,-1
558,1,1219,200,700,310,-1,-1,-1,-1
558,2,1141,390,318,105,-1,-1,-1,-1
558,5,63,170,991,219,-1,-1,-1,-1
559,1,1221,201,698,309,-1,-1,-1,-1
559,2,1141,390,320,106,-1,-1,-1,-1
559,5,62,169,994,221,-1,-1,-1,-1
560,1,1225,203,694,307,-1,-1,-1,-1
560,2,1142,390,321,107,-1,-1,-1,-1
560,5,62,169,993,221,-1,-1,-1,-1
561,1,1226,203,693,308,-1,-1,-1,-1
561,2,1143,389,321,107,-1,-1,-1,-1
561,5,62,169,993,221,-1,-1,-1,-1
562,1,1229,203,690,309,-1,-1,-1,-1
562,2,1144,391,322,106,-1,-1,-1,-1
562,5,62,169,993,221,-1,-1,-1,-1
563,1,1231,203,688,310,-1,-1,-1,-1
563,2,1150,392,315,104,-1,-1,-1,-1
563,5,62,169,993,221,-1,-1,-1,-1
564,1,1231,203,688,309,-1,-1,-1,-1
564,2,1152,391,316,106,-1,-1,-1,-1
564,5,62,169,993,221,-1,-1,-1,-1
565,1,1232,204,687,307,-1,-1,-1,-1
565,2,1153,391,316,106,-1,-1,-1,-1
565,5,62,169,993,220,-1,-1,-1,-1
566,1,1235,205,684,305,-1,-1,-1,-1
566,2,1155,392,316,105,-1,-1,-1,-1
566,5,63,170,991,218,-1,-1,-1,-1
567,1,1237,205,682,304,-1,-1,-1,-1
567,2,1157,391,315,106,-1,-1,-1,-1
567,5,62,170,992,218,-1,-1,-1,-1
568,1,1237,205,682,304,-1,-1,-1,-1
568,2,1158,391,318,106,-1,-1,-1,-1
568,5,63,170,991,218,-1,-1,-1,-1
569,1,1239,205,680,304,-1,-1,-1,-1
569,2,1157,390,320,107,-1,-1,-1,-1
569,5,63,170,991,218,-1,-1,-1,-1
570,1,1242,206,677,303,-1,-1,-1,-1
570,2,1157,390,322,107,-1,-1,-1,-1
570,5,63,170,991,218,-1,-1,-1,-1
571,1,1245,207,674,301,-1,-1,-1,-1
571,2,1161,390,318,107,-1,-1,-1,-1
571,5,63,170,991,219,-1,-1,-1,-1
572,1,1246,207,673,301,-1,-1,-1,-1
572,2,1161,390,320,108,-1,-1,-1,-1
572,5,62,169,993,221,-1,-1,-1,-1
573,1,1248,206,671,302,-1,-1,-1,-1
573,2,1163,390,320,107,-1,-1,-1,-1
573,5,62,169,994,220,-1,-1,-1,-1
574,1,1250,206,669,300,-1,-1,-1,-1
574,2,1167,390,316,107,-1,-1,-1,-1
574,5,62,170,995,218,-1,-1,-1,-1
575,1,1253,207,665,299,-1,-1,-1,-1
575,2,1171,394,317,103,-1,-1,-1,-1
575,5,63,169,994,219,-1,-1,-1,-1
576,1,1255,207,663,299,-1,-1,-1,-1
576,2,1174,394,314,103,-1,-1,-1,-1
576,5,62,169,996,220,-1,-1,-1,-1
577,1,1256,208,663,299,-1,-1,-1,-1
577,2,1175,394,314,104,-1,-1,-1,-1
577,5,62,170,997,219,-1,-1,-1,-1
578,1,1257,209,662,298,-1,-1,-1,-1
578,2,1178,394,312,102,-1,-1,-1,-1
578,5,63,171,995,217,-1,-1,-1,-1
579,1,1258,209,661,297,-1,-1,-1,-1
579,2,1179,394,313,103,-1,-1,-1,-1
579,5,63,170,995,218,-1,-1,-1,-1
580,1,1259,207,660,297,-1,-1,-1,-1
580,2,1179,395,315,103,-1,-1,-1,-1
580,5,63,169,995,219,-1,-1,-1,-1
581,1,1259,206,660,299,-1,-1,-1,-1
581,2,1181,394,313,103,-1,-1,-1,-1
581,5,63,169,995,220,-1,-1,-1,-1
582,1,1262,206,657,298,-1,-1,-1,-1
582,2,1179,393,320,104,-1,-1,-1,-1
582,5,62,169,996,220,-1,-1,-1,-1
583,1,1264,206,655,297,-1,-1,-1,-1
583,2,1180,395,321,102,-1,-1,-1,-1
583,5,63,169,994,220,-1,-1,-1,-1
584,1,1267,206,652,297,-1,-1,-1,-1
584,2,1181,395,320,101,-1,-1,-1,-1
584,5,62,168,996,222,-1,-1,-1,-1
585,1,1267,206,652,297,-1,-1,-1,-1
585,2,1184,397,319,101,-1,-1,-1,-1
585,5,62,169,996,220,-1,-1,-1,-1
586,1,1273,207,646,295,-1,-1,-1,-1
586,2,1187,396,318,102,-1,-1,-1,-1
586,5,62,170,996,219,-1,-1,-1,-1
587,1,1274,206,645,296,-1,-1,-1,-1
587,2,1189,394,316,104,-1,-1,-1,-1
587,5,63,170,993,218,-1,-1,-1,-1
588,1,1276,207,643,295,-1,-1,-1,-1
588,2,1192,397,322,101,-1,-1,-1,-1
588,5,63,170,993,218,-1,-1,-1,-1
589,1,1278,207,641,295,-1,-1,-1,-1
589,2,1192,395,316,102,-1,-1,-1,-1
589,5,63,170,994,218,-1,-1,-1,-1
590,1,1278,207,641,296,-1,-1,-1,-1
590,2,1192,395,317,103,-1,-1,-1,-1
590,5,64,170,993,218,-1,-1,-1,-1
591,1,1279,206,640,297,-1,-1,-1,-1
591,2,1195,398,324,100,-1,-1,-1,-1
591,5,63,170,995,218,-1,-1,-1,-1
592,1,1281,208,638,294,-1,-1,-1,-1
592,2,1197,395,320,103,-1,-1,-1,-1
592,5,64,170,992,218,-1,-1,-1,-1
593,1,1284,208,635,293,-1,-1,-1,-1
593,2,1197,394,315,104,-1,-1,-1,-1
593,5,64,170,992,218,-1,-1,-1,-1
594,1,1286,207,633,294,-1,-1,-1,-1
594,2,1198,395,324,104,-1,-1,-1,-1
594,5,63,170,993,218,-1,-1,-1,-1
595,1,1287,207,632,294,-1,-1,-1,-1
595,2,1204,394,312,104,-1,-1,-1,-1
595,5,64,170,991,219,-1,-1,-1,-1
596,1,1289,208,630,293,-1,-1,-1,-1
596,2,1203,394,318,105,-1,-1,-1,-1
596,5,63,169,993,220,-1,-1,-1,-1
597,1,1290,210,629,292,-1,-1,-1,-1
597,2,1206,395,318,104,-1,-1,-1,-1
597,5,63,170,993,219,-1,-1,-1,-1
598,1,1295,209,624,293,-1,-1,-1,-1
598,2,1209,393,315,104,-1,-1,-1,-1
598,5,64,171,991,217,-1,-1,-1,-1
599,1,1296,209,623,294,-1,-1,-1,-1
599,2,1207,393,318,105,-1,-1,-1,-1
599,5,64,171,991,217,-1,-1,-1,-1
600,1,1299,210,620,293,-1,-1,-1,-1
600,2,1210,392,316,105,-1,-1,-1,-1
600,5,63,171,992,217,-1,-1,-1,-1
601,1,1300,210,619,291,-1,-1,-1,-1
601,2,1209,394,319,104,-1,-1,-1,-1
601,5,62,171,995,217,-1,-1,-1,-1
602,1,1302,210,617,291,-1,-1,-1,-1
602,2,1211,397,328,103,-1,-1,-1,-1
602,5,62,171,994,217,-1,-1,-1,-1
603,1,1303,210,616,292,-1,-1,-1,-1
603,2,1216,397,321,102,-1,-1,-1,-1
603,5,62,171,993,217,-1,-1,-1,-1
604,1,1303,211,616,291,-1,-1,-1,-1
604,2,1218,397,322,103,-1,-1,-1,-1
604,5,62,170,993,218,-1,-1,-1,-1
605,1,1306,212,613,289,-1,-1,-1,-1
605,2,1215,398,327,102,-1,-1,-1,-1
605,5,62,169,994,220,-1,-1,-1,-1
606,1,1306,212,613,290,-1,-1,-1,-1
606,2,1220,397,320,102,-1,-1,-1,-1
606,5,62,169,995,220,-1,-1,-1,-1
607,1,1311,213,608,289,-1,-1,-1,-1
607,2,1222,397,318,103,-1,-1,-1,-1
607,5,62,170,994,219,-1,-1,-1,-1
608,1,1312,212,607,289,-1,-1,-1,-1
608,2,1227,401,318,100,-1,-1,-1,-1
608,5,63,170,992,218,-1,-1,-1,-1
609,1,1314,213,605,288,-1,-1,-1,-1
609,2,1227,402,319,99,-1,-1,-1,-1
609,5,62,170,994,219,-1,-1,-1,-1
610,1,1317,213,602,289,-1,-1,-1,-1
610,2,1225,402,322,99,-1,-1,-1,-1
610,5,63,171,992,217,-1,-1,-1,-1
611,1,1319,214,600,288,-1,-1,-1,-1
611,2,1231,402,321,99,-1,-1,-1,-1
611,5,63,171,992,217,-1,-1,-1,-1
612,1,1322,214,596,287,-1,-1,-1,-1
612,2,1233,402,317,98,-1,-1,-1,-1
612,5,63,170,992,218,-1,-1,-1,-1
613,1,1323,214,596,287,-1,-1,-1,-1
613,2,1238,401,314,99,-1,-1,-1,-1
613,5,62,169,993,220,-1,-1,-1,-1
614,1,1323,214,595,288,-1,-1,-1,-1
614,2,1234,401,318,99,-1,-1,-1,-1
614,5,62,170,993,219,-1,-1,-1,-1
615,1,1325,214,594,287,-1,-1,-1,-1
615,2,1236,401,319,100,-1,-1,-1,-1
615,5,63,171,992,217,-1,-1,-1,-1
616,1,1328,215,591,286,-1,-1,-1,-1
616,2,1237,401,319,100,-1,-1,-1,-1
616,5,62,171,993,217,-1,-1,-1,-1
617,1,1330,216,588,284,-1,-1,-1,-1
617,2,1237,401,323,99,-1,-1,-1,-1
617,5,62,171,992,217,-1,-1,-1,-1
618,1,1333,216,584,284,-1,-1,-1,-1
618,2,1244,400,315,100,-1,-1,-1,-1
618,5,61,171,994,217,-1,-1,-1,-1
619,1,1335,216,582,284,-1,-1,-1,-1
619,2,1240,399,322,101,-1,-1,-1,-1
619,5,62,171,992,217,-1,-1,-1,-1
620,1,1339,216,580,286,-1,-1,-1,-1
620,2,1241,398,325,103,-1,-1,-1,-1
620,5,62,170,992,218,-1,-1,-1,-1
621,1,1340,217,579,286,-1,-1,-1,-1
621,2,1246,398,324,103,-1,-1,-1,-1
621,5,61,169,994,220,-1,-1,-1,-1
622,1,1341,217,578,286,-1,-1,-1,-1
622,2,1250,399,317,102,-1,-1,-1,-1
622,5,61,170,994,219,-1,-1,-1,-1
623,1,1341,216,578,285,-1,-1,-1,-1
623,2,1254,399,316,101,-1,-1,-1,-1
623,5,61,171,993,217,-1,-1,-1,-1
624,1,1343,217,576,283,-1,-1,-1,-1
624,2,1258,399,312,102,-1,-1,-1,-1
624,5,60,171,995,218,-1,-1,-1,-1
625,1,1347,217,572,285,-1,-1,-1,-1
625,2,1258,401,317,101,-1,-1,-1,-1
625,5,62,171,992,217,-1,-1,-1,-1
626,1,1347,216,572,286,-1,-1,-1,-1
626,2,1260,402,317,100,-1,-1,-1,-1
626,5,62,171,992,217,-1,-1,-1,-1
627,1,1350,217,569,284,-1,-1,-1,-1
627,2,1257,402,322,101,-1,-1,-1,-1
627,5,62,171,992,217,-1,-1,-1,-1
628,1,1351,218,568,283,-1,-1,-1,-1
628,2,1253,402,324,100,-1,-1,-1,-1
628,5,61,171,994,218,-1,-1,-1,-1
629,1,1352,217,567,284,-1,-1,-1,-1
629,2,1259,403,321,100,-1,-1,-1,-1
629,5,63,171,991,217,-1,-1,-1,-1
630,1,1354,218,565,283,-1,-1,-1,-1
630,2,1257,402,320,100,-1,-1,-1,-1
630,5,62,170,993,219,-1,-1,-1,-1
631,1,1354,218,565,284,-1,-1,-1,-1
631,2,1257,402,322,101,-1,-1,-1,-1
631,5,62,170,991,218,-1,-1,-1,-1
632,1,1357,219,562,283,-1,-1,-1,-1
632,2,1258,401,321,101,-1,-1,-1,-1
632,5,61,170,994,219,-1,-1,-1,-1
633,1,1358,219,561,282,-1,-1,-1,-1
633,2,1265,401,323,103,-1,-1,-1,-1
633,5,62,170,992,218,-1,-1,-1,-1
634,1,1360,219,559,282,-1,-1,-1,-1
634,2,1271,402,313,102,-1,-1,-1,-1
634,5,62,169,993,220,-1,-1,-1,-1
635,1,1361,218,557,285,-1,-1,-1,-1
635,2,1270,403,315,101,-1,-1,-1,-1
635,5,62,169,993,220,-1,-1,-1,-1
636,1,1363,218,555,287,-1,-1,-1,-1
636,2,1275,401,318,101,-1,-1,-1,-1
636,5,62,169,993,220,-1,-1,-1,-1
637,1,1365,217,554,287,-1,-1,-1,-1
637,2,1270,399,322,103,-1,-1,-1,-1
637,5,62,169,993,220,-1,-1,-1,-1
638,1,1369,217,549,288,-1,-1,-1,-1
638,2,1277,401,312,104,-1,-1,-1,-1
638,5,61,169,994,220,-1,-1,-1,-1
639,1,1371,217,548,286,-1,-1,-1,-1
639,2,1278,401,312,104,-1,-1,-1,-1
639,5,62,169,993,220,-1,-1,-1,-1
640,1,1371,217,548,286,-1,-1,-1,-1
640,2,1279,400,317,103,-1,-1,-1,-1
640,5,61,169,995,220,-1,-1,-1,-1
641,1,1372,217,547,286,-1,-1,-1,-1
641,2,1284,401,307,103,-1,-1,-1,-1
641,5,61,169,995,220,-1,-1,-1,-1
642,1,1372,217,546,286,-1,-1,-1,-1
642,2,1288,401,306,104,-1,-1,-1,-1
642,5,61,169,995,220,-1,-1,-1,-1
643,1,1375,218,544,286,-1,-1,-1,-1
643,2,1279,400,320,103,-1,-1,-1,-1
643,5,61,169,995,220,-1,-1,-1,-1
644,1,1375,218,544,286,-1,-1,-1,-1
644,2,1290,401,307,103,-1,-1,-1,-1
644,5,61,169,995,220,-1,-1,-1,-1
645,1,1377,217,542,286,-1,-1,-1,-1
645,2,1282,401,320,103,-1,-1,-1,-1
645,5,61,169,994,220,-1,-1,-1,-1
646,1,1377,219,542,284,-1,-1,-1,-1
646,2,1285,401,314,103,-1,-1,-1,-1
646,5,62,169,993,220,-1,-1,-1,-1
647,1,1380,219,538,283,-1,-1,-1,-1
647,2,1284,401,316,104,-1,-1,-1,-1
647,5,61,169,994,220,-1,-1,-1,-1
648,1,1384,219,534,283,-1,-1,-1,-1
648,2,1293,398,313,105,-1,-1,-1,-1
648,5,61,169,995,220,-1,-1,-1,-1
649,1,1386,220,533,282,-1,-1,-1,-1
649,2,1289,401,313,104,-1,-1,-1,-1
649,5,62,169,992,220,-1,-1,-1,-1
650,1,1388,221,531,281,-1,-1,-1,-1
650,2,1296,400,320,103,-1,-1,-1,-1
650,5,61,169,993,220,-1,-1,-1,-1
651,1,1390,221,529,281,-1,-1,-1,-1
651,2,1298,401,310,102,-1,-1,-1,-1
651,5,62,169,991,220,-1,-1,-1,-1
652,1,1390,220,529,279,-1,-1,-1,-1
652,2,1299,401,319,101,-1,-1,-1,-1
652,5,62,170,992,219,-1,-1,-1,-1
653,1,1392,220,527,279,-1,-1,-1,-1
653,2,1300,401,311,102,-1,-1,-1,-1
653,5,62,170,991,218,-1,-1,-1,-1
654,1,1392,220,527,279,-1,-1,-1,-1
654,2,1304,402,314,101,-1,-1,-1,-1
654,5,63,170,990,219,-1,-1,-1,-1
655,1,1396,222,523,279,-1,-1,-1,-1
655,2,1306,401,307,102,-1,-1,-1,-1
655,5,61,169,993,221,-1,-1,-1,-1
656,1,1398,221,521,280,-1,-1,-1,-1
656,2,1298,402,315,101,-1,-1,-1,-1
656,5,61,170,993,220,-1,-1,-1,-1
657,1,1398,221,521,280,-1,-1,-1,-1
657,2,1297,402,315,100,-1,-1,-1,-1
657,5,62,171,991,219,-1,-1,-1,-1
658,1,1401,222,518,279,-1,-1,-1,-1
658,2,1295,402,321,101,-1,-1,-1,-1
658,5,62,170,991,219,-1,-1,-1,-1
659,1,1403,222,516,281,-1,-1,-1,-1
659,2,1315,402,309,101,-1,-1,-1,-1
659,5,63,170,992,219,-1,-1,-1,-1
660,1,1402,222,517,280,-1,-1,-1,-1
660,2,1305,401,315,103,-1,-1,-1,-1
660,5,61,169,994,221,-1,-1,-1,-1
661,1,1402,223,517,278,-1,-1,-1,-1
661,2,1313,401,308,103,-1,-1,-1,-1
661,5,61,169,994,220,-1,-1,-1,-1
662,1,1403,223,516,279,-1,-1,-1,-1
662,2,1303,401,318,103,-1,-1,-1,-1
662,5,63,169,991,219,-1,-1,-1,-1
663,1,1407,223,512,278,-1,-1,-1,-1
663,2,1315,401,316,103,-1,-1,-1,-1
663,5,62,168,994,220,-1,-1,-1,-1
664,1,1410,223,509,279,-1,-1,-1,-1
664,2,1312,403,322,101,-1,-1,-1,-1
664,5,61,169,996,220,-1,-1,-1,-1
665,1,1411,223,508,279,-1,-1,-1,-1
665,2,1323,402,310,101,-1,-1,-1,-1
665,5,62,170,994,218,-1,-1,-1,-1
666,1,1412,222,507,278,-1,-1,-1,-1
666,2,1319,401,316,103,-1,-1,-1,-1
666,5,62,169,994,219,-1,-1,-1,-1
667,1,1416,221,503,279,-1,-1,-1,-1
667,2,1323,401,316,103,-1,-1,-1,-1
667,5,60,169,997,220,-1,-1,-1,-1
668,1,1420,221,499,279,-1,-1,-1,-1
668,2,1318,401,326,103,-1,-1,-1,-1
668,5,62,169,994,219,-1,-1,-1,-1
669,1,1423,222,496,278,-1,-1,-1,-1
669,2,1317,401,326,103,-1,-1,-1,-1
669,5,61,168,996,221,-1,-1,-1,-1
670,1,1422,223,497,279,-1,-1,-1,-1
670,2,1319,402,323,102,-1,-1,-1,-1
670,5,61,168,997,221,-1,-1,-1,-1
671,1,1423,224,496,279,-1,-1,-1,-1
671,2,1316,401,330,103,-1,-1,-1,-1
671,5,61,168,997,221,-1,-1,-1,-1
672,1,1423,224,496,278,-1,-1,-1,-1
672,2,1317,402,321,103,-1,-1,-1,-1
672,5,61,168,997,221,-1,-1,-1,-1
673,1,1424,225,495,276,-1,-1,-1,-1
673,2,1324,401,316,103,-1,-1,-1,-1
673,5,62,169,996,220,-1,-1,-1,-1
674,1,1426,225,493,276,-1,-1,-1,-1
674,2,1329,404,312,101,-1,-1,-1,-1
674,5,62,170,994,218,-1,-1,-1,-1
675,1,1427,225,492,278,-1,-1,-1,-1
675,2,1321,404,323,100,-1,-1,-1,-1
675,5,61,170,995,218,-1,-1,-1,-1
