3,1,1509,380,206,158,-1,-1,-1,-1
3,2,514,281,179,119,-1,-1,-1,-1
4,1,1510,381,204,156,-1,-1,-1,-1
4,2,514,281,179,119,-1,-1,-1,-1
5,1,1510,381,204,156,-1,-1,-1,-1
5,2,514,281,179,119,-1,-1,-1,-1
6,1,1510,381,204,156,-1,-1,-1,-1
6,2,514,281,179,119,-1,-1,-1,-1
7,1,1510,381,204,156,-1,-1,-1,-1
7,2,514,281,179,119,-1,-1,-1,-1
8,1,1510,381,204,156,-1,-1,-1,-1
8,2,514,281,179,119,-1,-1,-1,-1
9,1,1510,381,204,156,-1,-1,-1,-1
9,2,514,281,179,119,-1,-1,-1,-1
10,1,1510,380,204,157,-1,-1,-1,-1
10,2,514,281,179,119,-1,-1,-1,-1
11,1,1509,379,206,159,-1,-1,-1,-1
11,2,514,281,179,119,-1,-1,-1,-1
12,1,1509,379,206,159,-1,-1,-1,-1
12,2,514,281,179,119,-1,-1,-1,-1
13,1,1509,379,206,159,-1,-1,-1,-1
13,2,514,281,179,119,-1,-1,-1,-1
14,1,1509,379,206,159,-1,-1,-1,-1
14,2,514,281,179,119,-1,-1,-1,-1
15,1,1509,379,206,159,-1,-1,-1,-1
15,2,514,281,179,119,-1,-1,-1,-1
16,1,1509,379,206,159,-1,-1,-1,-1
16,2,514,281,179,119,-1,-1,-1,-1
17,1,1509,380,206,158,-1,-1,-1,-1
17,2,514,281,179,118,-1,-1,-1,-1
18,1,1510,380,204,157,-1,-1,-1,-1
18,2,515,282,177,116,-1,-1,-1,-1
19,1,1509,379,206,159,-1,-1,-1,-1
19,2,515,282,177,117,-1,-1,-1,-1
20,1,1509,379,206,159,-1,-1,-1,-1
20,2,514,281,179,119,-1,-1,-1,-1
21,1,1509,379,206,159,-1,-1,-1,-1
21,2,514,281,179,119,-1,-1,-1,-1
22,1,1509,379,206,159,-1,-1,-1,-1
22,2,514,281,179,119,-1,-1,-1,-1
23,1,1509,379,206,159,-1,-1,-1,-1
23,2,514,281,179,119,-1,-1,-1,-1
24,1,1509,379,206,159,-1,-1,-1,-1
24,2,514,281,179,119,-1,-1,-1,-1
25,1,1509,379,206,159,-1,-1,-1,-1
25,2,515,281,178,118,-1,-1,-1,-1
26,1,1509,379,206,159,-1,-1,-1,-1
26,2,516,282,176,116,-1,-1,-1,-1
27,1,1509,379,206,159,-1,-1,-1,-1
27,2,516,282,176,116,-1,-1,-1,-1
28,1,1509,379,206,159,-1,-1,-1,-1
28,2,516,282,176,116,-1,-1,-1,-1
29,1,1509,380,206,158,-1,-1,-1,-1
29,2,516,282,176,116,-1,-1,-1,-1
30,1,1510,381,204,156,-1,-1,-1,-1
30,2,516,282,176,116,-1,-1,-1,-1
30,3,0,695,69,118,-1,-1,-1,-1
31,1,1510,381,204,156,-1,-1,-1,-1
31,2,515,282,177,116,-1,-1,-1,-1
31,3,0,694,77,119,-1,-1,-1,-1
32,1,1510,381,204,156,-1,-1,-1,-1
32,2,516,282,176,116,-1,-1,-1,-1
32,3,0,690,91,122,-1,-1,-1,-1
33,1,1510,381,204,156,-1,-1,-1,-1
33,2,516,282,176,117,-1,-1,-1,-1
33,3,0,688,95,120,-1,-1,-1,-1
34,1,1510,381,204,156,-1,-1,-1,-1
34,2,514,281,179,118,-1,-1,-1,-1
34,3,0,687,97,121,-1,-1,-1,-1
35,1,1510,380,204,157,-1,-1,-1,-1
35,2,515,282,177,116,-1,-1,-1,-1
35,3,1,685,108,122,-1,-1,-1,-1
36,1,1509,379,206,159,-1,-1,-1,-1
36,2,515,282,177,116,-1,-1,-1,-1
36,3,0,683,116,126,-1,-1,-1,-1
37,1,1509,379,206,159,-1,-1,-1,-1
37,2,515,282,177,116,-1,-1,-1,-1
37,3,2,683,115,128,-1,-1,-1,-1
38,1,1509,380,206,158,-1,-1,-1,-1
38,2,515,282,177,116,-1,-1,-1,-1
38,3,1,683,127,128,-1,-1,-1,-1
39,1,1510,381,204,156,-1,-1,-1,-1
39,2,515,282,177,117,-1,-1,-1,-1
39,3,0,680,137,130,-1,-1,-1,-1
40,1,1510,381,204,156,-1,-1,-1,-1
40,2,514,281,179,119,-1,-1,-1,-1
40,3,1,679,142,132,-1,-1,-1,-1
41,1,1510,381,204,156,-1,-1,-1,-1
41,2,514,281,179,118,-1,-1,-1,-1
41,3,1,678,144,134,-1,-1,-1,-1
42,1,1510,381,204,156,-1,-1,-1,-1
42,2,515,282,177,116,-1,-1,-1,-1
42,3,0,672,161,140,-1,-1,-1,-1
43,1,1510,380,204,157,-1,-1,-1,-1
43,2,515,282,177,117,-1,-1,-1,-1
43,3,0,675,166,136,-1,-1,-1,-1
44,1,1509,380,206,158,-1,-1,-1,-1
44,2,514,281,179,118,-1,-1,-1,-1
44,3,2,669,169,148,-1,-1,-1,-1
45,1,1510,381,204,156,-1,-1,-1,-1
45,2,515,282,177,116,-1,-1,-1,-1
45,3,0,667,180,150,-1,-1,-1,-1
46,1,1510,381,204,156,-1,-1,-1,-1
46,2,515,282,177,116,-1,-1,-1,-1
46,3,0,664,197,152,-1,-1,-1,-1
47,1,1510,380,204,157,-1,-1,-1,-1
47,2,515,282,177,116,-1,-1,-1,-1
47,3,0,655,200,164,-1,-1,-1,-1
48,1,1509,379,206,159,-1,-1,-1,-1
48,2,515,282,177,117,-1,-1,-1,-1
48,3,0,646,203,176,-1,-1,-1,-1
49,1,1509,380,206,158,-1,-1,-1,-1
49,2,514,281,179,119,-1,-1,-1,-1
49,3,0,636,209,187,-1,-1,-1,-1
50,1,1510,380,204,157,-1,-1,-1,-1
50,2,514,281,179,119,-1,-1,-1,-1
50,3,0,624,223,200,-1,-1,-1,-1
51,1,1509,380,206,158,-1,-1,-1,-1
51,2,514,281,179,118,-1,-1,-1,-1
51,3,0,627,224,198,-1,-1,-1,-1
52,1,1510,380,204,157,-1,-1,-1,-1
52,2,515,282,177,117,-1,-1,-1,-1
52,3,0,622,227,202,-1,-1,-1,-1
53,1,1509,380,206,158,-1,-1,-1,-1
53,2,514,282,179,118,-1,-1,-1,-1
53,3,0,625,240,201,-1,-1,-1,-1
54,1,1510,381,204,156,-1,-1,-1,-1
54,2,514,281,179,118,-1,-1,-1,-1
54,3,0,611,246,219,-1,-1,-1,-1
55,1,1510,381,204,156,-1,-1,-1,-1
55,2,515,282,177,116,-1,-1,-1,-1
55,3,0,609,248,223,-1,-1,-1,-1
56,1,1510,381,204,156,-1,-1,-1,-1
56,2,516,282,176,116,-1,-1,-1,-1
56,3,0,609,253,220,-1,-1,-1,-1
57,1,1510,381,204,156,-1,-1,-1,-1
57,2,516,282,176,116,-1,-1,-1,-1
57,3,0,610,268,222,-1,-1,-1,-1
58,1,1510,381,204,156,-1,-1,-1,-1
58,2,516,282,176,117,-1,-1,-1,-1
58,3,0,612,275,218,-1,-1,-1,-1
59,1,1510,381,204,157,-1,-1,-1,-1
59,2,515,281,178,118,-1,-1,-1,-1
59,3,0,610,276,221,-1,-1,-1,-1
60,1,1510,380,204,157,-1,-1,-1,-1
60,2,516,282,176,116,-1,-1,-1,-1
60,3,0,616,286,217,-1,-1,-1,-1
61,1,1509,379,206,159,-1,-1,-1,-1
61,2,516,281,176,117,-1,-1,-1,-1
61,3,1,613,297,222,-1,-1,-1,-1
62,1,1509,380,206,158,-1,-1,-1,-1
62,2,515,281,178,118,-1,-1,-1,-1
62,3,2,613,298,224,-1,-1,-1,-1
63,1,1510,380,204,157,-1,-1,-1,-1
63,2,515,281,178,117,-1,-1,-1,-1
63,3,2,611,300,232,-1,-1,-1,-1
64,1,1509,380,206,158,-1,-1,-1,-1
64,2,516,282,176,116,-1,-1,-1,-1
64,3,0,593,318,261,-1,-1,-1,-1
65,1,1510,381,204,156,-1,-1,-1,-1
65,2,516,282,176,116,-1,-1,-1,-1
65,3,0,574,327,281,-1,-1,-1,-1
66,1,1509,381,205,157,-1,-1,-1,-1
66,2,515,281,177,117,-1,-1,-1,-1
66,3,0,574,328,282,-1,-1,-1,-1
67,1,1509,380,206,158,-1,-1,-1,-1
67,2,515,281,178,117,-1,-1,-1,-1
67,3,0,571,333,284,-1,-1,-1,-1
68,1,1510,380,204,157,-1,-1,-1,-1
68,2,515,282,177,116,-1,-1,-1,-1
68,3,0,565,350,290,-1,-1,-1,-1
69,1,1509,380,206,158,-1,-1,-1,-1
69,2,515,281,178,117,-1,-1,-1,-1
69,3,0,553,355,303,-1,-1,-1,-1
70,1,1510,380,204,157,-1,-1,-1,-1
70,2,515,282,177,116,-1,-1,-1,-1
70,3,0,553,355,305,-1,-1,-1,-1
71,1,1509,379,206,159,-1,-1,-1,-1
71,2,514,281,179,117,-1,-1,-1,-1
71,3,0,557,361,299,-1,-1,-1,-1
72,1,1509,380,206,158,-1,-1,-1,-1
72,2,516,282,176,116,-1,-1,-1,-1
72,3,0,548,377,306,-1,-1,-1,-1
73,1,1510,380,204,157,-1,-1,-1,-1
73,2,516,282,176,116,-1,-1,-1,-1
73,3,0,543,383,312,-1,-1,-1,-1
74,1,1509,379,206,159,-1,-1,-1,-1
74,2,516,281,176,117,-1,-1,-1,-1
74,3,0,542,385,314,-1,-1,-1,-1
75,1,1509,379,206,158,-1,-1,-1,-1
75,2,515,281,178,118,-1,-1,-1,-1
75,3,0,538,393,318,-1,-1,-1,-1
76,1,1510,379,205,158,-1,-1,-1,-1
76,2,516,281,176,117,-1,-1,-1,-1
76,3,0,536,409,322,-1,-1,-1,-1
77,1,1509,380,206,158,-1,-1,-1,-1
77,2,515,280,178,119,-1,-1,-1,-1
77,3,0,535,413,323,-1,-1,-1,-1
78,1,1510,380,204,157,-1,-1,-1,-1
78,2,514,280,179,119,-1,-1,-1,-1
78,3,0,535,415,324,-1,-1,-1,-1
79,1,1510,379,205,158,-1,-1,-1,-1
79,2,514,281,179,118,-1,-1,-1,-1
79,3,0,533,427,327,-1,-1,-1,-1
80,1,1509,379,206,159,-1,-1,-1,-1
80,2,515,282,177,116,-1,-1,-1,-1
80,3,0,531,437,331,-1,-1,-1,-1
81,1,1509,380,206,158,-1,-1,-1,-1
81,2,515,282,177,116,-1,-1,-1,-1
81,3,0,529,438,334,-1,-1,-1,-1
82,1,1510,381,204,156,-1,-1,-1,-1
82,2,515,281,177,117,-1,-1,-1,-1
82,3,0,529,444,335,-1,-1,-1,-1
83,1,1510,380,204,157,-1,-1,-1,-1
83,2,514,281,179,117,-1,-1,-1,-1
83,3,0,529,444,335,-1,-1,-1,-1
84,1,1510,379,205,158,-1,-1,-1,-1
84,2,515,282,177,116,-1,-1,-1,-1
84,3,0,527,457,337,-1,-1,-1,-1
85,1,1509,379,206,159,-1,-1,-1,-1
85,2,515,281,177,117,-1,-1,-1,-1
85,3,0,524,463,342,-1,-1,-1,-1
86,1,1509,379,206,159,-1,-1,-1,-1
86,2,514,280,179,119,-1,-1,-1,-1
86,3,0,525,466,341,-1,-1,-1,-1
87,1,1510,379,205,158,-1,-1,-1,-1
87,2,514,281,179,118,-1,-1,-1,-1
87,3,0,526,475,340,-1,-1,-1,-1
88,1,1510,379,204,158,-1,-1,-1,-1
88,2,515,282,177,116,-1,-1,-1,-1
88,3,0,527,490,341,-1,-1,-1,-1
89,1,1509,380,206,158,-1,-1,-1,-1
89,2,515,282,177,116,-1,-1,-1,-1
89,3,0,526,492,342,-1,-1,-1,-1
90,1,1510,380,204,157,-1,-1,-1,-1
90,2,515,281,178,117,-1,-1,-1,-1
90,3,0,528,495,339,-1,-1,-1,-1
91,1,1510,379,204,158,-1,-1,-1,-1
91,2,516,282,176,116,-1,-1,-1,-1
91,3,0,527,504,339,-1,-1,-1,-1
92,1,1510,379,204,158,-1,-1,-1,-1
92,2,516,282,176,116,-1,-1,-1,-1
92,3,0,525,518,340,-1,-1,-1,-1
93,1,1509,379,206,159,-1,-1,-1,-1
93,2,515,281,178,117,-1,-1,-1,-1
93,3,0,524,518,342,-1,-1,-1,-1
94,1,1509,379,206,159,-1,-1,-1,-1
94,2,516,282,176,116,-1,-1,-1,-1
94,3,0,525,522,340,-1,-1,-1,-1
95,1,1510,379,205,158,-1,-1,-1,-1
95,2,516,282,176,117,-1,-1,-1,-1
95,3,0,525,536,339,-1,-1,-1,-1
96,1,1510,379,204,158,-1,-1,-1,-1
96,2,515,281,178,118,-1,-1,-1,-1
96,3,0,525,545,339,-1,-1,-1,-1
97,1,1509,379,206,159,-1,-1,-1,-1
97,2,514,281,179,117,-1,-1,-1,-1
97,3,0,525,545,339,-1,-1,-1,-1
98,1,1510,379,204,158,-1,-1,-1,-1
98,2,516,282,176,116,-1,-1,-1,-1
98,3,0,527,551,336,-1,-1,-1,-1
99,1,1510,380,204,157,-1,-1,-1,-1
99,2,515,282,177,116,-1,-1,-1,-1
99,3,1,527,568,335,-1,-1,-1,-1
100,1,1510,380,204,157,-1,-1,-1,-1
100,2,515,282,177,116,-1,-1,-1,-1
100,3,1,527,574,336,-1,-1,-1,-1
101,1,1509,379,206,159,-1,-1,-1,-1
101,2,514,281,178,117,-1,-1,-1,-1
101,3,1,526,574,337,-1,-1,-1,-1
102,1,1509,379,206,159,-1,-1,-1,-1
102,2,515,282,177,116,-1,-1,-1,-1
102,3,0,526,582,337,-1,-1,-1,-1
103,1,1510,380,204,157,-1,-1,-1,-1
103,2,515,282,178,116,-1,-1,-1,-1
103,3,0,524,595,340,-1,-1,-1,-1
104,1,1509,380,206,158,-1,-1,-1,-1
104,2,515,281,177,117,-1,-1,-1,-1
104,3,0,524,600,341,-1,-1,-1,-1
105,1,1510,380,204,157,-1,-1,-1,-1
105,2,515,281,178,117,-1,-1,-1,-1
105,3,0,525,601,340,-1,-1,-1,-1
106,1,1509,379,206,159,-1,-1,-1,-1
106,2,515,282,177,116,-1,-1,-1,-1
106,3,0,525,614,338,-1,-1,-1,-1
107,1,1509,379,206,158,-1,-1,-1,-1
107,2,515,282,178,116,-1,-1,-1,-1
107,3,0,525,626,337,-1,-1,-1,-1
108,1,1509,379,206,159,-1,-1,-1,-1
108,2,514,281,179,117,-1,-1,-1,-1
108,3,0,525,632,338,-1,-1,-1,-1
109,1,1509,379,206,159,-1,-1,-1,-1
109,2,514,282,178,117,-1,-1,-1,-1
109,3,0,525,634,337,-1,-1,-1,-1
110,1,1510,380,204,157,-1,-1,-1,-1
110,2,515,282,177,116,-1,-1,-1,-1
110,3,0,525,645,336,-1,-1,-1,-1
111,1,1510,379,205,158,-1,-1,-1,-1
111,2,515,281,177,117,-1,-1,-1,-1
111,3,0,523,654,340,-1,-1,-1,-1
112,1,1509,379,206,159,-1,-1,-1,-1
112,2,514,281,179,118,-1,-1,-1,-1
112,3,0,523,666,340,-1,-1,-1,-1
113,1,1509,380,206,158,-1,-1,-1,-1
113,2,515,282,177,117,-1,-1,-1,-1
113,3,0,523,670,339,-1,-1,-1,-1
114,1,1510,381,204,156,-1,-1,-1,-1
114,2,514,281,179,119,-1,-1,-1,-1
114,3,0,525,684,336,-1,-1,-1,-1
115,1,1510,381,204,156,-1,-1,-1,-1
115,2,514,281,179,118,-1,-1,-1,-1
115,3,0,522,694,341,-1,-1,-1,-1
116,1,1510,381,204,156,-1,-1,-1,-1
116,2,514,282,178,116,-1,-1,-1,-1
116,3,0,522,693,342,-1,-1,-1,-1
117,1,1510,380,204,157,-1,-1,-1,-1
117,2,515,282,177,116,-1,-1,-1,-1
117,3,0,521,694,344,-1,-1,-1,-1
118,1,1509,379,206,159,-1,-1,-1,-1
118,2,516,281,177,117,-1,-1,-1,-1
118,3,0,523,710,341,-1,-1,-1,-1
119,1,1509,379,206,159,-1,-1,-1,-1
119,2,516,281,176,117,-1,-1,-1,-1
119,3,6,523,702,341,-1,-1,-1,-1
120,1,1509,380,206,158,-1,-1,-1,-1
120,2,515,280,178,119,-1,-1,-1,-1
120,3,6,523,702,341,-1,-1,-1,-1
121,1,1510,380,204,157,-1,-1,-1,-1
121,2,514,281,178,118,-1,-1,-1,-1
121,3,5,525,708,339,-1,-1,-1,-1
122,1,1509,380,206,158,-1,-1,-1,-1
122,2,516,281,176,117,-1,-1,-1,-1
122,3,6,525,716,338,-1,-1,-1,-1
123,1,1510,380,204,157,-1,-1,-1,-1
123,2,516,281,176,117,-1,-1,-1,-1
123,3,7,522,725,341,-1,-1,-1,-1
124,1,1509,380,206,158,-1,-1,-1,-1
124,2,515,282,177,117,-1,-1,-1,-1
124,3,7,522,727,342,-1,-1,-1,-1
125,1,1510,380,204,157,-1,-1,-1,-1
125,2,516,281,176,117,-1,-1,-1,-1
125,3,5,523,733,341,-1,-1,-1,-1
126,1,1509,379,206,159,-1,-1,-1,-1
126,2,515,280,178,119,-1,-1,-1,-1
126,3,4,523,750,340,-1,-1,-1,-1
127,1,1509,379,206,159,-1,-1,-1,-1
127,2,515,280,178,118,-1,-1,-1,-1
127,3,5,521,763,343,-1,-1,-1,-1
128,1,1509,380,206,158,-1,-1,-1,-1
128,2,515,280,178,119,-1,-1,-1,-1
128,3,5,521,764,344,-1,-1,-1,-1
129,1,1510,381,204,156,-1,-1,-1,-1
129,2,515,281,178,118,-1,-1,-1,-1
129,3,4,522,769,342,-1,-1,-1,-1
130,1,1509,380,206,157,-1,-1,-1,-1
130,2,516,281,177,117,-1,-1,-1,-1
130,3,4,521,779,343,-1,-1,-1,-1
131,1,1510,381,204,156,-1,-1,-1,-1
131,2,516,281,176,117,-1,-1,-1,-1
131,3,0,521,796,344,-1,-1,-1,-1
132,1,1510,380,204,157,-1,-1,-1,-1
132,2,515,280,178,119,-1,-1,-1,-1
132,3,0,521,797,345,-1,-1,-1,-1
133,1,1509,380,206,158,-1,-1,-1,-1
133,2,515,281,178,118,-1,-1,-1,-1
133,3,0,522,801,344,-1,-1,-1,-1
134,1,1509,380,206,158,-1,-1,-1,-1
134,2,516,281,175,117,-1,-1,-1,-1
134,3,0,521,815,345,-1,-1,-1,-1
135,1,1510,381,204,156,-1,-1,-1,-1
135,2,515,281,177,118,-1,-1,-1,-1
135,3,0,520,824,346,-1,-1,-1,-1
136,1,1509,381,205,157,-1,-1,-1,-1
136,2,515,282,177,116,-1,-1,-1,-1
136,3,0,520,826,346,-1,-1,-1,-1
137,1,1510,381,204,156,-1,-1,-1,-1
137,2,516,282,175,116,-1,-1,-1,-1
137,3,0,522,834,343,-1,-1,-1,-1
138,1,1509,380,206,158,-1,-1,-1,-1
138,2,516,281,177,117,-1,-1,-1,-1
138,3,8,521,838,342,-1,-1,-1,-1
139,1,1510,380,204,157,-1,-1,-1,-1
139,2,516,282,176,116,-1,-1,-1,-1
139,3,15,520,834,343,-1,-1,-1,-1
140,1,1509,380,206,158,-1,-1,-1,-1
140,2,516,281,176,117,-1,-1,-1,-1
140,3,24,521,829,343,-1,-1,-1,-1
141,1,1510,380,204,157,-1,-1,-1,-1
141,2,515,281,178,118,-1,-1,-1,-1
141,3,38,521,823,342,-1,-1,-1,-1
142,1,1509,379,206,159,-1,-1,-1,-1
142,2,516,282,176,116,-1,-1,-1,-1
142,3,48,522,820,340,-1,-1,-1,-1
143,1,1509,379,206,159,-1,-1,-1,-1
143,2,516,281,176,117,-1,-1,-1,-1
143,3,51,522,820,340,-1,-1,-1,-1
144,1,1509,380,205,158,-1,-1,-1,-1
144,2,515,281,177,118,-1,-1,-1,-1
144,3,52,522,822,340,-1,-1,-1,-1
145,1,1509,380,206,158,-1,-1,-1,-1
145,2,516,281,177,118,-1,-1,-1,-1
145,3,60,523,824,340,-1,-1,-1,-1
146,1,1509,380,206,158,-1,-1,-1,-1
146,2,515,281,178,118,-1,-1,-1,-1
146,3,65,520,834,343,-1,-1,-1,-1
147,1,1510,380,204,157,-1,-1,-1,-1
147,2,516,281,175,117,-1,-1,-1,-1
147,3,66,519,835,345,-1,-1,-1,-1
148,1,1509,379,206,159,-1,-1,-1,-1
148,2,516,281,176,118,-1,-1,-1,-1
148,3,67,519,837,344,-1,-1,-1,-1
149,1,1510,379,205,158,-1,-1,-1,-1
149,2,515,281,178,118,-1,-1,-1,-1
149,3,84,520,828,342,-1,-1,-1,-1
150,1,1509,379,206,159,-1,-1,-1,-1
150,2,516,282,176,116,-1,-1,-1,-1
150,3,91,520,848,343,-1,-1,-1,-1
151,1,1509,379,206,159,-1,-1,-1,-1
151,2,516,282,176,116,-1,-1,-1,-1
151,3,99,520,843,343,-1,-1,-1,-1
152,1,1509,379,206,159,-1,-1,-1,-1
152,2,516,282,176,116,-1,-1,-1,-1
152,3,110,521,830,341,-1,-1,-1,-1
153,1,1510,379,205,158,-1,-1,-1,-1
153,2,516,282,176,116,-1,-1,-1,-1
153,3,129,521,820,341,-1,-1,-1,-1
154,1,1509,379,206,158,-1,-1,-1,-1
154,2,516,281,176,117,-1,-1,-1,-1
154,3,142,520,819,341,-1,-1,-1,-1
155,1,1509,380,205,158,-1,-1,-1,-1
155,2,515,282,177,117,-1,-1,-1,-1
155,3,143,520,819,342,-1,-1,-1,-1
156,1,1510,380,204,158,-1,-1,-1,-1
156,2,515,282,177,117,-1,-1,-1,-1
156,3,146,521,818,342,-1,-1,-1,-1
157,1,1509,379,206,159,-1,-1,-1,-1
157,2,515,281,177,117,-1,-1,-1,-1
157,3,152,521,826,339,-1,-1,-1,-1
158,1,1510,379,205,158,-1,-1,-1,-1
158,2,515,280,178,119,-1,-1,-1,-1
158,3,164,519,823,343,-1,-1,-1,-1
159,1,1509,380,205,158,-1,-1,-1,-1
159,2,515,281,178,118,-1,-1,-1,-1
159,3,164,518,824,344,-1,-1,-1,-1
160,1,1510,380,204,158,-1,-1,-1,-1
160,2,516,281,176,117,-1,-1,-1,-1
160,3,167,517,826,345,-1,-1,-1,-1
161,1,1509,379,206,158,-1,-1,-1,-1
161,2,515,281,178,118,-1,-1,-1,-1
161,3,177,517,831,344,-1,-1,-1,-1
162,1,1510,380,204,157,-1,-1,-1,-1
162,2,516,281,176,117,-1,-1,-1,-1
162,3,181,517,838,345,-1,-1,-1,-1
163,1,1510,381,204,156,-1,-1,-1,-1
163,2,515,281,178,118,-1,-1,-1,-1
163,3,181,517,839,344,-1,-1,-1,-1
164,1,1510,380,204,157,-1,-1,-1,-1
164,2,516,281,176,117,-1,-1,-1,-1
164,3,193,518,835,343,-1,-1,-1,-1
165,1,1509,380,206,158,-1,-1,-1,-1
165,2,515,280,178,119,-1,-1,-1,-1
165,3,194,519,834,342,-1,-1,-1,-1
166,1,1509,380,206,157,-1,-1,-1,-1
166,2,515,280,178,118,-1,-1,-1,-1
166,3,215,519,828,340,-1,-1,-1,-1
167,1,1510,381,204,155,-1,-1,-1,-1
167,2,515,280,178,119,-1,-1,-1,-1
167,3,228,520,820,339,-1,-1,-1,-1
168,1,1511,381,203,155,-1,-1,-1,-1
168,2,515,281,177,118,-1,-1,-1,-1
168,3,229,521,820,339,-1,-1,-1,-1
169,1,1510,381,204,155,-1,-1,-1,-1
169,2,516,281,176,118,-1,-1,-1,-1
169,3,235,520,823,340,-1,-1,-1,-1
170,1,1510,381,204,155,-1,-1,-1,-1
170,2,515,280,178,118,-1,-1,-1,-1
170,3,246,520,823,339,-1,-1,-1,-1
171,1,1511,381,203,156,-1,-1,-1,-1
171,2,515,280,178,119,-1,-1,-1,-1
171,3,252,519,823,340,-1,-1,-1,-1
172,1,1510,381,204,157,-1,-1,-1,-1
172,2,515,281,177,118,-1,-1,-1,-1
172,3,252,519,823,340,-1,-1,-1,-1
173,1,1509,380,206,157,-1,-1,-1,-1
173,2,516,281,176,118,-1,-1,-1,-1
173,3,259,520,824,339,-1,-1,-1,-1
174,1,1511,380,203,156,-1,-1,-1,-1
174,2,515,280,178,118,-1,-1,-1,-1
174,3,273,517,825,342,-1,-1,-1,-1
175,1,1511,381,203,156,-1,-1,-1,-1
175,2,516,281,176,118,-1,-1,-1,-1
175,3,281,517,825,343,-1,-1,-1,-1
176,1,1510,380,205,157,-1,-1,-1,-1
176,2,514,281,179,118,-1,-1,-1,-1
176,3,282,517,825,343,-1,-1,-1,-1
177,1,1510,380,205,157,-1,-1,-1,-1
177,2,515,281,177,117,-1,-1,-1,-1
177,3,290,518,826,341,-1,-1,-1,-1
178,1,1510,380,204,156,-1,-1,-1,-1
178,2,514,281,179,118,-1,-1,-1,-1
178,3,308,520,826,338,-1,-1,-1,-1
179,1,1510,380,205,157,-1,-1,-1,-1
179,2,516,282,176,116,-1,-1,-1,-1
179,3,314,520,822,338,-1,-1,-1,-1
180,1,1510,381,204,155,-1,-1,-1,-1
180,2,516,281,176,117,-1,-1,-1,-1
180,3,316,520,822,338,-1,-1,-1,-1
181,1,1510,380,204,157,-1,-1,-1,-1
181,2,515,281,178,118,-1,-1,-1,-1
181,3,326,521,820,338,-1,-1,-1,-1
182,1,1509,380,206,157,-1,-1,-1,-1
182,2,516,280,177,118,-1,-1,-1,-1
182,3,339,518,818,339,-1,-1,-1,-1
183,1,1510,381,204,155,-1,-1,-1,-1
183,2,516,280,177,118,-1,-1,-1,-1
183,3,345,517,819,340,-1,-1,-1,-1
184,1,1510,381,204,156,-1,-1,-1,-1
184,2,515,281,178,118,-1,-1,-1,-1
184,3,345,518,820,340,-1,-1,-1,-1
185,1,1510,381,204,155,-1,-1,-1,-1
185,2,515,281,177,117,-1,-1,-1,-1
185,3,351,518,823,339,-1,-1,-1,-1
186,1,1510,381,204,155,-1,-1,-1,-1
186,2,515,280,178,118,-1,-1,-1,-1
186,3,364,516,823,341,-1,-1,-1,-1
187,1,1510,381,204,155,-1,-1,-1,-1
187,2,515,280,178,119,-1,-1,-1,-1
187,3,368,516,823,342,-1,-1,-1,-1
188,1,1510,381,204,156,-1,-1,-1,-1
188,2,515,281,177,118,-1,-1,-1,-1
188,3,369,515,825,344,-1,-1,-1,-1
189,1,1510,381,204,155,-1,-1,-1,-1
189,2,516,281,177,117,-1,-1,-1,-1
189,3,379,515,827,344,-1,-1,-1,-1
190,1,1511,380,203,156,-1,-1,-1,-1
190,2,516,280,177,118,-1,-1,-1,-1
190,3,392,517,834,341,-1,-1,-1,-1
191,1,1510,381,204,156,-1,-1,-1,-1
191,2,515,280,178,119,-1,-1,-1,-1
191,3,398,518,830,340,-1,-1,-1,-1
192,1,1511,381,203,155,-1,-1,-1,-1
192,2,515,281,177,118,-1,-1,-1,-1
192,3,404,518,825,340,-1,-1,-1,-1
193,1,1511,381,203,155,-1,-1,-1,-1
193,2,516,280,177,118,-1,-1,-1,-1
193,3,422,518,818,338,-1,-1,-1,-1
194,1,1511,380,204,156,-1,-1,-1,-1
194,2,516,280,177,118,-1,-1,-1,-1
194,3,433,517,816,338,-1,-1,-1,-1
195,1,1511,381,203,156,-1,-1,-1,-1
195,2,515,281,177,118,-1,-1,-1,-1
195,3,434,517,815,339,-1,-1,-1,-1
196,1,1511,381,203,155,-1,-1,-1,-1
196,2,515,281,177,118,-1,-1,-1,-1
196,3,436,517,817,339,-1,-1,-1,-1
197,1,1510,380,204,156,-1,-1,-1,-1
197,2,514,281,179,118,-1,-1,-1,-1
197,3,445,517,822,339,-1,-1,-1,-1
198,1,1509,380,206,156,-1,-1,-1,-1
198,2,516,281,176,117,-1,-1,-1,-1
198,3,458,515,820,338,-1,-1,-1,-1
199,1,1509,381,205,156,-1,-1,-1,-1
199,2,514,281,179,118,-1,-1,-1,-1
199,3,458,515,821,340,-1,-1,-1,-1
200,1,1510,381,204,155,-1,-1,-1,-1
200,2,515,281,177,118,-1,-1,-1,-1
200,3,461,515,822,341,-1,-1,-1,-1
201,1,1510,381,204,155,-1,-1,-1,-1
201,2,514,280,179,119,-1,-1,-1,-1
201,3,472,516,824,340,-1,-1,-1,-1
202,1,1510,380,204,156,-1,-1,-1,-1
202,2,515,280,178,118,-1,-1,-1,-1
202,3,482,515,834,341,-1,-1,-1,-1
203,1,1510,380,205,157,-1,-1,-1,-1
203,2,515,280,177,119,-1,-1,-1,-1
203,3,487,514,833,342,-1,-1,-1,-1
204,1,1511,381,203,156,-1,-1,-1,-1
204,2,514,281,178,118,-1,-1,-1,-1
204,3,490,515,829,341,-1,-1,-1,-1
205,1,1510,381,204,155,-1,-1,-1,-1
205,2,515,281,177,118,-1,-1,-1,-1
205,3,505,517,820,338,-1,-1,-1,-1
206,1,1510,380,204,156,-1,-1,-1,-1
206,2,514,280,179,119,-1,-1,-1,-1
206,3,526,515,813,339,-1,-1,-1,-1
207,1,1511,380,202,156,-1,-1,-1,-1
207,2,515,280,177,118,-1,-1,-1,-1
207,3,529,514,814,341,-1,-1,-1,-1
208,1,1510,380,204,157,-1,-1,-1,-1
208,2,515,281,177,118,-1,-1,-1,-1
208,3,529,515,815,340,-1,-1,-1,-1
209,1,1511,381,203,155,-1,-1,-1,-1
209,2,515,280,178,120,-1,-1,-1,-1
209,3,535,516,817,339,-1,-1,-1,-1
210,1,1511,380,203,156,-1,-1,-1,-1
210,2,515,280,178,119,-1,-1,-1,-1
210,3,547,515,819,338,-1,-1,-1,-1
211,1,1510,381,205,156,-1,-1,-1,-1
211,2,515,281,177,118,-1,-1,-1,-1
211,3,552,514,818,339,-1,-1,-1,-1
212,1,1510,381,204,156,-1,-1,-1,-1
212,2,514,280,179,119,-1,-1,-1,-1
212,3,551,514,820,339,-1,-1,-1,-1
213,1,1511,381,203,155,-1,-1,-1,-1
213,2,515,281,177,117,-1,-1,-1,-1
213,3,560,515,817,339,-1,-1,-1,-1
214,1,1511,380,203,156,-1,-1,-1,-1
214,2,515,281,177,117,-1,-1,-1,-1
214,3,575,513,821,341,-1,-1,-1,-1
215,1,1511,380,203,156,-1,-1,-1,-1
215,2,515,281,177,117,-1,-1,-1,-1
215,3,581,513,829,341,-1,-1,-1,-1
216,1,1510,381,204,156,-1,-1,-1,-1
216,2,514,281,178,118,-1,-1,-1,-1
216,3,582,514,828,340,-1,-1,-1,-1
217,1,1510,381,205,156,-1,-1,-1,-1
217,2,515,281,177,117,-1,-1,-1,-1
217,3,592,515,823,339,-1,-1,-1,-1
218,1,1510,380,203,156,-1,-1,-1,-1
218,2,516,281,176,117,-1,-1,-1,-1
218,3,611,515,812,338,-1,-1,-1,-1
219,1,1511,381,202,155,-1,-1,-1,-1
219,2,516,281,176,117,-1,-1,-1,-1
219,3,622,514,812,339,-1,-1,-1,-1
220,1,1510,381,204,156,-1,-1,-1,-1
220,2,515,281,177,118,-1,-1,-1,-1
220,3,623,515,811,340,-1,-1,-1,-1
221,1,1511,381,203,156,-1,-1,-1,-1
221,2,516,281,176,118,-1,-1,-1,-1
221,3,625,515,814,341,-1,-1,-1,-1
222,1,1511,380,203,156,-1,-1,-1,-1
222,2,516,280,177,118,-1,-1,-1,-1
222,3,637,513,813,342,-1,-1,-1,-1
223,1,1511,380,203,156,-1,-1,-1,-1
223,2,516,281,176,117,-1,-1,-1,-1
223,3,644,512,817,342,-1,-1,-1,-1
224,1,1510,381,204,156,-1,-1,-1,-1
224,2,515,281,177,118,-1,-1,-1,-1
224,3,645,513,817,341,-1,-1,-1,-1
225,1,1511,381,203,155,-1,-1,-1,-1
225,2,515,281,178,118,-1,-1,-1,-1
225,3,650,514,815,341,-1,-1,-1,-1
226,1,1511,380,202,156,-1,-1,-1,-1
226,2,516,282,176,116,-1,-1,-1,-1
226,3,665,511,817,345,-1,-1,-1,-1
227,1,1511,380,202,156,-1,-1,-1,-1
227,2,516,281,176,117,-1,-1,-1,-1
227,3,679,510,814,346,-1,-1,-1,-1
228,1,1510,381,204,156,-1,-1,-1,-1
228,2,515,281,178,118,-1,-1,-1,-1
228,3,674,510,827,348,-1,-1,-1,-1
229,1,1510,381,204,156,-1,-1,-1,-1
229,2,515,281,177,117,-1,-1,-1,-1
229,3,675,511,828,346,-1,-1,-1,-1
230,1,1511,380,202,156,-1,-1,-1,-1
230,2,515,281,178,118,-1,-1,-1,-1
230,3,694,513,821,341,-1,-1,-1,-1
231,1,1511,380,202,156,-1,-1,-1,-1
231,2,516,282,176,116,-1,-1,-1,-1
231,3,715,513,814,340,-1,-1,-1,-1
232,1,1510,381,204,156,-1,-1,-1,-1
232,2,515,282,177,116,-1,-1,-1,-1
232,3,718,512,814,342,-1,-1,-1,-1
233,1,1510,381,204,156,-1,-1,-1,-1
233,2,516,282,176,116,-1,-1,-1,-1
233,3,719,513,814,341,-1,-1,-1,-1
234,1,1511,380,203,156,-1,-1,-1,-1
234,2,516,282,176,116,-1,-1,-1,-1
234,3,726,513,811,340,-1,-1,-1,-1
235,1,1511,380,203,156,-1,-1,-1,-1
235,2,516,281,176,117,-1,-1,-1,-1
235,3,739,512,811,340,-1,-1,-1,-1
236,1,1510,380,205,157,-1,-1,-1,-1
236,2,514,281,179,118,-1,-1,-1,-1
236,3,741,512,815,341,-1,-1,-1,-1
237,1,1510,381,204,156,-1,-1,-1,-1
237,2,514,282,178,117,-1,-1,-1,-1
237,3,742,513,815,340,-1,-1,-1,-1
238,1,1511,381,202,155,-1,-1,-1,-1
238,2,516,282,176,116,-1,-1,-1,-1
238,3,751,512,814,341,-1,-1,-1,-1
239,1,1511,380,202,156,-1,-1,-1,-1
239,2,516,282,176,117,-1,-1,-1,-1
239,3,769,511,817,342,-1,-1,-1,-1
240,1,1510,381,204,156,-1,-1,-1,-1
240,2,516,281,176,118,-1,-1,-1,-1
240,3,771,510,823,342,-1,-1,-1,-1
241,1,1510,381,204,156,-1,-1,-1,-1
241,2,515,281,178,118,-1,-1,-1,-1
241,3,769,510,827,343,-1,-1,-1,-1
242,1,1511,381,202,155,-1,-1,-1,-1
242,2,515,282,177,116,-1,-1,-1,-1
242,3,779,512,822,339,-1,-1,-1,-1
243,1,1511,380,202,156,-1,-1,-1,-1
243,2,516,282,176,116,-1,-1,-1,-1
243,3,802,512,810,338,-1,-1,-1,-1
244,1,1511,381,202,155,-1,-1,-1,-1
244,2,516,282,176,116,-1,-1,-1,-1
244,3,814,513,805,336,-1,-1,-1,-1
245,1,1510,381,204,156,-1,-1,-1,-1
245,2,515,282,177,117,-1,-1,-1,-1
245,3,815,513,805,336,-1,-1,-1,-1
246,1,1510,381,204,156,-1,-1,-1,-1
246,2,515,282,177,117,-1,-1,-1,-1
246,3,818,513,806,337,-1,-1,-1,-1
247,1,1510,381,204,156,-1,-1,-1,-1
247,2,515,282,177,117,-1,-1,-1,-1
247,3,819,514,805,335,-1,-1,-1,-1
248,1,1511,380,202,156,-1,-1,-1,-1
248,2,516,282,176,116,-1,-1,-1,-1
248,3,828,514,805,337,-1,-1,-1,-1
249,1,1510,380,204,156,-1,-1,-1,-1
249,2,516,282,176,116,-1,-1,-1,-1
249,3,841,514,804,336,-1,-1,-1,-1
250,1,1511,381,202,155,-1,-1,-1,-1
250,2,514,282,178,117,-1,-1,-1,-1
250,3,845,516,802,334,-1,-1,-1,-1
251,1,1510,381,204,156,-1,-1,-1,-1
251,2,514,282,178,117,-1,-1,-1,-1
251,3,846,517,802,332,-1,-1,-1,-1
252,1,1510,380,204,156,-1,-1,-1,-1
252,2,515,282,177,116,-1,-1,-1,-1
252,3,853,516,807,334,-1,-1,-1,-1
253,1,1511,381,202,155,-1,-1,-1,-1
253,2,515,282,177,116,-1,-1,-1,-1
253,3,862,516,809,333,-1,-1,-1,-1
254,1,1510,381,204,156,-1,-1,-1,-1
254,2,515,282,177,117,-1,-1,-1,-1
254,3,862,518,810,330,-1,-1,-1,-1
255,1,1510,380,204,156,-1,-1,-1,-1
255,2,515,282,177,117,-1,-1,-1,-1
255,3,863,520,808,327,-1,-1,-1,-1
256,1,1511,381,202,155,-1,-1,-1,-1
256,2,516,282,176,116,-1,-1,-1,-1
256,3,869,523,804,322,-1,-1,-1,-1
257,1,1510,380,204,156,-1,-1,-1,-1
257,2,516,282,176,116,-1,-1,-1,-1
257,3,876,526,807,317,-1,-1,-1,-1
258,1,1511,381,202,154,-1,-1,-1,-1
258,2,515,282,178,116,-1,-1,-1,-1
258,3,888,528,795,311,-1,-1,-1,-1
259,1,1511,381,202,154,-1,-1,-1,-1
259,2,514,282,178,117,-1,-1,-1,-1
259,3,894,531,789,307,-1,-1,-1,-1
260,1,1511,381,202,154,-1,-1,-1,-1
260,2,515,282,177,116,-1,-1,-1,-1
260,3,899,533,789,306,-1,-1,-1,-1
261,1,1511,381,202,154,-1,-1,-1,-1
261,2,516,282,176,116,-1,-1,-1,-1
261,3,910,534,786,303,-1,-1,-1,-1
262,1,1510,381,204,155,-1,-1,-1,-1
262,2,516,282,176,116,-1,-1,-1,-1
262,3,914,535,782,300,-1,-1,-1,-1
263,1,1511,382,202,153,-1,-1,-1,-1
263,2,516,282,176,116,-1,-1,-1,-1
263,3,921,538,775,295,-1,-1,-1,-1
264,1,1511,382,202,153,-1,-1,-1,-1
264,2,515,282,178,116,-1,-1,-1,-1
264,3,924,542,771,291,-1,-1,-1,-1
265,1,1511,382,202,153,-1,-1,-1,-1
265,2,515,281,177,118,-1,-1,-1,-1
265,3,928,543,768,289,-1,-1,-1,-1
266,1,1511,381,202,154,-1,-1,-1,-1
266,2,516,282,176,117,-1,-1,-1,-1
266,3,946,545,745,291,-1,-1,-1,-1
267,1,1510,380,204,155,-1,-1,-1,-1
267,2,515,281,178,117,-1,-1,-1,-1
267,3,954,546,736,290,-1,-1,-1,-1
268,1,1511,380,202,155,-1,-1,-1,-1
268,2,515,282,177,116,-1,-1,-1,-1
268,3,966,547,723,289,-1,-1,-1,-1
269,1,1510,380,204,155,-1,-1,-1,-1
269,2,515,282,177,116,-1,-1,-1,-1
269,3,975,550,713,284,-1,-1,-1,-1
270,1,1511,380,202,155,-1,-1,-1,-1
270,2,516,282,176,116,-1,-1,-1,-1
270,3,987,552,698,278,-1,-1,-1,-1
271,1,1510,381,204,155,-1,-1,-1,-1
271,2,515,281,178,117,-1,-1,-1,-1
271,3,988,558,717,272,-1,-1,-1,-1
272,1,1511,382,202,153,-1,-1,-1,-1
272,2,515,282,177,116,-1,-1,-1,-1
272,3,995,561,714,268,-1,-1,-1,-1
273,1,1511,382,202,153,-1,-1,-1,-1
273,2,515,282,177,117,-1,-1,-1,-1
273,3,997,564,715,266,-1,-1,-1,-1
274,1,1511,382,202,153,-1,-1,-1,-1
274,2,514,281,179,118,-1,-1,-1,-1
274,3,1011,562,697,269,-1,-1,-1,-1
275,1,1511,382,202,153,-1,-1,-1,-1
275,2,515,281,177,117,-1,-1,-1,-1
275,3,1014,563,706,266,-1,-1,-1,-1
276,1,1511,382,202,153,-1,-1,-1,-1
276,2,515,282,177,116,-1,-1,-1,-1
276,3,1021,563,717,263,-1,-1,-1,-1
277,1,1511,382,202,153,-1,-1,-1,-1
277,2,515,282,177,116,-1,-1,-1,-1
277,3,1012,569,744,257,-1,-1,-1,-1
278,1,1511,382,202,153,-1,-1,-1,-1
278,2,515,282,177,116,-1,-1,-1,-1
278,3,1017,569,754,254,-1,-1,-1,-1
279,1,1511,382,202,153,-1,-1,-1,-1
279,2,514,281,178,117,-1,-1,-1,-1
279,3,1022,569,761,254,-1,-1,-1,-1
280,1,1511,382,202,153,-1,-1,-1,-1
280,2,515,282,177,116,-1,-1,-1,-1
280,3,1022,569,774,253,-1,-1,-1,-1
281,1,1511,382,202,153,-1,-1,-1,-1
281,2,515,281,177,118,-1,-1,-1,-1
281,3,1023,569,781,252,-1,-1,-1,-1
282,1,1511,382,202,153,-1,-1,-1,-1
282,2,514,282,178,116,-1,-1,-1,-1
282,3,1025,570,786,251,-1,-1,-1,-1
283,1,1511,382,202,153,-1,-1,-1,-1
283,2,515,281,177,117,-1,-1,-1,-1
283,3,1030,568,799,252,-1,-1,-1,-1
284,1,1511,382,202,153,-1,-1,-1,-1
284,2,514,281,179,118,-1,-1,-1,-1
284,3,1031,567,815,251,-1,-1,-1,-1
285,1,1511,382,202,153,-1,-1,-1,-1
285,2,515,282,177,117,-1,-1,-1,-1
285,3,1037,567,821,250,-1,-1,-1,-1
286,1,1510,382,203,154,-1,-1,-1,-1
286,2,514,282,178,117,-1,-1,-1,-1
286,3,1041,566,829,252,-1,-1,-1,-1
287,1,1510,382,204,154,-1,-1,-1,-1
287,2,514,281,178,118,-1,-1,-1,-1
287,3,1048,564,836,254,-1,-1,-1,-1
288,1,1511,381,202,154,-1,-1,-1,-1
288,2,515,282,177,116,-1,-1,-1,-1
288,3,1052,563,852,252,-1,-1,-1,-1
289,1,1510,382,204,154,-1,-1,-1,-1
289,2,514,281,178,118,-1,-1,-1,-1
289,3,1046,558,869,254,-1,-1,-1,-1
290,1,1511,382,202,153,-1,-1,-1,-1
290,2,515,282,176,116,-1,-1,-1,-1
290,3,1051,555,866,255,-1,-1,-1,-1
291,1,1510,382,204,154,-1,-1,-1,-1
291,2,514,281,178,118,-1,-1,-1,-1
291,3,1056,554,860,253,-1,-1,-1,-1
292,1,1510,382,204,154,-1,-1,-1,-1
292,2,514,281,179,118,-1,-1,-1,-1
292,3,1063,553,852,251,-1,-1,-1,-1
293,1,1510,382,203,153,-1,-1,-1,-1
293,2,514,281,178,117,-1,-1,-1,-1
293,3,1072,549,840,249,-1,-1,-1,-1
294,1,1510,382,204,154,-1,-1,-1,-1
294,2,515,282,177,117,-1,-1,-1,-1
294,3,1075,546,836,247,-1,-1,-1,-1
295,1,1510,381,203,154,-1,-1,-1,-1
295,2,514,281,179,118,-1,-1,-1,-1
295,3,1084,544,827,248,-1,-1,-1,-1
296,1,1510,382,204,154,-1,-1,-1,-1
296,2,515,282,177,117,-1,-1,-1,-1
296,3,1089,543,823,249,-1,-1,-1,-1
297,1,1510,382,204,154,-1,-1,-1,-1
297,2,514,281,179,119,-1,-1,-1,-1
297,3,1094,541,818,252,-1,-1,-1,-1
298,1,1511,381,202,154,-1,-1,-1,-1
298,2,514,281,179,119,-1,-1,-1,-1
298,3,1096,538,818,252,-1,-1,-1,-1
299,1,1511,381,203,155,-1,-1,-1,-1
299,2,514,281,179,118,-1,-1,-1,-1
299,3,1104,537,811,246,-1,-1,-1,-1
300,1,1511,381,203,155,-1,-1,-1,-1
300,2,514,281,178,117,-1,-1,-1,-1
300,3,1109,538,806,238,-1,-1,-1,-1
301,1,1511,382,203,154,-1,-1,-1,-1
301,2,515,282,177,116,-1,-1,-1,-1
301,3,1112,538,803,235,-1,-1,-1,-1
302,1,1511,381,203,155,-1,-1,-1,-1
302,2,514,281,178,117,-1,-1,-1,-1
302,3,1115,536,802,235,-1,-1,-1,-1
303,1,1512,381,201,154,-1,-1,-1,-1
303,2,515,282,177,117,-1,-1,-1,-1
303,3,1118,533,797,232,-1,-1,-1,-1
304,1,1511,382,203,154,-1,-1,-1,-1
304,2,514,281,179,118,-1,-1,-1,-1
304,3,1123,532,792,230,-1,-1,-1,-1
305,1,1512,382,202,154,-1,-1,-1,-1
305,2,514,281,178,117,-1,-1,-1,-1
305,3,1124,532,791,229,-1,-1,-1,-1
306,1,1512,381,201,154,-1,-1,-1,-1
306,2,515,282,177,117,-1,-1,-1,-1
306,3,1125,528,789,229,-1,-1,-1,-1
307,1,1512,381,202,154,-1,-1,-1,-1
307,2,514,281,179,119,-1,-1,-1,-1
307,3,1124,521,788,231,-1,-1,-1,-1
308,1,1513,382,200,153,-1,-1,-1,-1
308,2,514,281,179,119,-1,-1,-1,-1
308,3,1125,520,788,231,-1,-1,-1,-1
309,1,1513,382,200,153,-1,-1,-1,-1
309,2,514,281,179,119,-1,-1,-1,-1
309,3,1126,520,786,231,-1,-1,-1,-1
310,1,1513,382,200,152,-1,-1,-1,-1
310,2,514,281,179,119,-1,-1,-1,-1
310,3,1127,516,785,231,-1,-1,-1,-1
311,1,1513,382,200,152,-1,-1,-1,-1
311,2,514,281,179,119,-1,-1,-1,-1
311,3,1125,513,788,223,-1,-1,-1,-1
312,1,1513,382,200,153,-1,-1,-1,-1
312,2,514,281,179,118,-1,-1,-1,-1
312,3,1127,515,785,221,-1,-1,-1,-1
313,1,1513,382,200,153,-1,-1,-1,-1
313,2,514,282,178,117,-1,-1,-1,-1
313,3,1126,514,786,221,-1,-1,-1,-1
314,1,1513,382,200,152,-1,-1,-1,-1
314,2,513,281,180,118,-1,-1,-1,-1
314,3,1125,511,790,221,-1,-1,-1,-1
315,1,1513,382,200,152,-1,-1,-1,-1
315,2,515,282,177,116,-1,-1,-1,-1
315,3,1126,509,788,219,-1,-1,-1,-1
316,1,1513,382,200,153,-1,-1,-1,-1
316,2,515,282,177,116,-1,-1,-1,-1
316,3,1126,507,788,220,-1,-1,-1,-1
317,1,1513,382,200,153,-1,-1,-1,-1
317,2,515,282,177,116,-1,-1,-1,-1
317,3,1125,507,790,220,-1,-1,-1,-1
318,1,1514,382,199,152,-1,-1,-1,-1
318,2,515,282,177,116,-1,-1,-1,-1
318,3,1127,505,786,219,-1,-1,-1,-1
319,1,1514,382,199,152,-1,-1,-1,-1
319,2,515,282,177,116,-1,-1,-1,-1
319,3,1126,500,789,219,-1,-1,-1,-1
320,1,1514,382,199,153,-1,-1,-1,-1
320,2,515,282,177,116,-1,-1,-1,-1
320,3,1128,498,786,219,-1,-1,-1,-1
321,1,1513,382,201,153,-1,-1,-1,-1
321,2,516,282,177,117,-1,-1,-1,-1
321,3,1128,497,786,220,-1,-1,-1,-1
322,1,1514,381,199,153,-1,-1,-1,-1
322,2,515,282,177,116,-1,-1,-1,-1
322,3,1127,496,788,219,-1,-1,-1,-1
323,1,1514,382,200,153,-1,-1,-1,-1
323,2,515,281,177,117,-1,-1,-1,-1
323,3,1125,492,788,217,-1,-1,-1,-1
324,1,1515,383,198,151,-1,-1,-1,-1
324,2,515,282,177,117,-1,-1,-1,-1
324,3,1126,493,787,215,-1,-1,-1,-1
325,1,1514,382,199,152,-1,-1,-1,-1
325,2,514,282,178,117,-1,-1,-1,-1
325,3,1126,492,787,216,-1,-1,-1,-1
326,1,1513,382,201,153,-1,-1,-1,-1
326,2,515,282,177,116,-1,-1,-1,-1
326,3,1124,490,790,217,-1,-1,-1,-1
327,1,1514,383,199,151,-1,-1,-1,-1
327,2,515,282,177,116,-1,-1,-1,-1
327,3,1124,487,789,215,-1,-1,-1,-1
328,1,1514,383,199,152,-1,-1,-1,-1
328,2,514,281,179,118,-1,-1,-1,-1
328,3,1123,486,790,214,-1,-1,-1,-1
329,1,1514,383,199,152,-1,-1,-1,-1
329,2,514,282,179,117,-1,-1,-1,-1
329,3,1125,487,787,212,-1,-1,-1,-1
330,1,1514,382,199,152,-1,-1,-1,-1
330,2,514,282,179,117,-1,-1,-1,-1
330,3,1125,487,787,213,-1,-1,-1,-1
331,1,1512,381,202,154,-1,-1,-1,-1
331,2,514,281,179,118,-1,-1,-1,-1
331,3,1124,485,787,214,-1,-1,-1,-1
332,1,1512,382,202,153,-1,-1,-1,-1
332,2,515,282,177,116,-1,-1,-1,-1
332,3,1121,482,791,211,-1,-1,-1,-1
333,1,1513,383,200,151,-1,-1,-1,-1
333,2,515,281,177,117,-1,-1,-1,-1
333,3,1121,481,790,210,-1,-1,-1,-1
334,1,1513,383,200,152,-1,-1,-1,-1
334,2,515,281,178,118,-1,-1,-1,-1
334,3,1121,481,790,210,-1,-1,-1,-1
335,1,1513,383,200,151,-1,-1,-1,-1
335,2,515,282,178,117,-1,-1,-1,-1
335,3,1122,480,789,210,-1,-1,-1,-1
336,1,1513,382,200,152,-1,-1,-1,-1
336,2,515,282,177,117,-1,-1,-1,-1
336,3,1122,476,788,210,-1,-1,-1,-1
337,1,1512,382,203,152,-1,-1,-1,-1
337,2,514,281,179,118,-1,-1,-1,-1
337,3,1122,474,790,211,-1,-1,-1,-1
338,1,1513,382,201,151,-1,-1,-1,-1
338,2,515,282,177,116,-1,-1,-1,-1
338,3,1123,475,788,210,-1,-1,-1,-1
339,1,1512,382,203,152,-1,-1,-1,-1
339,2,515,282,177,117,-1,-1,-1,-1
339,3,1122,473,789,212,-1,-1,-1,-1
340,1,1513,382,201,151,-1,-1,-1,-1
340,2,514,281,179,118,-1,-1,-1,-1
340,3,1121,468,791,210,-1,-1,-1,-1
341,1,1512,382,203,152,-1,-1,-1,-1
341,2,515,282,177,117,-1,-1,-1,-1
341,3,1122,466,791,208,-1,-1,-1,-1
342,1,1513,383,201,150,-1,-1,-1,-1
342,2,514,281,179,119,-1,-1,-1,-1
342,3,1124,466,788,208,-1,-1,-1,-1
343,1,1513,383,201,150,-1,-1,-1,-1
343,2,514,281,179,118,-1,-1,-1,-1
343,3,1124,465,788,208,-1,-1,-1,-1
344,1,1513,383,201,150,-1,-1,-1,-1
344,2,515,282,177,117,-1,-1,-1,-1
344,3,1123,461,791,209,-1,-1,-1,-1
345,1,1513,383,201,151,-1,-1,-1,-1
345,2,514,281,179,119,-1,-1,-1,-1
345,3,1123,458,792,204,-1,-1,-1,-1
346,1,1512,382,203,153,-1,-1,-1,-1
346,2,514,281,179,119,-1,-1,-1,-1
346,3,1123,458,791,203,-1,-1,-1,-1
347,1,1512,382,203,153,-1,-1,-1,-1
347,2,514,281,179,119,-1,-1,-1,-1
347,3,1124,457,790,204,-1,-1,-1,-1
348,1,1513,383,201,152,-1,-1,-1,-1
348,2,514,281,179,119,-1,-1,-1,-1
348,3,1121,454,794,204,-1,-1,-1,-1
349,1,1512,382,203,154,-1,-1,-1,-1
349,2,514,281,179,118,-1,-1,-1,-1
349,3,1121,453,794,200,-1,-1,-1,-1
350,1,1512,382,203,154,-1,-1,-1,-1
350,2,515,282,177,117,-1,-1,-1,-1
350,3,1122,453,793,199,-1,-1,-1,-1
351,1,1513,382,202,154,-1,-1,-1,-1
351,2,514,281,179,118,-1,-1,-1,-1
351,3,1121,452,794,199,-1,-1,-1,-1
352,1,1514,383,200,153,-1,-1,-1,-1
352,2,515,282,177,116,-1,-1,-1,-1
352,3,1122,451,792,197,-1,-1,-1,-1
353,1,1515,383,199,155,-1,-1,-1,-1
353,2,515,282,177,116,-1,-1,-1,-1
353,3,1121,450,793,194,-1,-1,-1,-1
354,1,1515,383,200,156,-1,-1,-1,-1
354,2,515,282,177,116,-1,-1,-1,-1
354,3,1123,449,790,193,-1,-1,-1,-1
355,1,1516,384,198,155,-1,-1,-1,-1
355,2,515,282,177,116,-1,-1,-1,-1
355,3,1123,448,790,193,-1,-1,-1,-1
356,1,1516,384,199,156,-1,-1,-1,-1
356,2,515,282,177,116,-1,-1,-1,-1
356,3,1122,447,791,194,-1,-1,-1,-1
357,1,1517,383,198,163,-1,-1,-1,-1
357,2,515,282,177,116,-1,-1,-1,-1
357,3,1121,445,792,191,-1,-1,-1,-1
358,1,1516,382,200,165,-1,-1,-1,-1
358,2,515,282,177,117,-1,-1,-1,-1
358,3,1120,444,793,189,-1,-1,-1,-1
359,1,1515,381,202,167,-1,-1,-1,-1
359,2,514,281,179,119,-1,-1,-1,-1
359,3,1120,444,793,188,-1,-1,-1,-1
360,1,1515,381,202,167,-1,-1,-1,-1
360,2,514,281,179,118,-1,-1,-1,-1
360,3,1118,444,796,187,-1,-1,-1,-1
361,1,1515,381,202,167,-1,-1,-1,-1
361,2,515,281,177,117,-1,-1,-1,-1
361,3,1116,440,799,187,-1,-1,-1,-1
362,1,1515,381,203,167,-1,-1,-1,-1
362,2,515,282,177,117,-1,-1,-1,-1
362,3,1115,439,799,185,-1,-1,-1,-1
363,1,1515,381,202,167,-1,-1,-1,-1
363,2,514,281,179,118,-1,-1,-1,-1
363,3,1116,439,797,185,-1,-1,-1,-1
364,1,1515,381,202,165,-1,-1,-1,-1
364,2,515,282,177,116,-1,-1,-1,-1
364,3,1115,438,798,185,-1,-1,-1,-1
365,1,1515,381,202,164,-1,-1,-1,-1
365,2,515,281,177,117,-1,-1,-1,-1
365,3,1115,437,796,183,-1,-1,-1,-1
366,1,1514,381,203,162,-1,-1,-1,-1
366,2,515,282,177,116,-1,-1,-1,-1
366,3,1115,435,795,182,-1,-1,-1,-1
367,1,1515,382,201,160,-1,-1,-1,-1
367,2,515,282,177,116,-1,-1,-1,-1
367,3,1117,436,792,181,-1,-1,-1,-1
368,1,1515,381,201,161,-1,-1,-1,-1
368,2,515,282,177,116,-1,-1,-1,-1
368,3,1117,434,792,183,-1,-1,-1,-1
369,1,1514,380,203,161,-1,-1,-1,-1
369,2,515,281,177,117,-1,-1,-1,-1
369,3,1116,430,794,183,-1,-1,-1,-1
370,1,1514,381,203,159,-1,-1,-1,-1
370,2,515,282,177,116,-1,-1,-1,-1
370,3,1116,429,794,182,-1,-1,-1,-1
371,1,1513,380,204,160,-1,-1,-1,-1
371,2,515,282,177,116,-1,-1,-1,-1
371,3,1117,430,791,180,-1,-1,-1,-1
372,1,1512,380,205,158,-1,-1,-1,-1
372,2,514,281,178,117,-1,-1,-1,-1
372,3,1116,427,790,180,-1,-1,-1,-1
373,1,1510,380,207,157,-1,-1,-1,-1
373,2,515,281,177,117,-1,-1,-1,-1
373,3,1117,422,784,180,-1,-1,-1,-1
374,1,1512,381,204,155,-1,-1,-1,-1
374,2,515,282,177,117,-1,-1,-1,-1
374,3,1116,422,785,181,-1,-1,-1,-1
375,1,1512,381,204,155,-1,-1,-1,-1
375,2,515,282,178,116,-1,-1,-1,-1
375,3,1116,421,785,182,-1,-1,-1,-1
376,1,1512,381,204,155,-1,-1,-1,-1
376,2,515,282,177,116,-1,-1,-1,-1
376,3,1117,421,784,182,-1,-1,-1,-1
377,1,1512,381,204,155,-1,-1,-1,-1
377,2,515,282,177,116,-1,-1,-1,-1
377,3,1117,421,784,182,-1,-1,-1,-1
378,1,1512,381,204,155,-1,-1,-1,-1
378,2,515,282,177,116,-1,-1,-1,-1
378,3,1116,421,786,182,-1,-1,-1,-1
379,1,1512,381,204,155,-1,-1,-1,-1
379,2,515,282,177,116,-1,-1,-1,-1
379,3,1116,422,785,181,-1,-1,-1,-1
380,1,1512,381,204,155,-1,-1,-1,-1
380,2,515,282,177,116,-1,-1,-1,-1
380,3,1117,421,784,182,-1,-1,-1,-1
381,1,1511,381,205,155,-1,-1,-1,-1
381,2,515,282,177,117,-1,-1,-1,-1
381,3,1117,421,784,182,-1,-1,-1,-1
382,1,1511,381,205,155,-1,-1,-1,-1
382,2,515,281,178,118,-1,-1,-1,-1
382,3,1117,421,785,182,-1,-1,-1,-1
383,1,1511,381,205,155,-1,-1,-1,-1
383,2,515,282,178,116,-1,-1,-1,-1
383,3,1117,421,785,182,-1,-1,-1,-1
384,1,1512,381,204,156,-1,-1,-1,-1
384,2,515,282,177,117,-1,-1,-1,-1
384,3,1117,421,784,182,-1,-1,-1,-1
385,1,1511,380,206,157,-1,-1,-1,-1
385,2,514,281,179,119,-1,-1,-1,-1
385,3,1116,421,785,182,-1,-1,-1,-1
386,1,1512,381,204,155,-1,-1,-1,-1
386,2,514,281,179,118,-1,-1,-1,-1
386,3,1117,421,784,182,-1,-1,-1,-1
387,1,1512,381,205,155,-1,-1,-1,-1
387,2,515,282,177,116,-1,-1,-1,-1
387,3,1116,421,786,182,-1,-1,-1,-1
388,1,1512,381,204,155,-1,-1,-1,-1
388,2,515,282,177,116,-1,-1,-1,-1
388,3,1116,422,785,181,-1,-1,-1,-1
389,1,1512,381,204,155,-1,-1,-1,-1
389,2,515,282,177,116,-1,-1,-1,-1
389,3,1116,421,785,182,-1,-1,-1,-1
390,1,1512,381,204,155,-1,-1,-1,-1
390,2,515,282,177,116,-1,-1,-1,-1
390,3,1117,421,785,182,-1,-1,-1,-1
391,1,1512,381,204,155,-1,-1,-1,-1
391,2,515,282,177,116,-1,-1,-1,-1
391,3,1117,421,784,182,-1,-1,-1,-1
392,1,1512,381,204,155,-1,-1,-1,-1
392,2,515,282,177,116,-1,-1,-1,-1
392,3,1116,421,785,182,-1,-1,-1,-1
393,1,1512,381,204,155,-1,-1,-1,-1
393,2,515,282,178,116,-1,-1,-1,-1
393,3,1116,421,785,182,-1,-1,-1,-1
394,1,1512,381,204,155,-1,-1,-1,-1
394,2,515,282,177,116,-1,-1,-1,-1
394,3,1116,421,785,182,-1,-1,-1,-1
395,1,1512,381,204,155,-1,-1,-1,-1
395,2,515,282,177,116,-1,-1,-1,-1
395,3,1115,421,787,182,-1,-1,-1,-1
396,1,1512,381,204,155,-1,-1,-1,-1
396,2,515,282,177,116,-1,-1,-1,-1
396,3,1116,421,785,182,-1,-1,-1,-1
397,1,1512,381,204,156,-1,-1,-1,-1
397,2,515,282,177,116,-1,-1,-1,-1
397,3,1116,421,784,182,-1,-1,-1,-1
398,1,1511,380,206,157,-1,-1,-1,-1
398,2,515,282,177,116,-1,-1,-1,-1
398,3,1116,422,785,181,-1,-1,-1,-1
399,1,1512,381,204,155,-1,-1,-1,-1
399,2,515,282,177,116,-1,-1,-1,-1
399,3,1115,421,787,182,-1,-1,-1,-1
400,1,1512,381,204,155,-1,-1,-1,-1
400,2,515,282,177,116,-1,-1,-1,-1
400,3,1117,421,784,182,-1,-1,-1,-1
401,1,1512,381,204,155,-1,-1,-1,-1
401,2,514,281,178,117,-1,-1,-1,-1
401,3,1115,421,787,182,-1,-1,-1,-1
402,1,1512,381,204,155,-1,-1,-1,-1
402,2,515,282,177,116,-1,-1,-1,-1
402,3,1117,422,784,181,-1,-1,-1,-1
403,1,1512,381,204,155,-1,-1,-1,-1
403,2,515,282,177,116,-1,-1,-1,-1
403,3,1116,421,786,182,-1,-1,-1,-1
404,1,1512,381,204,155,-1,-1,-1,-1
404,2,515,282,177,117,-1,-1,-1,-1
404,3,1117,421,784,182,-1,-1,-1,-1
405,1,1512,381,204,155,-1,-1,-1,-1
405,2,514,281,179,118,-1,-1,-1,-1
405,3,1116,421,786,182,-1,-1,-1,-1
406,1,1512,381,204,155,-1,-1,-1,-1
406,2,515,282,177,116,-1,-1,-1,-1
406,3,1117,422,784,181,-1,-1,-1,-1
407,1,1512,381,204,155,-1,-1,-1,-1
407,2,515,282,177,117,-1,-1,-1,-1
407,3,1117,422,784,181,-1,-1,-1,-1
408,1,1512,381,204,155,-1,-1,-1,-1
408,2,514,281,179,118,-1,-1,-1,-1
408,3,1116,421,786,183,-1,-1,-1,-1
409,1,1512,381,204,155,-1,-1,-1,-1
409,2,515,282,177,117,-1,-1,-1,-1
409,3,1116,421,786,183,-1,-1,-1,-1
410,1,1512,381,204,155,-1,-1,-1,-1
410,2,514,281,179,119,-1,-1,-1,-1
410,3,1117,421,784,182,-1,-1,-1,-1
411,1,1512,381,204,155,-1,-1,-1,-1
411,2,514,281,179,119,-1,-1,-1,-1
411,3,1117,421,784,182,-1,-1,-1,-1
412,1,1512,381,204,155,-1,-1,-1,-1
412,2,514,281,179,119,-1,-1,-1,-1
412,3,1117,421,784,183,-1,-1,-1,-1
413,1,1512,381,204,155,-1,-1,-1,-1
413,2,514,281,179,119,-1,-1,-1,-1
413,3,1117,421,784,183,-1,-1,-1,-1
414,1,1512,381,204,155,-1,-1,-1,-1
414,2,514,281,179,119,-1,-1,-1,-1
414,3,1116,421,786,183,-1,-1,-1,-1
415,1,1512,381,204,156,-1,-1,-1,-1
415,2,514,281,179,119,-1,-1,-1,-1
415,3,1116,421,786,183,-1,-1,-1,-1
416,1,1512,381,204,155,-1,-1,-1,-1
416,2,514,281,179,119,-1,-1,-1,-1
416,3,1117,422,784,181,-1,-1,-1,-1
417,1,1512,381,204,155,-1,-1,-1,-1
417,2,514,281,179,118,-1,-1,-1,-1
417,3,1116,421,785,183,-1,-1,-1,-1
418,1,1512,380,204,156,-1,-1,-1,-1
418,2,515,282,177,117,-1,-1,-1,-1
418,3,1116,421,786,183,-1,-1,-1,-1
419,1,1512,381,204,155,-1,-1,-1,-1
419,2,514,281,179,118,-1,-1,-1,-1
419,3,1116,422,785,181,-1,-1,-1,-1
420,1,1512,381,204,155,-1,-1,-1,-1
420,2,515,282,177,116,-1,-1,-1,-1
420,3,1117,422,784,181,-1,-1,-1,-1
421,1,1511,380,206,157,-1,-1,-1,-1
421,2,515,282,177,117,-1,-1,-1,-1
421,3,1115,421,787,183,-1,-1,-1,-1
422,1,1512,381,205,156,-1,-1,-1,-1
422,2,514,281,179,118,-1,-1,-1,-1
422,3,1115,421,787,183,-1,-1,-1,-1
423,1,1512,380,204,156,-1,-1,-1,-1
423,2,515,282,177,116,-1,-1,-1,-1
423,3,1116,421,785,182,-1,-1,-1,-1
424,1,1512,380,204,156,-1,-1,-1,-1
424,2,515,282,177,117,-1,-1,-1,-1
424,3,1116,421,785,182,-1,-1,-1,-1
425,1,1512,381,204,155,-1,-1,-1,-1
425,2,514,281,179,118,-1,-1,-1,-1
425,3,1117,422,784,181,-1,-1,-1,-1
426,1,1511,381,206,156,-1,-1,-1,-1
426,2,516,282,176,116,-1,-1,-1,-1
426,3,1115,421,786,183,-1,-1,-1,-1
427,1,1511,381,206,156,-1,-1,-1,-1
427,2,516,282,176,117,-1,-1,-1,-1
427,3,1115,421,787,183,-1,-1,-1,-1
428,1,1511,380,206,157,-1,-1,-1,-1
428,2,514,281,179,119,-1,-1,-1,-1
428,3,1116,422,786,182,-1,-1,-1,-1
429,1,1512,381,204,155,-1,-1,-1,-1
429,2,514,281,179,118,-1,-1,-1,-1
429,3,1117,422,784,181,-1,-1,-1,-1
430,1,1511,381,206,156,-1,-1,-1,-1
430,2,516,282,176,116,-1,-1,-1,-1
430,3,1116,421,786,183,-1,-1,-1,-1
431,1,1511,380,206,157,-1,-1,-1,-1
431,2,515,282,177,116,-1,-1,-1,-1
431,3,1116,421,786,183,-1,-1,-1,-1
432,1,1512,381,204,155,-1,-1,-1,-1
432,2,515,282,177,117,-1,-1,-1,-1
432,3,1115,421,787,182,-1,-1,-1,-1
433,1,1512,381,204,155,-1,-1,-1,-1
433,2,514,281,179,119,-1,-1,-1,-1
433,3,1117,421,784,182,-1,-1,-1,-1
434,1,1511,380,206,157,-1,-1,-1,-1
434,2,514,281,179,118,-1,-1,-1,-1
434,3,1115,421,787,182,-1,-1,-1,-1
435,1,1512,380,205,156,-1,-1,-1,-1
435,2,515,282,177,117,-1,-1,-1,-1
435,3,1116,422,785,181,-1,-1,-1,-1
436,1,1512,380,205,156,-1,-1,-1,-1
436,2,514,281,179,119,-1,-1,-1,-1
436,3,1115,421,788,183,-1,-1,-1,-1
437,1,1512,381,204,155,-1,-1,-1,-1
437,2,514,281,179,119,-1,-1,-1,-1
437,3,1115,421,787,182,-1,-1,-1,-1
438,1,1512,380,205,156,-1,-1,-1,-1
438,2,514,281,179,119,-1,-1,-1,-1
438,3,1116,422,785,181,-1,-1,-1,-1
439,1,1512,381,205,155,-1,-1,-1,-1
439,2,514,281,179,118,-1,-1,-1,-1
439,3,1115,421,787,182,-1,-1,-1,-1
440,1,1512,380,205,156,-1,-1,-1,-1
440,2,515,282,177,117,-1,-1,-1,-1
440,3,1115,422,787,181,-1,-1,-1,-1
441,1,1511,380,205,156,-1,-1,-1,-1
441,2,514,281,179,119,-1,-1,-1,-1
441,3,1116,422,785,180,-1,-1,-1,-1
442,1,1512,380,204,156,-1,-1,-1,-1
442,2,514,281,179,119,-1,-1,-1,-1
442,3,1116,422,785,181,-1,-1,-1,-1
443,1,1512,380,204,156,-1,-1,-1,-1
443,2,514,281,179,119,-1,-1,-1,-1
443,3,1115,421,787,183,-1,-1,-1,-1
444,1,1512,381,204,155,-1,-1,-1,-1
444,2,514,281,179,119,-1,-1,-1,-1
444,3,1115,421,787,183,-1,-1,-1,-1
445,1,1511,381,206,156,-1,-1,-1,-1
445,2,514,281,179,119,-1,-1,-1,-1
445,3,1116,421,786,183,-1,-1,-1,-1
446,1,1511,381,206,156,-1,-1,-1,-1
446,2,514,281,179,118,-1,-1,-1,-1
446,3,1116,421,786,183,-1,-1,-1,-1
447,1,1511,381,206,156,-1,-1,-1,-1
447,2,515,282,177,117,-1,-1,-1,-1
447,3,1116,421,786,183,-1,-1,-1,-1
448,1,1511,381,205,156,-1,-1,-1,-1
448,2,514,281,179,118,-1,-1,-1,-1
448,3,1115,421,787,183,-1,-1,-1,-1
449,1,1512,381,204,155,-1,-1,-1,-1
449,2,515,282,177,117,-1,-1,-1,-1
449,3,1117,422,784,181,-1,-1,-1,-1
450,1,1511,380,207,157,-1,-1,-1,-1
450,2,514,281,179,119,-1,-1,-1,-1
450,3,1116,421,786,183,-1,-1,-1,-1
451,1,1511,380,206,157,-1,-1,-1,-1
451,2,514,281,179,119,-1,-1,-1,-1
451,3,1115,421,788,183,-1,-1,-1,-1
452,1,1511,380,206,157,-1,-1,-1,-1
452,2,515,281,178,118,-1,-1,-1,-1
452,3,1115,421,787,183,-1,-1,-1,-1
453,1,1511,380,206,156,-1,-1,-1,-1
453,2,515,282,177,116,-1,-1,-1,-1
453,3,1117,421,784,182,-1,-1,-1,-1
454,1,1511,380,206,157,-1,-1,-1,-1
454,2,515,282,177,116,-1,-1,-1,-1
454,3,1116,421,786,183,-1,-1,-1,-1
455,1,1511,380,206,156,-1,-1,-1,-1
455,2,515,282,177,116,-1,-1,-1,-1
455,3,1117,422,784,181,-1,-1,-1,-1
456,1,1511,380,206,156,-1,-1,-1,-1
456,2,515,282,177,116,-1,-1,-1,-1
456,3,1116,421,786,182,-1,-1,-1,-1
457,1,1511,380,206,157,-1,-1,-1,-1
457,2,515,282,177,116,-1,-1,-1,-1
457,3,1116,421,786,183,-1,-1,-1,-1
458,1,1511,380,206,157,-1,-1,-1,-1
458,2,515,282,177,116,-1,-1,-1,-1
458,3,1116,421,786,183,-1,-1,-1,-1
459,1,1512,380,204,156,-1,-1,-1,-1
459,2,515,282,177,116,-1,-1,-1,-1
459,3,1116,421,786,183,-1,-1,-1,-1
460,1,1511,380,206,157,-1,-1,-1,-1
460,2,515,282,177,116,-1,-1,-1,-1
460,3,1116,421,786,183,-1,-1,-1,-1
461,1,1512,381,204,155,-1,-1,-1,-1
461,2,515,282,177,116,-1,-1,-1,-1
461,3,1116,421,786,183,-1,-1,-1,-1
462,1,1512,381,204,156,-1,-1,-1,-1
462,2,515,282,177,116,-1,-1,-1,-1
462,3,1115,421,787,183,-1,-1,-1,-1
463,1,1512,381,204,155,-1,-1,-1,-1
463,2,515,282,177,116,-1,-1,-1,-1
463,3,1117,422,784,181,-1,-1,-1,-1
464,1,1512,381,204,155,-1,-1,-1,-1
464,2,515,282,177,116,-1,-1,-1,-1
464,3,1116,421,786,182,-1,-1,-1,-1
465,1,1512,381,204,155,-1,-1,-1,-1
465,2,515,282,177,116,-1,-1,-1,-1
465,3,1116,421,785,182,-1,-1,-1,-1
466,1,1512,381,204,155,-1,-1,-1,-1
466,2,515,282,177,116,-1,-1,-1,-1
466,3,1117,422,784,181,-1,-1,-1,-1
467,1,1512,381,204,155,-1,-1,-1,-1
467,2,515,282,178,116,-1,-1,-1,-1
467,3,1116,421,786,183,-1,-1,-1,-1
468,1,1512,381,204,155,-1,-1,-1,-1
468,2,515,282,177,117,-1,-1,-1,-1
468,3,1117,422,784,182,-1,-1,-1,-1
469,1,1512,381,204,155,-1,-1,-1,-1
469,2,514,281,179,118,-1,-1,-1,-1
469,3,1117,422,784,182,-1,-1,-1,-1
470,1,1511,380,206,157,-1,-1,-1,-1
470,2,515,282,177,116,-1,-1,-1,-1
470,3,1116,421,786,183,-1,-1,-1,-1
471,1,1512,381,204,155,-1,-1,-1,-1
471,2,515,282,177,117,-1,-1,-1,-1
471,3,1117,422,784,181,-1,-1,-1,-1
472,1,1512,381,204,156,-1,-1,-1,-1
472,2,514,281,179,119,-1,-1,-1,-1
472,3,1116,421,786,183,-1,-1,-1,-1
473,1,1512,381,204,155,-1,-1,-1,-1
473,2,514,281,179,119,-1,-1,-1,-1
473,3,1117,422,784,182,-1,-1,-1,-1
474,1,1512,381,204,155,-1,-1,-1,-1
474,2,514,281,179,118,-1,-1,-1,-1
474,3,1116,422,784,181,-1,-1,-1,-1
475,1,1512,381,204,155,-1,-1,-1,-1
475,2,515,282,177,117,-1,-1,-1,-1
475,3,1117,422,784,181,-1,-1,-1,-1
476,1,1511,381,206,156,-1,-1,-1,-1
476,2,514,281,179,119,-1,-1,-1,-1
476,3,1115,421,787,183,-1,-1,-1,-1
477,1,1511,381,206,156,-1,-1,-1,-1
477,2,514,281,179,118,-1,-1,-1,-1
477,3,1115,421,786,183,-1,-1,-1,-1
