3,1,479,370,157,108,-1,-1,-1,-1
3,2,808,345,151,109,-1,-1,-1,-1
3,3,746,67,859,421,-1,-1,-1,-1
4,1,480,371,156,106,-1,-1,-1,-1
4,2,806,344,155,111,-1,-1,-1,-1
4,3,751,67,853,420,-1,-1,-1,-1
5,1,479,370,156,107,-1,-1,-1,-1
5,2,805,344,154,111,-1,-1,-1,-1
5,3,757,68,847,419,-1,-1,-1,-1
6,1,480,371,155,106,-1,-1,-1,-1
6,2,805,345,155,111,-1,-1,-1,-1
6,3,756,68,847,420,-1,-1,-1,-1
7,1,480,371,156,106,-1,-1,-1,-1
7,2,805,345,156,111,-1,-1,-1,-1
7,3,749,67,854,421,-1,-1,-1,-1
8,1,481,370,156,108,-1,-1,-1,-1
8,2,805,345,156,111,-1,-1,-1,-1
8,3,746,67,858,421,-1,-1,-1,-1
9,1,481,371,156,106,-1,-1,-1,-1
9,2,804,345,157,111,-1,-1,-1,-1
9,3,744,67,860,420,-1,-1,-1,-1
10,1,481,371,155,106,-1,-1,-1,-1
10,2,805,345,155,110,-1,-1,-1,-1
10,3,743,68,860,419,-1,-1,-1,-1
11,1,481,370,156,107,-1,-1,-1,-1
11,2,804,345,157,110,-1,-1,-1,-1
11,3,743,67,860,419,-1,-1,-1,-1
12,1,480,370,157,108,-1,-1,-1,-1
12,2,805,345,154,109,-1,-1,-1,-1
12,3,748,68,855,419,-1,-1,-1,-1
13,1,480,371,156,106,-1,-1,-1,-1
13,2,805,345,155,110,-1,-1,-1,-1
13,3,750,67,854,419,-1,-1,-1,-1
14,1,480,370,157,108,-1,-1,-1,-1
14,2,805,344,156,112,-1,-1,-1,-1
14,3,749,68,855,419,-1,-1,-1,-1
15,1,481,370,155,107,-1,-1,-1,-1
15,2,805,344,157,112,-1,-1,-1,-1
15,3,752,68,852,418,-1,-1,-1,-1
16,1,480,369,157,109,-1,-1,-1,-1
16,2,807,344,155,112,-1,-1,-1,-1
16,3,747,68,858,419,-1,-1,-1,-1
17,1,480,369,157,109,-1,-1,-1,-1
17,2,806,344,157,113,-1,-1,-1,-1
17,3,742,68,863,418,-1,-1,-1,-1
18,1,479,371,154,105,-1,-1,-1,-1
18,2,811,344,153,112,-1,-1,-1,-1
18,3,733,68,874,420,-1,-1,-1,-1
19,1,479,371,154,105,-1,-1,-1,-1
19,2,810,343,154,113,-1,-1,-1,-1
19,3,733,68,873,420,-1,-1,-1,-1
20,1,480,370,155,107,-1,-1,-1,-1
20,2,811,343,152,112,-1,-1,-1,-1
20,3,740,69,865,420,-1,-1,-1,-1
21,1,479,369,157,109,-1,-1,-1,-1
21,2,811,342,153,114,-1,-1,-1,-1
21,3,739,69,867,419,-1,-1,-1,-1
22,1,479,371,155,106,-1,-1,-1,-1
22,2,811,343,154,113,-1,-1,-1,-1
22,3,738,70,867,418,-1,-1,-1,-1
23,1,480,372,153,104,-1,-1,-1,-1
23,2,811,341,154,115,-1,-1,-1,-1
23,3,744,69,860,419,-1,-1,-1,-1
24,1,479,372,153,104,-1,-1,-1,-1
24,2,810,342,155,114,-1,-1,-1,-1
24,3,745,69,859,418,-1,-1,-1,-1
25,1,479,372,153,104,-1,-1,-1,-1
25,2,810,342,155,114,-1,-1,-1,-1
25,3,743,70,860,417,-1,-1,-1,-1
26,1,478,372,154,105,-1,-1,-1,-1
26,2,809,342,155,114,-1,-1,-1,-1
26,3,748,70,856,418,-1,-1,-1,-1
27,1,478,373,153,103,-1,-1,-1,-1
27,2,810,343,153,113,-1,-1,-1,-1
27,3,752,70,851,419,-1,-1,-1,-1
28,1,479,372,153,104,-1,-1,-1,-1
28,2,809,343,154,113,-1,-1,-1,-1
28,3,752,69,851,420,-1,-1,-1,-1
29,1,479,372,153,104,-1,-1,-1,-1
29,2,810,344,152,111,-1,-1,-1,-1
29,3,753,69,851,420,-1,-1,-1,-1
30,1,480,370,155,107,-1,-1,-1,-1
30,2,809,343,154,112,-1,-1,-1,-1
30,3,750,68,853,421,-1,-1,-1,-1
31,1,479,369,157,109,-1,-1,-1,-1
31,2,810,343,152,112,-1,-1,-1,-1
31,3,749,67,854,422,-1,-1,-1,-1
32,1,479,369,157,109,-1,-1,-1,-1
32,2,809,342,154,113,-1,-1,-1,-1
32,3,743,67,862,421,-1,-1,-1,-1
33,1,479,370,157,108,-1,-1,-1,-1
33,2,808,343,155,113,-1,-1,-1,-1
33,3,741,68,864,420,-1,-1,-1,-1
34,1,480,370,156,108,-1,-1,-1,-1
34,2,808,343,154,112,-1,-1,-1,-1
34,3,737,68,869,421,-1,-1,-1,-1
35,1,479,370,157,108,-1,-1,-1,-1
35,2,807,343,156,113,-1,-1,-1,-1
35,3,738,68,866,420,-1,-1,-1,-1
36,1,479,371,155,106,-1,-1,-1,-1
36,2,805,343,158,113,-1,-1,-1,-1
36,3,739,69,865,420,-1,-1,-1,-1
37,1,479,372,154,104,-1,-1,-1,-1
37,2,807,343,156,113,-1,-1,-1,-1
37,3,739,69,866,420,-1,-1,-1,-1
38,1,479,372,154,104,-1,-1,-1,-1
38,2,806,342,158,115,-1,-1,-1,-1
38,3,740,68,865,421,-1,-1,-1,-1
39,1,479,372,154,104,-1,-1,-1,-1
39,2,806,342,159,115,-1,-1,-1,-1
39,3,748,69,858,420,-1,-1,-1,-1
40,1,480,373,152,102,-1,-1,-1,-1
40,2,807,343,158,114,-1,-1,-1,-1
40,3,746,69,859,420,-1,-1,-1,-1
41,1,481,371,154,106,-1,-1,-1,-1
41,2,804,342,161,116,-1,-1,-1,-1
41,3,737,69,867,420,-1,-1,-1,-1
42,1,480,370,155,108,-1,-1,-1,-1
42,2,802,342,163,115,-1,-1,-1,-1
42,3,736,69,868,420,-1,-1,-1,-1
43,1,480,369,155,108,-1,-1,-1,-1
43,2,799,342,168,115,-1,-1,-1,-1
43,3,729,69,876,419,-1,-1,-1,-1
44,1,481,369,154,107,-1,-1,-1,-1
44,2,799,342,167,115,-1,-1,-1,-1
44,3,733,68,870,420,-1,-1,-1,-1
45,1,480,369,155,108,-1,-1,-1,-1
45,2,799,342,167,115,-1,-1,-1,-1
45,3,732,68,871,420,-1,-1,-1,-1
46,1,480,369,156,108,-1,-1,-1,-1
46,2,799,342,167,115,-1,-1,-1,-1
46,3,729,68,875,421,-1,-1,-1,-1
47,1,480,369,156,108,-1,-1,-1,-1
47,2,798,343,167,114,-1,-1,-1,-1
47,3,731,68,872,421,-1,-1,-1,-1
48,1,481,369,154,107,-1,-1,-1,-1
48,2,794,342,173,116,-1,-1,-1,-1
48,3,727,67,876,422,-1,-1,-1,-1
49,1,481,369,154,108,-1,-1,-1,-1
49,2,793,343,174,115,-1,-1,-1,-1
49,3,723,67,882,422,-1,-1,-1,-1
50,1,480,369,156,109,-1,-1,-1,-1
50,2,792,343,175,115,-1,-1,-1,-1
50,3,724,67,882,421,-1,-1,-1,-1
51,1,481,369,154,108,-1,-1,-1,-1
51,2,793,344,173,114,-1,-1,-1,-1
51,3,722,67,884,422,-1,-1,-1,-1
52,1,480,368,156,110,-1,-1,-1,-1
52,2,795,343,171,114,-1,-1,-1,-1
52,3,723,68,885,421,-1,-1,-1,-1
53,1,480,368,156,110,-1,-1,-1,-1
53,2,796,343,170,113,-1,-1,-1,-1
53,3,728,67,881,421,-1,-1,-1,-1
54,1,480,368,156,110,-1,-1,-1,-1
54,2,792,344,173,113,-1,-1,-1,-1
54,3,735,67,871,421,-1,-1,-1,-1
55,1,480,368,156,110,-1,-1,-1,-1
55,2,793,344,173,113,-1,-1,-1,-1
55,3,733,67,876,421,-1,-1,-1,-1
56,1,480,368,156,110,-1,-1,-1,-1
56,2,791,345,174,112,-1,-1,-1,-1
56,3,737,67,871,421,-1,-1,-1,-1
57,1,480,369,156,109,-1,-1,-1,-1
57,2,792,344,174,113,-1,-1,-1,-1
57,3,734,67,875,421,-1,-1,-1,-1
58,1,480,369,156,109,-1,-1,-1,-1
58,2,793,345,171,111,-1,-1,-1,-1
58,3,730,67,880,422,-1,-1,-1,-1
59,1,481,369,154,108,-1,-1,-1,-1
59,2,790,345,175,112,-1,-1,-1,-1
59,3,728,67,884,422,-1,-1,-1,-1
60,1,480,370,156,108,-1,-1,-1,-1
60,2,787,345,179,112,-1,-1,-1,-1
60,3,730,67,881,423,-1,-1,-1,-1
61,1,480,370,156,107,-1,-1,-1,-1
61,2,788,345,177,112,-1,-1,-1,-1
61,3,732,67,877,422,-1,-1,-1,-1
62,1,479,370,156,108,-1,-1,-1,-1
62,2,789,344,177,113,-1,-1,-1,-1
62,3,734,66,874,423,-1,-1,-1,-1
63,1,479,370,157,108,-1,-1,-1,-1
63,2,794,345,170,111,-1,-1,-1,-1
63,3,732,67,874,422,-1,-1,-1,-1
64,1,480,370,156,107,-1,-1,-1,-1
64,2,794,345,170,112,-1,-1,-1,-1
64,3,734,66,873,422,-1,-1,-1,-1
65,1,480,370,156,107,-1,-1,-1,-1
65,2,794,346,170,110,-1,-1,-1,-1
65,3,749,66,857,423,-1,-1,-1,-1
66,1,479,369,157,108,-1,-1,-1,-1
66,2,795,345,169,111,-1,-1,-1,-1
66,3,750,66,858,423,-1,-1,-1,-1
67,1,479,369,157,108,-1,-1,-1,-1
67,2,796,345,168,111,-1,-1,-1,-1
67,3,751,66,858,423,-1,-1,-1,-1
68,1,479,369,158,109,-1,-1,-1,-1
68,2,801,345,163,110,-1,-1,-1,-1
68,3,735,67,868,422,-1,-1,-1,-1
69,1,479,370,158,108,-1,-1,-1,-1
69,2,802,345,162,109,-1,-1,-1,-1
69,3,736,67,868,422,-1,-1,-1,-1
70,1,480,371,156,106,-1,-1,-1,-1
70,2,801,345,163,110,-1,-1,-1,-1
70,3,736,68,867,421,-1,-1,-1,-1
71,1,481,371,154,106,-1,-1,-1,-1
71,2,799,345,166,111,-1,-1,-1,-1
71,3,738,67,862,421,-1,-1,-1,-1
72,1,480,371,156,106,-1,-1,-1,-1
72,2,798,345,167,110,-1,-1,-1,-1
72,3,738,67,863,422,-1,-1,-1,-1
73,1,480,370,156,107,-1,-1,-1,-1
73,2,799,345,166,110,-1,-1,-1,-1
73,3,741,67,859,422,-1,-1,-1,-1
74,1,480,369,156,108,-1,-1,-1,-1
74,2,797,344,168,111,-1,-1,-1,-1
74,3,739,67,863,422,-1,-1,-1,-1
75,1,480,369,157,109,-1,-1,-1,-1
75,2,795,344,171,112,-1,-1,-1,-1
75,3,735,67,868,422,-1,-1,-1,-1
76,1,480,369,157,109,-1,-1,-1,-1
76,2,793,344,173,113,-1,-1,-1,-1
76,3,734,68,869,421,-1,-1,-1,-1
77,1,480,369,157,109,-1,-1,-1,-1
77,2,793,343,174,115,-1,-1,-1,-1
77,3,731,68,872,421,-1,-1,-1,-1
78,1,480,370,157,108,-1,-1,-1,-1
78,2,790,343,178,115,-1,-1,-1,-1
78,3,735,68,869,421,-1,-1,-1,-1
79,1,481,371,155,106,-1,-1,-1,-1
79,2,789,344,177,114,-1,-1,-1,-1
79,3,732,68,874,421,-1,-1,-1,-1
80,1,481,370,155,107,-1,-1,-1,-1
80,2,786,343,181,116,-1,-1,-1,-1
80,3,734,68,870,421,-1,-1,-1,-1
81,1,481,370,155,106,-1,-1,-1,-1
81,2,785,343,182,115,-1,-1,-1,-1
81,3,742,68,864,421,-1,-1,-1,-1
82,1,481,370,155,106,-1,-1,-1,-1
82,2,784,343,183,116,-1,-1,-1,-1
82,3,743,67,862,422,-1,-1,-1,-1
83,1,482,370,154,106,-1,-1,-1,-1
83,2,783,342,185,117,-1,-1,-1,-1
83,3,742,68,862,421,-1,-1,-1,-1
84,1,482,370,153,106,-1,-1,-1,-1
84,2,783,342,184,117,-1,-1,-1,-1
84,3,741,68,864,421,-1,-1,-1,-1
85,1,481,370,154,106,-1,-1,-1,-1
85,2,784,343,183,116,-1,-1,-1,-1
85,3,738,68,867,421,-1,-1,-1,-1
86,1,481,370,155,107,-1,-1,-1,-1
86,2,783,342,185,117,-1,-1,-1,-1
86,3,736,69,868,421,-1,-1,-1,-1
87,1,480,369,157,108,-1,-1,-1,-1
87,2,783,342,186,118,-1,-1,-1,-1
87,3,733,69,872,421,-1,-1,-1,-1
88,1,481,370,155,107,-1,-1,-1,-1
88,2,784,342,184,117,-1,-1,-1,-1
88,3,728,69,877,420,-1,-1,-1,-1
89,1,481,369,155,108,-1,-1,-1,-1
89,2,783,342,186,118,-1,-1,-1,-1
89,3,728,69,876,420,-1,-1,-1,-1
90,1,480,369,157,109,-1,-1,-1,-1
90,2,782,341,187,120,-1,-1,-1,-1
90,3,729,69,874,420,-1,-1,-1,-1
91,1,480,369,156,108,-1,-1,-1,-1
91,2,782,342,186,119,-1,-1,-1,-1
91,3,729,69,874,420,-1,-1,-1,-1
92,1,481,369,154,108,-1,-1,-1,-1
92,2,782,342,187,119,-1,-1,-1,-1
92,3,726,69,877,420,-1,-1,-1,-1
93,1,480,370,155,108,-1,-1,-1,-1
93,2,787,342,181,119,-1,-1,-1,-1
93,3,723,67,880,422,-1,-1,-1,-1
94,1,480,371,154,107,-1,-1,-1,-1
94,2,787,342,182,119,-1,-1,-1,-1
94,3,722,67,881,422,-1,-1,-1,-1
95,1,481,371,153,106,-1,-1,-1,-1
95,2,787,343,181,118,-1,-1,-1,-1
95,3,721,66,883,423,-1,-1,-1,-1
96,1,481,370,153,107,-1,-1,-1,-1
96,2,787,343,182,118,-1,-1,-1,-1
96,3,724,66,879,423,-1,-1,-1,-1
97,1,480,369,155,109,-1,-1,-1,-1
97,2,788,343,180,117,-1,-1,-1,-1
97,3,727,67,876,422,-1,-1,-1,-1
98,1,480,369,155,109,-1,-1,-1,-1
98,2,793,342,176,118,-1,-1,-1,-1
98,3,731,67,871,423,-1,-1,-1,-1
99,1,478,371,154,106,-1,-1,-1,-1
99,2,797,344,171,115,-1,-1,-1,-1
99,3,730,67,873,423,-1,-1,-1,-1
100,1,479,372,152,104,-1,-1,-1,-1
100,2,801,345,164,113,-1,-1,-1,-1
100,3,723,67,880,423,-1,-1,-1,-1
101,1,479,372,152,104,-1,-1,-1,-1
101,2,800,345,166,113,-1,-1,-1,-1
101,3,729,66,876,423,-1,-1,-1,-1
102,1,479,372,153,104,-1,-1,-1,-1
102,2,797,345,169,114,-1,-1,-1,-1
102,3,726,67,880,422,-1,-1,-1,-1
103,1,479,372,153,104,-1,-1,-1,-1
103,2,798,345,168,114,-1,-1,-1,-1
103,3,727,67,877,423,-1,-1,-1,-1
104,1,479,372,153,104,-1,-1,-1,-1
104,2,800,344,167,115,-1,-1,-1,-1
104,3,727,67,878,422,-1,-1,-1,-1
105,1,479,372,153,104,-1,-1,-1,-1
105,2,803,345,162,113,-1,-1,-1,-1
105,3,725,67,879,422,-1,-1,-1,-1
106,1,479,372,153,104,-1,-1,-1,-1
106,2,798,344,169,115,-1,-1,-1,-1
106,3,726,68,880,421,-1,-1,-1,-1
107,1,479,372,153,104,-1,-1,-1,-1
107,2,796,344,170,116,-1,-1,-1,-1
107,3,730,68,876,421,-1,-1,-1,-1
108,1,479,372,154,104,-1,-1,-1,-1
108,2,792,343,175,118,-1,-1,-1,-1
108,3,734,68,871,420,-1,-1,-1,-1
109,1,478,372,155,105,-1,-1,-1,-1
109,2,792,343,176,118,-1,-1,-1,-1
109,3,731,68,876,420,-1,-1,-1,-1
110,1,479,372,153,104,-1,-1,-1,-1
110,2,796,343,170,117,-1,-1,-1,-1
110,3,733,68,873,420,-1,-1,-1,-1
111,1,478,372,156,105,-1,-1,-1,-1
111,2,799,343,167,116,-1,-1,-1,-1
111,3,729,67,876,422,-1,-1,-1,-1
112,1,479,372,153,104,-1,-1,-1,-1
112,2,801,343,165,116,-1,-1,-1,-1
112,3,736,67,869,422,-1,-1,-1,-1
113,1,480,371,155,106,-1,-1,-1,-1
113,2,802,344,162,114,-1,-1,-1,-1
113,3,738,66,867,423,-1,-1,-1,-1
114,1,478,371,155,106,-1,-1,-1,-1
114,2,802,344,162,114,-1,-1,-1,-1
114,3,740,66,864,422,-1,-1,-1,-1
115,1,478,372,155,105,-1,-1,-1,-1
115,2,802,344,164,114,-1,-1,-1,-1
115,3,737,67,866,421,-1,-1,-1,-1
116,1,479,373,153,103,-1,-1,-1,-1
116,2,803,345,162,112,-1,-1,-1,-1
116,3,733,67,871,421,-1,-1,-1,-1
117,1,479,373,152,103,-1,-1,-1,-1
117,2,804,345,161,112,-1,-1,-1,-1
117,3,731,67,872,421,-1,-1,-1,-1
118,1,480,371,156,107,-1,-1,-1,-1
118,2,795,344,169,114,-1,-1,-1,-1
118,3,721,68,882,420,-1,-1,-1,-1
119,1,479,370,158,109,-1,-1,-1,-1
119,2,798,343,166,114,-1,-1,-1,-1
119,3,721,67,881,421,-1,-1,-1,-1
120,1,479,370,158,108,-1,-1,-1,-1
120,2,796,344,169,113,-1,-1,-1,-1
120,3,721,67,882,421,-1,-1,-1,-1
121,1,479,370,158,108,-1,-1,-1,-1
121,2,794,344,171,114,-1,-1,-1,-1
121,3,726,68,879,420,-1,-1,-1,-1
122,1,479,370,158,108,-1,-1,-1,-1
122,2,794,345,170,113,-1,-1,-1,-1
122,3,728,68,875,420,-1,-1,-1,-1
123,1,480,371,156,107,-1,-1,-1,-1
123,2,797,344,167,114,-1,-1,-1,-1
123,3,732,68,871,419,-1,-1,-1,-1
124,1,479,370,158,108,-1,-1,-1,-1
124,2,800,345,163,112,-1,-1,-1,-1
124,3,732,68,872,419,-1,-1,-1,-1
125,1,479,370,158,108,-1,-1,-1,-1
125,2,799,344,164,113,-1,-1,-1,-1
125,3,734,68,869,420,-1,-1,-1,-1
126,1,480,370,157,108,-1,-1,-1,-1
126,2,802,344,161,112,-1,-1,-1,-1
126,3,733,68,871,420,-1,-1,-1,-1
127,1,479,369,159,110,-1,-1,-1,-1
127,2,803,343,161,113,-1,-1,-1,-1
127,3,733,68,871,420,-1,-1,-1,-1
128,1,479,369,159,110,-1,-1,-1,-1
128,2,806,344,157,111,-1,-1,-1,-1
128,3,742,67,862,422,-1,-1,-1,-1
129,1,479,369,159,110,-1,-1,-1,-1
129,2,806,344,157,111,-1,-1,-1,-1
129,3,734,67,871,421,-1,-1,-1,-1
130,1,479,369,159,110,-1,-1,-1,-1
130,2,806,344,157,111,-1,-1,-1,-1
130,3,732,67,874,422,-1,-1,-1,-1
131,1,479,369,159,110,-1,-1,-1,-1
131,2,807,344,156,112,-1,-1,-1,-1
131,3,734,67,871,422,-1,-1,-1,-1
132,1,479,369,159,110,-1,-1,-1,-1
132,2,808,344,154,111,-1,-1,-1,-1
132,3,734,67,871,422,-1,-1,-1,-1
133,1,479,369,158,110,-1,-1,-1,-1
133,2,803,344,160,112,-1,-1,-1,-1
133,3,732,67,874,422,-1,-1,-1,-1
134,1,479,369,158,110,-1,-1,-1,-1
134,2,804,343,159,113,-1,-1,-1,-1
134,3,729,68,876,421,-1,-1,-1,-1
135,1,479,369,159,110,-1,-1,-1,-1
135,2,803,344,161,112,-1,-1,-1,-1
135,3,731,67,874,422,-1,-1,-1,-1
136,1,479,369,159,110,-1,-1,-1,-1
136,2,804,345,159,110,-1,-1,-1,-1
136,3,730,67,876,422,-1,-1,-1,-1
137,1,479,369,159,110,-1,-1,-1,-1
137,2,801,345,162,111,-1,-1,-1,-1
137,3,733,67,873,422,-1,-1,-1,-1
138,1,479,369,159,110,-1,-1,-1,-1
138,2,802,345,161,111,-1,-1,-1,-1
138,3,729,67,878,423,-1,-1,-1,-1
139,1,479,369,159,110,-1,-1,-1,-1
139,2,801,345,162,111,-1,-1,-1,-1
139,3,728,67,879,422,-1,-1,-1,-1
140,1,479,370,159,109,-1,-1,-1,-1
140,2,802,344,161,112,-1,-1,-1,-1
140,3,727,67,879,423,-1,-1,-1,-1
141,1,480,371,157,107,-1,-1,-1,-1
141,2,802,344,162,112,-1,-1,-1,-1
141,3,725,67,882,422,-1,-1,-1,-1
142,1,480,370,156,108,-1,-1,-1,-1
142,2,800,343,164,114,-1,-1,-1,-1
142,3,730,67,875,422,-1,-1,-1,-1
143,1,480,370,157,109,-1,-1,-1,-1
143,2,798,344,165,113,-1,-1,-1,-1
143,3,746,68,858,420,-1,-1,-1,-1
144,1,481,371,155,108,-1,-1,-1,-1
144,2,797,345,166,112,-1,-1,-1,-1
144,3,747,68,857,420,-1,-1,-1,-1
145,1,481,370,155,108,-1,-1,-1,-1
145,2,798,346,164,110,-1,-1,-1,-1
145,3,745,68,859,420,-1,-1,-1,-1
146,1,480,369,157,110,-1,-1,-1,-1
146,2,798,346,163,110,-1,-1,-1,-1
146,3,749,67,855,420,-1,-1,-1,-1
147,1,479,369,158,110,-1,-1,-1,-1
147,2,796,346,166,111,-1,-1,-1,-1
147,3,754,67,851,420,-1,-1,-1,-1
148,1,479,369,158,110,-1,-1,-1,-1
148,2,795,346,167,111,-1,-1,-1,-1
148,3,752,68,853,420,-1,-1,-1,-1
149,1,479,370,158,108,-1,-1,-1,-1
149,2,794,346,168,111,-1,-1,-1,-1
149,3,755,68,848,419,-1,-1,-1,-1
150,1,480,371,156,106,-1,-1,-1,-1
150,2,789,346,175,112,-1,-1,-1,-1
150,3,753,68,852,419,-1,-1,-1,-1
151,1,481,371,155,107,-1,-1,-1,-1
151,2,785,345,178,113,-1,-1,-1,-1
151,3,759,67,845,421,-1,-1,-1,-1
152,1,479,370,157,108,-1,-1,-1,-1
152,2,784,344,180,115,-1,-1,-1,-1
152,3,760,67,845,421,-1,-1,-1,-1
153,1,479,371,157,107,-1,-1,-1,-1
153,2,785,345,178,113,-1,-1,-1,-1
153,3,757,67,849,421,-1,-1,-1,-1
154,1,478,372,156,105,-1,-1,-1,-1
154,2,787,345,176,112,-1,-1,-1,-1
154,3,751,66,853,422,-1,-1,-1,-1
155,1,480,372,155,105,-1,-1,-1,-1
155,2,787,345,176,113,-1,-1,-1,-1
155,3,755,66,850,421,-1,-1,-1,-1
156,1,480,371,155,106,-1,-1,-1,-1
156,2,788,345,175,112,-1,-1,-1,-1
156,3,753,66,853,421,-1,-1,-1,-1
157,1,480,371,155,106,-1,-1,-1,-1
157,2,790,346,171,110,-1,-1,-1,-1
157,3,752,66,854,421,-1,-1,-1,-1
158,1,480,371,155,106,-1,-1,-1,-1
158,2,795,346,166,110,-1,-1,-1,-1
158,3,749,67,857,420,-1,-1,-1,-1
159,1,480,371,155,106,-1,-1,-1,-1
159,2,798,347,161,108,-1,-1,-1,-1
159,3,743,67,861,421,-1,-1,-1,-1
160,1,481,370,155,107,-1,-1,-1,-1
160,2,800,347,159,108,-1,-1,-1,-1
160,3,744,67,861,421,-1,-1,-1,-1
161,1,480,369,157,109,-1,-1,-1,-1
161,2,798,348,160,108,-1,-1,-1,-1
161,3,741,66,865,422,-1,-1,-1,-1
162,1,481,369,155,108,-1,-1,-1,-1
162,2,800,348,158,107,-1,-1,-1,-1
162,3,746,66,860,422,-1,-1,-1,-1
163,1,480,368,157,110,-1,-1,-1,-1
163,2,799,349,158,105,-1,-1,-1,-1
163,3,745,66,861,422,-1,-1,-1,-1
164,1,480,368,157,110,-1,-1,-1,-1
164,2,803,348,154,106,-1,-1,-1,-1
164,3,747,66,858,422,-1,-1,-1,-1
165,1,480,368,157,110,-1,-1,-1,-1
165,2,806,348,151,105,-1,-1,-1,-1
165,3,748,66,857,422,-1,-1,-1,-1
166,1,480,368,157,110,-1,-1,-1,-1
166,2,804,348,154,106,-1,-1,-1,-1
166,3,744,66,862,423,-1,-1,-1,-1
167,1,480,368,157,110,-1,-1,-1,-1
167,2,806,347,153,107,-1,-1,-1,-1
167,3,742,66,863,422,-1,-1,-1,-1
168,1,479,370,158,108,-1,-1,-1,-1
168,2,807,345,155,109,-1,-1,-1,-1
168,3,732,66,870,423,-1,-1,-1,-1
169,1,481,371,155,106,-1,-1,-1,-1
169,2,806,345,156,110,-1,-1,-1,-1
169,3,730,66,872,423,-1,-1,-1,-1
170,1,481,370,155,107,-1,-1,-1,-1
170,2,808,345,154,110,-1,-1,-1,-1
170,3,733,66,868,423,-1,-1,-1,-1
171,1,480,370,157,108,-1,-1,-1,-1
171,2,809,345,152,109,-1,-1,-1,-1
171,3,732,66,871,424,-1,-1,-1,-1
172,1,481,371,155,106,-1,-1,-1,-1
172,2,811,346,149,107,-1,-1,-1,-1
172,3,737,67,864,423,-1,-1,-1,-1
173,1,481,371,155,106,-1,-1,-1,-1
173,2,812,346,148,107,-1,-1,-1,-1
173,3,734,67,868,422,-1,-1,-1,-1
174,1,481,371,155,106,-1,-1,-1,-1
174,2,812,345,149,108,-1,-1,-1,-1
174,3,735,67,866,423,-1,-1,-1,-1
175,1,481,371,155,106,-1,-1,-1,-1
175,2,811,344,151,109,-1,-1,-1,-1
175,3,731,67,872,422,-1,-1,-1,-1
176,1,480,371,156,106,-1,-1,-1,-1
176,2,810,344,151,110,-1,-1,-1,-1
176,3,733,68,870,421,-1,-1,-1,-1
177,1,480,371,156,106,-1,-1,-1,-1
177,2,811,345,150,108,-1,-1,-1,-1
177,3,740,68,862,421,-1,-1,-1,-1
178,1,480,371,156,106,-1,-1,-1,-1
178,2,812,346,147,106,-1,-1,-1,-1
178,3,742,68,860,421,-1,-1,-1,-1
179,1,480,371,156,106,-1,-1,-1,-1
179,2,812,345,148,107,-1,-1,-1,-1
179,3,743,68,860,421,-1,-1,-1,-1
180,1,480,371,156,106,-1,-1,-1,-1
180,2,812,345,147,107,-1,-1,-1,-1
180,3,740,68,864,422,-1,-1,-1,-1
181,1,480,371,156,106,-1,-1,-1,-1
181,2,812,345,147,108,-1,-1,-1,-1
181,3,734,68,870,421,-1,-1,-1,-1
182,1,480,371,156,106,-1,-1,-1,-1
182,2,810,344,149,110,-1,-1,-1,-1
182,3,735,68,869,421,-1,-1,-1,-1
183,1,480,371,156,106,-1,-1,-1,-1
183,2,809,344,150,110,-1,-1,-1,-1
183,3,736,67,867,422,-1,-1,-1,-1
184,1,480,371,157,107,-1,-1,-1,-1
184,2,810,345,148,109,-1,-1,-1,-1
184,3,732,68,871,421,-1,-1,-1,-1
185,1,479,370,158,108,-1,-1,-1,-1
185,2,810,345,148,109,-1,-1,-1,-1
185,3,733,67,869,421,-1,-1,-1,-1
186,1,479,369,158,109,-1,-1,-1,-1
186,2,809,346,149,108,-1,-1,-1,-1
186,3,731,67,871,422,-1,-1,-1,-1
187,1,479,369,158,109,-1,-1,-1,-1
187,2,810,346,148,108,-1,-1,-1,-1
187,3,730,67,872,422,-1,-1,-1,-1
188,1,480,370,156,108,-1,-1,-1,-1
188,2,809,345,150,110,-1,-1,-1,-1
188,3,730,68,872,421,-1,-1,-1,-1
189,1,478,370,159,109,-1,-1,-1,-1
189,2,809,346,150,109,-1,-1,-1,-1
189,3,733,68,868,421,-1,-1,-1,-1
190,1,479,370,158,108,-1,-1,-1,-1
190,2,809,347,149,108,-1,-1,-1,-1
190,3,737,69,864,420,-1,-1,-1,-1
191,1,477,371,158,106,-1,-1,-1,-1
191,2,809,347,150,109,-1,-1,-1,-1
191,3,741,69,861,421,-1,-1,-1,-1
192,1,479,371,157,107,-1,-1,-1,-1
192,2,808,346,150,109,-1,-1,-1,-1
192,3,751,68,850,422,-1,-1,-1,-1
193,1,478,371,157,106,-1,-1,-1,-1
193,2,810,347,147,107,-1,-1,-1,-1
193,3,736,68,867,422,-1,-1,-1,-1
194,1,479,372,155,104,-1,-1,-1,-1
194,2,811,348,145,105,-1,-1,-1,-1
194,3,736,68,866,422,-1,-1,-1,-1
195,1,480,371,156,106,-1,-1,-1,-1
195,2,811,348,147,105,-1,-1,-1,-1
195,3,737,68,865,421,-1,-1,-1,-1
196,1,480,371,156,106,-1,-1,-1,-1
196,2,811,347,148,107,-1,-1,-1,-1
196,3,728,68,875,421,-1,-1,-1,-1
197,1,480,370,156,107,-1,-1,-1,-1
197,2,810,346,148,108,-1,-1,-1,-1
197,3,731,67,870,422,-1,-1,-1,-1
198,1,479,369,158,109,-1,-1,-1,-1
198,2,809,347,147,107,-1,-1,-1,-1
198,3,733,67,869,422,-1,-1,-1,-1
199,1,479,369,158,109,-1,-1,-1,-1
199,2,809,346,149,109,-1,-1,-1,-1
199,3,725,67,879,422,-1,-1,-1,-1
200,1,479,370,158,108,-1,-1,-1,-1
200,2,809,345,149,110,-1,-1,-1,-1
200,3,728,67,875,422,-1,-1,-1,-1
201,1,479,370,158,108,-1,-1,-1,-1
201,2,808,346,150,109,-1,-1,-1,-1
201,3,730,67,873,422,-1,-1,-1,-1
202,1,480,371,156,106,-1,-1,-1,-1
202,2,806,345,153,110,-1,-1,-1,-1
202,3,725,67,878,422,-1,-1,-1,-1
203,1,479,370,157,107,-1,-1,-1,-1
203,2,802,344,157,112,-1,-1,-1,-1
203,3,726,67,877,423,-1,-1,-1,-1
204,1,479,371,157,107,-1,-1,-1,-1
204,2,797,344,163,113,-1,-1,-1,-1
204,3,716,67,888,423,-1,-1,-1,-1
205,1,479,371,158,107,-1,-1,-1,-1
205,2,793,343,168,115,-1,-1,-1,-1
205,3,721,67,882,423,-1,-1,-1,-1
206,1,480,370,156,107,-1,-1,-1,-1
206,2,795,344,165,114,-1,-1,-1,-1
206,3,729,67,874,423,-1,-1,-1,-1
207,1,479,369,158,109,-1,-1,-1,-1
207,2,798,345,160,111,-1,-1,-1,-1
207,3,742,67,861,423,-1,-1,-1,-1
208,1,479,369,158,109,-1,-1,-1,-1
208,2,795,345,164,111,-1,-1,-1,-1
208,3,730,66,873,424,-1,-1,-1,-1
209,1,479,369,158,109,-1,-1,-1,-1
209,2,795,344,165,113,-1,-1,-1,-1
209,3,734,66,869,423,-1,-1,-1,-1
210,1,479,369,158,109,-1,-1,-1,-1
210,2,797,345,162,111,-1,-1,-1,-1
210,3,729,66,874,423,-1,-1,-1,-1
211,1,479,369,158,109,-1,-1,-1,-1
211,2,800,345,157,110,-1,-1,-1,-1
211,3,721,66,880,423,-1,-1,-1,-1
212,1,478,371,157,106,-1,-1,-1,-1
212,2,801,345,156,111,-1,-1,-1,-1
212,3,713,66,888,423,-1,-1,-1,-1
213,1,479,372,155,104,-1,-1,-1,-1
213,2,798,345,159,111,-1,-1,-1,-1
213,3,703,67,897,422,-1,-1,-1,-1
214,1,479,372,155,104,-1,-1,-1,-1
214,2,795,345,162,112,-1,-1,-1,-1
214,3,702,67,898,422,-1,-1,-1,-1
215,1,478,372,156,104,-1,-1,-1,-1
215,2,797,345,160,113,-1,-1,-1,-1
215,3,706,67,894,422,-1,-1,-1,-1
216,1,478,372,156,104,-1,-1,-1,-1
216,2,793,346,164,113,-1,-1,-1,-1
216,3,705,68,895,422,-1,-1,-1,-1
217,1,478,372,157,105,-1,-1,-1,-1
217,2,796,346,160,111,-1,-1,-1,-1
217,3,710,68,890,422,-1,-1,-1,-1
218,1,481,370,153,106,-1,-1,-1,-1
218,2,791,348,164,110,-1,-1,-1,-1
218,3,730,67,872,422,-1,-1,-1,-1
219,1,480,369,155,108,-1,-1,-1,-1
219,2,788,351,164,107,-1,-1,-1,-1
219,3,737,67,865,421,-1,-1,-1,-1
220,1,480,369,155,108,-1,-1,-1,-1
220,2,785,349,169,109,-1,-1,-1,-1
220,3,721,67,880,421,-1,-1,-1,-1
221,1,480,369,155,108,-1,-1,-1,-1
221,2,780,347,175,112,-1,-1,-1,-1
221,3,726,67,876,421,-1,-1,-1,-1
222,1,480,369,155,108,-1,-1,-1,-1
222,2,781,346,175,114,-1,-1,-1,-1
222,3,721,67,883,421,-1,-1,-1,-1
223,1,480,369,156,108,-1,-1,-1,-1
223,2,781,345,175,115,-1,-1,-1,-1
223,3,719,67,884,421,-1,-1,-1,-1
224,1,480,369,156,108,-1,-1,-1,-1
224,2,781,345,177,116,-1,-1,-1,-1
224,3,718,67,884,422,-1,-1,-1,-1
225,1,480,370,155,107,-1,-1,-1,-1
225,2,782,345,177,116,-1,-1,-1,-1
225,3,722,68,881,421,-1,-1,-1,-1
226,1,479,371,154,105,-1,-1,-1,-1
226,2,784,345,173,115,-1,-1,-1,-1
226,3,737,68,865,422,-1,-1,-1,-1
227,1,480,372,152,103,-1,-1,-1,-1
227,2,784,347,171,113,-1,-1,-1,-1
227,3,748,68,854,422,-1,-1,-1,-1
228,1,480,372,152,103,-1,-1,-1,-1
228,2,779,348,174,112,-1,-1,-1,-1
228,3,762,67,839,422,-1,-1,-1,-1
229,1,480,372,152,103,-1,-1,-1,-1
229,2,779,348,174,113,-1,-1,-1,-1
229,3,743,67,858,423,-1,-1,-1,-1
230,1,480,372,152,103,-1,-1,-1,-1
230,2,775,347,177,114,-1,-1,-1,-1
230,3,745,67,855,423,-1,-1,-1,-1
231,1,480,372,152,103,-1,-1,-1,-1
231,2,777,348,175,113,-1,-1,-1,-1
231,3,754,68,846,423,-1,-1,-1,-1
232,1,480,372,152,103,-1,-1,-1,-1
232,2,777,348,175,113,-1,-1,-1,-1
232,3,768,68,834,422,-1,-1,-1,-1
233,1,480,372,152,103,-1,-1,-1,-1
233,2,779,349,170,111,-1,-1,-1,-1
233,3,777,68,825,422,-1,-1,-1,-1
234,1,480,372,152,103,-1,-1,-1,-1
234,2,777,350,171,109,-1,-1,-1,-1
234,3,758,68,845,422,-1,-1,-1,-1
235,1,481,370,153,106,-1,-1,-1,-1
235,2,779,350,169,109,-1,-1,-1,-1
235,3,763,68,839,423,-1,-1,-1,-1
236,1,480,369,156,108,-1,-1,-1,-1
236,2,778,349,172,111,-1,-1,-1,-1
236,3,752,68,851,423,-1,-1,-1,-1
237,1,480,369,156,108,-1,-1,-1,-1
237,2,779,348,171,112,-1,-1,-1,-1
237,3,754,68,849,423,-1,-1,-1,-1
238,1,480,370,156,107,-1,-1,-1,-1
238,2,778,347,173,114,-1,-1,-1,-1
238,3,751,68,853,423,-1,-1,-1,-1
239,1,481,370,154,106,-1,-1,-1,-1
239,2,778,346,174,114,-1,-1,-1,-1
239,3,760,67,844,424,-1,-1,-1,-1
240,1,480,369,156,108,-1,-1,-1,-1
240,2,779,346,174,115,-1,-1,-1,-1
240,3,758,67,846,424,-1,-1,-1,-1
241,1,480,369,156,108,-1,-1,-1,-1
241,2,779,347,173,114,-1,-1,-1,-1
241,3,764,68,841,424,-1,-1,-1,-1
242,1,480,369,156,108,-1,-1,-1,-1
242,2,778,347,175,113,-1,-1,-1,-1
242,3,749,68,856,424,-1,-1,-1,-1
243,1,480,369,156,108,-1,-1,-1,-1
243,2,780,346,172,115,-1,-1,-1,-1
243,3,722,66,882,425,-1,-1,-1,-1
244,1,480,370,156,107,-1,-1,-1,-1
244,2,777,346,176,116,-1,-1,-1,-1
244,3,724,66,880,425,-1,-1,-1,-1
245,1,480,370,156,107,-1,-1,-1,-1
245,2,773,346,180,117,-1,-1,-1,-1
245,3,727,65,877,426,-1,-1,-1,-1
246,1,481,371,154,105,-1,-1,-1,-1
246,2,779,347,172,114,-1,-1,-1,-1
246,3,740,65,865,425,-1,-1,-1,-1
247,1,480,370,156,106,-1,-1,-1,-1
247,2,784,347,166,113,-1,-1,-1,-1
247,3,758,65,847,424,-1,-1,-1,-1
248,1,480,370,155,106,-1,-1,-1,-1
248,2,784,347,165,112,-1,-1,-1,-1
248,3,756,65,848,424,-1,-1,-1,-1
249,1,480,371,155,106,-1,-1,-1,-1
249,2,782,347,169,112,-1,-1,-1,-1
249,3,734,64,869,426,-1,-1,-1,-1
250,1,479,370,157,107,-1,-1,-1,-1
250,2,780,347,171,113,-1,-1,-1,-1
250,3,733,64,870,426,-1,-1,-1,-1
251,1,480,371,155,106,-1,-1,-1,-1
251,2,779,346,172,115,-1,-1,-1,-1
251,3,742,65,861,425,-1,-1,-1,-1
252,1,479,370,157,107,-1,-1,-1,-1
252,2,784,347,165,113,-1,-1,-1,-1
252,3,755,65,848,425,-1,-1,-1,-1
253,1,480,371,155,106,-1,-1,-1,-1
253,2,785,348,164,111,-1,-1,-1,-1
253,3,756,66,848,424,-1,-1,-1,-1
254,1,479,370,157,107,-1,-1,-1,-1
254,2,783,347,166,112,-1,-1,-1,-1
254,3,748,66,855,424,-1,-1,-1,-1
255,1,480,371,156,106,-1,-1,-1,-1
255,2,782,346,167,112,-1,-1,-1,-1
255,3,730,66,874,424,-1,-1,-1,-1
256,1,480,371,155,106,-1,-1,-1,-1
256,2,782,345,168,113,-1,-1,-1,-1
256,3,728,66,874,425,-1,-1,-1,-1
257,1,479,370,157,108,-1,-1,-1,-1
257,2,781,345,170,114,-1,-1,-1,-1
257,3,727,66,875,425,-1,-1,-1,-1
258,1,479,370,157,108,-1,-1,-1,-1
258,2,783,345,168,114,-1,-1,-1,-1
258,3,734,66,869,424,-1,-1,-1,-1
259,1,479,370,157,108,-1,-1,-1,-1
259,2,781,346,169,113,-1,-1,-1,-1
259,3,730,66,872,425,-1,-1,-1,-1
260,1,479,370,157,108,-1,-1,-1,-1
260,2,782,347,166,111,-1,-1,-1,-1
260,3,738,67,863,423,-1,-1,-1,-1
261,1,479,370,157,108,-1,-1,-1,-1
261,2,783,347,165,111,-1,-1,-1,-1
261,3,736,67,865,423,-1,-1,-1,-1
262,1,480,370,156,108,-1,-1,-1,-1
262,2,782,347,166,111,-1,-1,-1,-1
262,3,730,67,873,423,-1,-1,-1,-1
263,1,480,370,155,108,-1,-1,-1,-1
263,2,781,346,166,112,-1,-1,-1,-1
263,3,749,67,854,423,-1,-1,-1,-1
264,1,480,370,156,108,-1,-1,-1,-1
264,2,779,346,169,114,-1,-1,-1,-1
264,3,751,67,853,422,-1,-1,-1,-1
265,1,480,370,156,108,-1,-1,-1,-1
265,2,778,346,172,115,-1,-1,-1,-1
265,3,763,67,842,422,-1,-1,-1,-1
266,1,480,370,156,108,-1,-1,-1,-1
266,2,778,346,170,114,-1,-1,-1,-1
266,3,753,67,852,422,-1,-1,-1,-1
267,1,480,370,156,108,-1,-1,-1,-1
267,2,776,347,172,113,-1,-1,-1,-1
267,3,752,67,854,422,-1,-1,-1,-1
268,1,480,370,156,108,-1,-1,-1,-1
268,2,779,347,168,112,-1,-1,-1,-1
268,3,732,67,872,423,-1,-1,-1,-1
269,1,479,369,158,109,-1,-1,-1,-1
269,2,777,348,169,111,-1,-1,-1,-1
269,3,733,66,871,424,-1,-1,-1,-1
270,1,479,369,158,109,-1,-1,-1,-1
270,2,777,348,169,111,-1,-1,-1,-1
270,3,730,66,874,424,-1,-1,-1,-1
271,1,479,370,158,108,-1,-1,-1,-1
271,2,776,348,171,112,-1,-1,-1,-1
271,3,720,65,882,425,-1,-1,-1,-1
272,1,480,371,156,106,-1,-1,-1,-1
272,2,772,348,176,112,-1,-1,-1,-1
272,3,731,66,871,424,-1,-1,-1,-1
273,1,480,371,156,106,-1,-1,-1,-1
273,2,772,347,176,113,-1,-1,-1,-1
273,3,724,66,880,424,-1,-1,-1,-1
274,1,480,371,156,106,-1,-1,-1,-1
274,2,770,347,177,114,-1,-1,-1,-1
274,3,725,67,878,423,-1,-1,-1,-1
275,1,480,371,156,106,-1,-1,-1,-1
275,2,768,347,180,114,-1,-1,-1,-1
275,3,719,66,882,424,-1,-1,-1,-1
276,1,480,370,156,107,-1,-1,-1,-1
276,2,764,347,185,114,-1,-1,-1,-1
276,3,729,67,875,423,-1,-1,-1,-1
277,1,479,369,158,109,-1,-1,-1,-1
277,2,765,347,184,114,-1,-1,-1,-1
277,3,729,66,876,424,-1,-1,-1,-1
278,1,479,369,158,109,-1,-1,-1,-1
278,2,761,347,187,115,-1,-1,-1,-1
278,3,718,66,889,424,-1,-1,-1,-1
279,1,479,369,158,109,-1,-1,-1,-1
279,2,758,345,184,119,-1,-1,-1,-1
279,3,714,65,892,425,-1,-1,-1,-1
280,1,479,370,158,108,-1,-1,-1,-1
280,2,754,344,187,121,-1,-1,-1,-1
280,3,713,65,893,425,-1,-1,-1,-1
281,1,480,370,156,107,-1,-1,-1,-1
281,2,760,344,181,120,-1,-1,-1,-1
281,3,715,66,892,424,-1,-1,-1,-1
282,1,479,370,158,108,-1,-1,-1,-1
282,2,758,344,186,119,-1,-1,-1,-1
282,3,714,66,893,424,-1,-1,-1,-1
283,1,480,371,156,106,-1,-1,-1,-1
283,2,754,345,187,119,-1,-1,-1,-1
283,3,708,66,899,424,-1,-1,-1,-1
284,1,480,371,156,106,-1,-1,-1,-1
284,2,756,346,180,117,-1,-1,-1,-1
284,3,708,67,897,423,-1,-1,-1,-1
285,1,479,371,158,107,-1,-1,-1,-1
285,2,752,346,181,117,-1,-1,-1,-1
285,3,709,67,894,423,-1,-1,-1,-1
286,1,480,372,156,106,-1,-1,-1,-1
286,2,752,347,181,116,-1,-1,-1,-1
286,3,715,67,888,423,-1,-1,-1,-1
287,1,481,372,155,106,-1,-1,-1,-1
287,2,754,347,181,115,-1,-1,-1,-1
287,3,697,66,906,424,-1,-1,-1,-1
288,1,480,371,157,107,-1,-1,-1,-1
288,2,757,347,179,115,-1,-1,-1,-1
288,3,699,66,905,424,-1,-1,-1,-1
289,1,481,372,155,105,-1,-1,-1,-1
289,2,758,347,177,116,-1,-1,-1,-1
289,3,711,67,895,423,-1,-1,-1,-1
290,1,480,372,156,105,-1,-1,-1,-1
290,2,755,346,179,117,-1,-1,-1,-1
290,3,713,66,893,424,-1,-1,-1,-1
291,1,480,372,156,105,-1,-1,-1,-1
291,2,760,347,171,115,-1,-1,-1,-1
291,3,717,66,889,424,-1,-1,-1,-1
292,1,480,372,155,105,-1,-1,-1,-1
292,2,761,347,167,114,-1,-1,-1,-1
292,3,725,66,881,423,-1,-1,-1,-1
293,1,480,369,156,108,-1,-1,-1,-1
293,2,760,347,167,114,-1,-1,-1,-1
293,3,785,67,821,422,-1,-1,-1,-1
294,1,479,368,158,110,-1,-1,-1,-1
294,2,761,347,165,114,-1,-1,-1,-1
294,3,820,67,785,421,-1,-1,-1,-1
295,1,478,368,159,110,-1,-1,-1,-1
295,2,762,346,164,115,-1,-1,-1,-1
295,3,812,67,794,421,-1,-1,-1,-1
296,1,478,369,159,109,-1,-1,-1,-1
296,2,761,345,165,117,-1,-1,-1,-1
296,3,786,67,822,422,-1,-1,-1,-1
297,1,477,370,158,107,-1,-1,-1,-1
297,2,759,345,166,116,-1,-1,-1,-1
297,3,787,66,820,423,-1,-1,-1,-1
298,1,479,370,157,107,-1,-1,-1,-1
298,2,756,346,167,115,-1,-1,-1,-1
298,3,913,74,697,411,-1,-1,-1,-1
299,1,478,369,158,109,-1,-1,-1,-1
299,2,757,347,165,115,-1,-1,-1,-1
299,3,853,70,750,418,-1,-1,-1,-1
300,1,477,371,157,106,-1,-1,-1,-1
300,2,756,346,167,116,-1,-1,-1,-1
300,3,829,68,775,421,-1,-1,-1,-1
301,1,478,372,155,104,-1,-1,-1,-1
301,2,755,345,169,117,-1,-1,-1,-1
301,3,737,66,869,424,-1,-1,-1,-1
302,1,478,372,155,104,-1,-1,-1,-1
302,2,755,345,167,116,-1,-1,-1,-1
302,3,765,66,840,424,-1,-1,-1,-1
303,1,478,372,155,104,-1,-1,-1,-1
303,2,757,346,162,115,-1,-1,-1,-1
303,3,837,67,764,423,-1,-1,-1,-1
304,1,478,372,155,104,-1,-1,-1,-1
304,2,758,347,160,114,-1,-1,-1,-1
304,3,856,68,747,421,-1,-1,-1,-1
305,1,478,371,155,105,-1,-1,-1,-1
305,2,756,346,163,115,-1,-1,-1,-1
305,3,841,68,762,421,-1,-1,-1,-1
306,1,478,371,154,105,-1,-1,-1,-1
306,2,752,346,167,116,-1,-1,-1,-1
306,3,916,74,692,411,-1,-1,-1,-1
307,1,477,371,155,105,-1,-1,-1,-1
307,2,751,346,168,116,-1,-1,-1,-1
307,3,855,70,747,419,-1,-1,-1,-1
308,1,478,371,154,105,-1,-1,-1,-1
308,2,752,348,166,113,-1,-1,-1,-1
308,3,818,67,786,423,-1,-1,-1,-1
309,1,478,371,154,105,-1,-1,-1,-1
309,2,754,348,165,113,-1,-1,-1,-1
309,3,867,69,735,420,-1,-1,-1,-1
310,1,478,371,154,105,-1,-1,-1,-1
310,2,748,347,170,114,-1,-1,-1,-1
310,3,865,69,739,421,-1,-1,-1,-1
311,1,478,371,154,105,-1,-1,-1,-1
311,2,745,347,174,115,-1,-1,-1,-1
311,3,918,74,691,411,-1,-1,-1,-1
312,1,477,370,156,107,-1,-1,-1,-1
312,2,750,349,165,112,-1,-1,-1,-1
312,3,923,75,685,410,-1,-1,-1,-1
313,1,477,370,156,107,-1,-1,-1,-1
313,2,748,350,169,110,-1,-1,-1,-1
313,3,838,70,765,418,-1,-1,-1,-1
314,1,480,369,155,109,-1,-1,-1,-1
314,2,745,348,173,113,-1,-1,-1,-1
314,3,863,70,740,418,-1,-1,-1,-1
315,1,477,370,157,108,-1,-1,-1,-1
315,2,744,346,175,115,-1,-1,-1,-1
315,3,843,69,761,420,-1,-1,-1,-1
316,1,477,370,157,107,-1,-1,-1,-1
316,2,744,349,171,111,-1,-1,-1,-1
316,3,813,68,793,422,-1,-1,-1,-1
317,1,478,371,155,105,-1,-1,-1,-1
317,2,743,349,174,111,-1,-1,-1,-1
317,3,736,67,873,423,-1,-1,-1,-1
318,1,481,371,153,106,-1,-1,-1,-1
318,2,743,349,173,111,-1,-1,-1,-1
318,3,728,66,879,423,-1,-1,-1,-1
319,1,480,370,155,108,-1,-1,-1,-1
319,2,742,348,174,111,-1,-1,-1,-1
319,3,722,66,885,423,-1,-1,-1,-1
320,1,480,370,156,108,-1,-1,-1,-1
320,2,742,349,169,110,-1,-1,-1,-1
320,3,718,65,888,424,-1,-1,-1,-1
321,1,480,370,156,108,-1,-1,-1,-1
321,2,742,349,169,110,-1,-1,-1,-1
321,3,710,65,896,424,-1,-1,-1,-1
322,1,478,371,156,106,-1,-1,-1,-1
322,2,739,348,173,111,-1,-1,-1,-1
322,3,712,65,892,423,-1,-1,-1,-1
323,1,479,372,153,104,-1,-1,-1,-1
323,2,743,346,164,113,-1,-1,-1,-1
323,3,719,65,885,424,-1,-1,-1,-1
324,1,479,372,153,104,-1,-1,-1,-1
324,2,742,346,165,114,-1,-1,-1,-1
324,3,725,65,879,424,-1,-1,-1,-1
325,1,480,371,155,106,-1,-1,-1,-1
325,2,742,346,165,114,-1,-1,-1,-1
325,3,724,65,881,424,-1,-1,-1,-1
326,1,480,370,155,108,-1,-1,-1,-1
326,2,742,347,164,113,-1,-1,-1,-1
326,3,728,65,877,425,-1,-1,-1,-1
327,1,480,370,155,107,-1,-1,-1,-1
327,2,741,347,164,113,-1,-1,-1,-1
327,3,722,66,884,424,-1,-1,-1,-1
328,1,481,370,154,107,-1,-1,-1,-1
328,2,737,350,169,111,-1,-1,-1,-1
328,3,734,65,871,425,-1,-1,-1,-1
329,1,480,369,156,109,-1,-1,-1,-1
329,2,742,348,160,111,-1,-1,-1,-1
329,3,721,65,885,425,-1,-1,-1,-1
330,1,480,370,156,108,-1,-1,-1,-1
330,2,737,349,173,113,-1,-1,-1,-1
330,3,725,65,880,425,-1,-1,-1,-1
331,1,480,370,155,107,-1,-1,-1,-1
331,2,731,348,179,113,-1,-1,-1,-1
331,3,743,65,863,425,-1,-1,-1,-1
332,1,481,371,153,105,-1,-1,-1,-1
332,2,734,349,170,111,-1,-1,-1,-1
332,3,741,65,867,425,-1,-1,-1,-1
333,1,481,371,153,105,-1,-1,-1,-1
333,2,740,347,161,113,-1,-1,-1,-1
333,3,711,66,896,423,-1,-1,-1,-1
334,1,479,372,154,104,-1,-1,-1,-1
334,2,734,347,175,116,-1,-1,-1,-1
334,3,709,66,896,423,-1,-1,-1,-1
335,1,480,373,151,102,-1,-1,-1,-1
335,2,738,346,163,114,-1,-1,-1,-1
335,3,717,66,888,424,-1,-1,-1,-1
336,1,480,373,151,102,-1,-1,-1,-1
336,2,735,349,166,110,-1,-1,-1,-1
336,3,719,66,887,425,-1,-1,-1,-1
337,1,480,373,151,102,-1,-1,-1,-1
337,2,739,348,159,111,-1,-1,-1,-1
337,3,708,66,897,424,-1,-1,-1,-1
338,1,480,373,151,102,-1,-1,-1,-1
338,2,731,349,173,112,-1,-1,-1,-1
338,3,702,66,902,424,-1,-1,-1,-1
339,1,480,373,151,102,-1,-1,-1,-1
339,2,733,349,165,110,-1,-1,-1,-1
339,3,710,66,894,424,-1,-1,-1,-1
340,1,480,373,151,102,-1,-1,-1,-1
340,2,733,351,162,108,-1,-1,-1,-1
340,3,712,66,892,424,-1,-1,-1,-1
341,1,480,372,151,103,-1,-1,-1,-1
341,2,732,350,163,110,-1,-1,-1,-1
341,3,706,65,897,424,-1,-1,-1,-1
342,1,479,372,153,104,-1,-1,-1,-1
342,2,733,348,159,111,-1,-1,-1,-1
342,3,703,65,898,425,-1,-1,-1,-1
343,1,480,372,152,103,-1,-1,-1,-1
343,2,733,348,158,112,-1,-1,-1,-1
343,3,713,65,889,425,-1,-1,-1,-1
344,1,481,370,153,107,-1,-1,-1,-1
344,2,732,348,157,112,-1,-1,-1,-1
344,3,732,65,871,424,-1,-1,-1,-1
345,1,479,370,154,106,-1,-1,-1,-1
345,2,729,348,161,112,-1,-1,-1,-1
345,3,740,65,864,424,-1,-1,-1,-1
346,1,481,370,153,107,-1,-1,-1,-1
346,2,728,347,161,113,-1,-1,-1,-1
346,3,750,65,854,423,-1,-1,-1,-1
347,1,480,369,155,109,-1,-1,-1,-1
347,2,726,348,160,112,-1,-1,-1,-1
347,3,744,66,859,422,-1,-1,-1,-1
348,1,481,369,153,108,-1,-1,-1,-1
348,2,725,349,160,111,-1,-1,-1,-1
348,3,744,66,859,422,-1,-1,-1,-1
349,1,480,369,155,109,-1,-1,-1,-1
349,2,727,348,162,112,-1,-1,-1,-1
349,3,754,66,849,422,-1,-1,-1,-1
350,1,479,370,154,106,-1,-1,-1,-1
350,2,724,348,159,113,-1,-1,-1,-1
350,3,740,67,864,422,-1,-1,-1,-1
351,1,478,371,154,105,-1,-1,-1,-1
351,2,722,347,159,114,-1,-1,-1,-1
351,3,732,67,869,422,-1,-1,-1,-1
352,1,479,372,152,103,-1,-1,-1,-1
352,2,721,348,160,113,-1,-1,-1,-1
352,3,724,67,879,422,-1,-1,-1,-1
353,1,479,372,152,103,-1,-1,-1,-1
353,2,722,348,160,113,-1,-1,-1,-1
353,3,736,68,866,421,-1,-1,-1,-1
354,1,479,372,152,103,-1,-1,-1,-1
354,2,720,347,161,114,-1,-1,-1,-1
354,3,739,68,865,421,-1,-1,-1,-1
355,1,480,372,151,103,-1,-1,-1,-1
355,2,720,348,160,113,-1,-1,-1,-1
355,3,736,67,867,422,-1,-1,-1,-1
356,1,479,372,152,103,-1,-1,-1,-1
356,2,718,349,161,112,-1,-1,-1,-1
356,3,737,67,868,421,-1,-1,-1,-1
357,1,479,372,152,103,-1,-1,-1,-1
357,2,718,349,160,112,-1,-1,-1,-1
357,3,749,68,855,420,-1,-1,-1,-1
358,1,479,372,152,103,-1,-1,-1,-1
358,2,717,348,160,113,-1,-1,-1,-1
358,3,734,68,870,420,-1,-1,-1,-1
359,1,479,372,151,103,-1,-1,-1,-1
359,2,716,348,160,113,-1,-1,-1,-1
359,3,745,68,859,420,-1,-1,-1,-1
360,1,479,372,151,104,-1,-1,-1,-1
360,2,717,349,160,113,-1,-1,-1,-1
360,3,770,68,833,420,-1,-1,-1,-1
361,1,478,371,154,105,-1,-1,-1,-1
361,2,716,348,163,114,-1,-1,-1,-1
361,3,751,67,852,421,-1,-1,-1,-1
362,1,479,372,152,103,-1,-1,-1,-1
362,2,715,347,160,114,-1,-1,-1,-1
362,3,726,66,877,423,-1,-1,-1,-1
363,1,478,372,154,104,-1,-1,-1,-1
363,2,713,347,162,114,-1,-1,-1,-1
363,3,731,66,873,423,-1,-1,-1,-1
364,1,480,372,151,103,-1,-1,-1,-1
364,2,714,348,164,113,-1,-1,-1,-1
364,3,736,66,868,423,-1,-1,-1,-1
365,1,479,372,153,104,-1,-1,-1,-1
365,2,715,348,164,113,-1,-1,-1,-1
365,3,732,66,872,422,-1,-1,-1,-1
366,1,480,372,151,103,-1,-1,-1,-1
366,2,713,348,163,114,-1,-1,-1,-1
366,3,713,66,890,423,-1,-1,-1,-1
367,1,480,372,150,103,-1,-1,-1,-1
367,2,709,348,163,113,-1,-1,-1,-1
367,3,718,67,887,422,-1,-1,-1,-1
368,1,480,372,151,104,-1,-1,-1,-1
368,2,712,348,161,112,-1,-1,-1,-1
368,3,718,67,886,422,-1,-1,-1,-1
369,1,481,370,152,106,-1,-1,-1,-1
369,2,711,348,163,114,-1,-1,-1,-1
369,3,725,67,878,422,-1,-1,-1,-1
370,1,479,371,152,105,-1,-1,-1,-1
370,2,711,348,161,114,-1,-1,-1,-1
370,3,714,67,890,422,-1,-1,-1,-1
371,1,479,371,152,105,-1,-1,-1,-1
371,2,709,349,162,113,-1,-1,-1,-1
371,3,717,67,887,421,-1,-1,-1,-1
372,1,480,372,150,103,-1,-1,-1,-1
372,2,707,349,160,113,-1,-1,-1,-1
372,3,719,68,884,421,-1,-1,-1,-1
373,1,480,372,150,103,-1,-1,-1,-1
373,2,706,348,160,114,-1,-1,-1,-1
373,3,711,68,894,420,-1,-1,-1,-1
374,1,480,371,150,104,-1,-1,-1,-1
374,2,704,349,161,114,-1,-1,-1,-1
374,3,704,67,901,421,-1,-1,-1,-1
375,1,480,372,149,103,-1,-1,-1,-1
375,2,703,348,165,116,-1,-1,-1,-1
375,3,712,68,892,420,-1,-1,-1,-1
376,1,479,371,151,104,-1,-1,-1,-1
376,2,703,347,165,115,-1,-1,-1,-1
376,3,711,68,894,420,-1,-1,-1,-1
377,1,480,372,150,103,-1,-1,-1,-1
377,2,702,348,162,114,-1,-1,-1,-1
377,3,714,68,891,421,-1,-1,-1,-1
378,1,480,372,149,103,-1,-1,-1,-1
378,2,700,349,162,113,-1,-1,-1,-1
378,3,711,69,894,420,-1,-1,-1,-1
379,1,480,372,149,103,-1,-1,-1,-1
379,2,699,348,163,115,-1,-1,-1,-1
379,3,710,69,895,420,-1,-1,-1,-1
380,1,479,372,151,103,-1,-1,-1,-1
380,2,698,348,166,115,-1,-1,-1,-1
380,3,710,69,893,420,-1,-1,-1,-1
381,1,479,371,150,104,-1,-1,-1,-1
381,2,695,349,164,114,-1,-1,-1,-1
381,3,710,68,893,421,-1,-1,-1,-1
382,1,478,372,151,103,-1,-1,-1,-1
382,2,696,350,160,112,-1,-1,-1,-1
382,3,711,68,892,421,-1,-1,-1,-1
383,1,479,372,150,104,-1,-1,-1,-1
383,2,695,350,162,112,-1,-1,-1,-1
383,3,718,68,885,420,-1,-1,-1,-1
384,1,479,372,150,104,-1,-1,-1,-1
384,2,696,349,160,113,-1,-1,-1,-1
384,3,701,68,900,421,-1,-1,-1,-1
385,1,479,372,149,103,-1,-1,-1,-1
385,2,695,349,163,113,-1,-1,-1,-1
385,3,706,68,895,421,-1,-1,-1,-1
386,1,479,372,149,103,-1,-1,-1,-1
386,2,692,351,170,114,-1,-1,-1,-1
386,3,701,68,902,421,-1,-1,-1,-1
387,1,478,371,151,104,-1,-1,-1,-1
387,2,692,350,168,115,-1,-1,-1,-1
387,3,702,67,901,422,-1,-1,-1,-1
388,1,478,372,151,104,-1,-1,-1,-1
388,2,690,350,168,113,-1,-1,-1,-1
388,3,699,67,904,421,-1,-1,-1,-1
389,1,479,373,149,102,-1,-1,-1,-1
389,2,691,351,168,112,-1,-1,-1,-1
389,3,705,67,897,422,-1,-1,-1,-1
390,1,479,373,149,102,-1,-1,-1,-1
390,2,692,351,164,112,-1,-1,-1,-1
390,3,700,67,904,422,-1,-1,-1,-1
391,1,479,373,149,102,-1,-1,-1,-1
391,2,691,351,167,112,-1,-1,-1,-1
391,3,699,66,905,422,-1,-1,-1,-1
392,1,478,372,151,103,-1,-1,-1,-1
392,2,688,352,168,111,-1,-1,-1,-1
392,3,703,67,901,421,-1,-1,-1,-1
393,1,479,373,150,102,-1,-1,-1,-1
393,2,687,354,169,110,-1,-1,-1,-1
393,3,708,67,900,422,-1,-1,-1,-1
394,1,479,373,150,102,-1,-1,-1,-1
394,2,688,353,166,108,-1,-1,-1,-1
394,3,711,67,894,421,-1,-1,-1,-1
395,1,479,373,150,102,-1,-1,-1,-1
395,2,687,353,165,109,-1,-1,-1,-1
395,3,711,68,893,421,-1,-1,-1,-1
396,1,479,373,149,102,-1,-1,-1,-1
396,2,686,353,167,109,-1,-1,-1,-1
396,3,711,68,895,421,-1,-1,-1,-1
397,1,479,373,149,102,-1,-1,-1,-1
397,2,685,353,169,110,-1,-1,-1,-1
397,3,712,68,895,421,-1,-1,-1,-1
398,1,479,373,150,102,-1,-1,-1,-1
398,2,685,353,171,109,-1,-1,-1,-1
398,3,713,67,892,421,-1,-1,-1,-1
399,1,479,373,150,102,-1,-1,-1,-1
399,2,682,353,170,109,-1,-1,-1,-1
399,3,707,68,898,421,-1,-1,-1,-1
400,1,479,373,150,102,-1,-1,-1,-1
400,2,682,353,172,110,-1,-1,-1,-1
400,3,706,68,899,421,-1,-1,-1,-1
401,1,479,373,150,102,-1,-1,-1,-1
401,2,680,353,170,110,-1,-1,-1,-1
401,3,705,68,899,420,-1,-1,-1,-1
402,1,479,373,150,102,-1,-1,-1,-1
402,2,682,353,164,109,-1,-1,-1,-1
402,3,709,67,895,422,-1,-1,-1,-1
403,1,478,372,152,103,-1,-1,-1,-1
403,2,679,354,166,108,-1,-1,-1,-1
403,3,712,67,895,422,-1,-1,-1,-1
404,1,479,373,151,102,-1,-1,-1,-1
404,2,678,354,168,109,-1,-1,-1,-1
404,3,714,67,893,422,-1,-1,-1,-1
405,1,479,373,150,102,-1,-1,-1,-1
405,2,677,354,170,110,-1,-1,-1,-1
405,3,717,66,891,423,-1,-1,-1,-1
406,1,478,373,152,103,-1,-1,-1,-1
406,2,675,355,172,109,-1,-1,-1,-1
406,3,714,66,897,423,-1,-1,-1,-1
407,1,479,373,150,103,-1,-1,-1,-1
407,2,674,354,170,110,-1,-1,-1,-1
407,3,717,66,892,423,-1,-1,-1,-1
408,1,478,372,151,103,-1,-1,-1,-1
408,2,677,353,163,111,-1,-1,-1,-1
408,3,720,66,890,422,-1,-1,-1,-1
409,1,480,373,148,101,-1,-1,-1,-1
409,2,675,352,162,112,-1,-1,-1,-1
409,3,719,66,894,422,-1,-1,-1,-1
410,1,479,373,149,101,-1,-1,-1,-1
410,2,672,354,165,111,-1,-1,-1,-1
410,3,722,66,886,423,-1,-1,-1,-1
411,1,479,373,149,101,-1,-1,-1,-1
411,2,671,354,165,111,-1,-1,-1,-1
411,3,716,66,894,423,-1,-1,-1,-1
412,1,479,373,149,101,-1,-1,-1,-1
412,2,673,355,164,110,-1,-1,-1,-1
412,3,719,65,884,424,-1,-1,-1,-1
413,1,479,373,148,101,-1,-1,-1,-1
413,2,671,354,167,111,-1,-1,-1,-1
413,3,714,65,889,424,-1,-1,-1,-1
414,1,479,373,148,101,-1,-1,-1,-1
414,2,671,353,165,112,-1,-1,-1,-1
414,3,714,65,889,424,-1,-1,-1,-1
415,1,479,373,148,101,-1,-1,-1,-1
415,2,670,354,165,111,-1,-1,-1,-1
415,3,714,66,891,423,-1,-1,-1,-1
416,1,479,373,147,101,-1,-1,-1,-1
416,2,671,353,164,112,-1,-1,-1,-1
416,3,715,65,888,424,-1,-1,-1,-1
417,1,479,373,147,101,-1,-1,-1,-1
417,2,669,353,163,113,-1,-1,-1,-1
417,3,712,65,890,423,-1,-1,-1,-1
418,1,478,373,150,102,-1,-1,-1,-1
418,2,669,353,164,113,-1,-1,-1,-1
418,3,700,66,900,423,-1,-1,-1,-1
419,1,477,372,152,104,-1,-1,-1,-1
419,2,669,353,165,113,-1,-1,-1,-1
419,3,706,66,893,423,-1,-1,-1,-1
420,1,477,372,151,104,-1,-1,-1,-1
420,2,666,352,167,114,-1,-1,-1,-1
420,3,705,67,894,422,-1,-1,-1,-1
421,1,478,372,150,104,-1,-1,-1,-1
421,2,667,353,164,113,-1,-1,-1,-1
421,3,703,67,896,421,-1,-1,-1,-1
422,1,478,372,151,104,-1,-1,-1,-1
422,2,667,354,162,112,-1,-1,-1,-1
422,3,717,66,883,423,-1,-1,-1,-1
423,1,478,372,151,104,-1,-1,-1,-1
423,2,664,353,164,114,-1,-1,-1,-1
423,3,717,66,884,423,-1,-1,-1,-1
424,1,478,372,151,104,-1,-1,-1,-1
424,2,663,353,163,114,-1,-1,-1,-1
424,3,713,66,889,423,-1,-1,-1,-1
425,1,478,372,151,104,-1,-1,-1,-1
425,2,664,353,163,113,-1,-1,-1,-1
425,3,709,66,893,423,-1,-1,-1,-1
426,1,478,372,151,104,-1,-1,-1,-1
426,2,661,352,168,114,-1,-1,-1,-1
426,3,710,66,891,423,-1,-1,-1,-1
427,1,478,372,152,104,-1,-1,-1,-1
427,2,663,352,163,114,-1,-1,-1,-1
427,3,708,66,893,423,-1,-1,-1,-1
428,1,479,372,150,104,-1,-1,-1,-1
428,2,661,353,163,113,-1,-1,-1,-1
428,3,713,66,887,423,-1,-1,-1,-1
429,1,478,372,151,104,-1,-1,-1,-1
429,2,660,357,162,109,-1,-1,-1,-1
429,3,723,67,878,423,-1,-1,-1,-1
430,1,478,372,151,103,-1,-1,-1,-1
430,2,660,355,163,110,-1,-1,-1,-1
430,3,721,67,881,423,-1,-1,-1,-1
431,1,478,372,150,102,-1,-1,-1,-1
431,2,657,355,166,110,-1,-1,-1,-1
431,3,726,67,875,423,-1,-1,-1,-1
432,1,478,372,151,103,-1,-1,-1,-1
432,2,659,355,164,111,-1,-1,-1,-1
432,3,726,66,877,423,-1,-1,-1,-1
433,1,477,371,153,105,-1,-1,-1,-1
433,2,657,354,167,112,-1,-1,-1,-1
433,3,723,67,880,423,-1,-1,-1,-1
434,1,477,372,153,103,-1,-1,-1,-1
434,2,654,354,165,111,-1,-1,-1,-1
434,3,721,67,881,423,-1,-1,-1,-1
435,1,478,373,151,101,-1,-1,-1,-1
435,2,653,353,166,112,-1,-1,-1,-1
435,3,726,66,875,423,-1,-1,-1,-1
436,1,478,373,150,101,-1,-1,-1,-1
436,2,651,352,171,113,-1,-1,-1,-1
436,3,717,66,885,423,-1,-1,-1,-1
437,1,478,373,149,101,-1,-1,-1,-1
437,2,650,352,172,115,-1,-1,-1,-1
437,3,713,67,887,422,-1,-1,-1,-1
438,1,478,373,149,101,-1,-1,-1,-1
438,2,650,352,167,115,-1,-1,-1,-1
438,3,714,68,885,421,-1,-1,-1,-1
439,1,478,373,149,101,-1,-1,-1,-1
439,2,647,353,171,114,-1,-1,-1,-1
439,3,714,67,884,422,-1,-1,-1,-1
440,1,478,373,150,101,-1,-1,-1,-1
440,2,647,352,168,113,-1,-1,-1,-1
440,3,707,67,893,423,-1,-1,-1,-1
441,1,478,373,150,101,-1,-1,-1,-1
441,2,646,355,172,112,-1,-1,-1,-1
441,3,719,67,881,422,-1,-1,-1,-1
442,1,478,373,149,101,-1,-1,-1,-1
442,2,647,354,170,115,-1,-1,-1,-1
442,3,727,68,874,421,-1,-1,-1,-1
443,1,478,371,150,103,-1,-1,-1,-1
443,2,646,352,169,115,-1,-1,-1,-1
443,3,730,67,872,422,-1,-1,-1,-1
444,1,477,371,152,104,-1,-1,-1,-1
444,2,646,353,170,114,-1,-1,-1,-1
444,3,735,67,867,422,-1,-1,-1,-1
445,1,477,371,152,104,-1,-1,-1,-1
445,2,647,358,168,112,-1,-1,-1,-1
445,3,732,67,870,422,-1,-1,-1,-1
446,1,477,371,151,104,-1,-1,-1,-1
446,2,646,356,170,113,-1,-1,-1,-1
446,3,723,67,878,421,-1,-1,-1,-1
447,1,477,371,152,104,-1,-1,-1,-1
447,2,644,354,171,115,-1,-1,-1,-1
447,3,733,67,866,421,-1,-1,-1,-1
448,1,477,371,153,104,-1,-1,-1,-1
448,2,643,355,167,112,-1,-1,-1,-1
448,3,727,68,873,420,-1,-1,-1,-1
449,1,477,371,153,104,-1,-1,-1,-1
449,2,643,355,168,113,-1,-1,-1,-1
449,3,728,68,871,420,-1,-1,-1,-1
450,1,477,371,153,104,-1,-1,-1,-1
450,2,641,353,169,114,-1,-1,-1,-1
450,3,725,69,875,420,-1,-1,-1,-1
451,1,476,371,154,104,-1,-1,-1,-1
451,2,640,354,166,114,-1,-1,-1,-1
451,3,715,69,885,420,-1,-1,-1,-1
452,1,477,371,153,104,-1,-1,-1,-1
452,2,638,355,166,113,-1,-1,-1,-1
452,3,719,68,881,421,-1,-1,-1,-1
453,1,477,371,153,104,-1,-1,-1,-1
453,2,639,355,167,114,-1,-1,-1,-1
453,3,711,68,890,421,-1,-1,-1,-1
454,1,477,371,152,104,-1,-1,-1,-1
454,2,637,354,166,113,-1,-1,-1,-1
454,3,710,68,889,421,-1,-1,-1,-1
455,1,477,371,152,104,-1,-1,-1,-1
455,2,635,354,165,112,-1,-1,-1,-1
455,3,715,68,884,421,-1,-1,-1,-1
456,1,476,371,153,104,-1,-1,-1,-1
456,2,634,353,165,113,-1,-1,-1,-1
456,3,709,67,891,421,-1,-1,-1,-1
457,1,476,371,153,104,-1,-1,-1,-1
457,2,634,354,164,112,-1,-1,-1,-1
457,3,708,67,891,421,-1,-1,-1,-1
458,1,478,372,148,103,-1,-1,-1,-1
458,2,634,355,163,111,-1,-1,-1,-1
458,3,712,68,888,420,-1,-1,-1,-1
459,1,477,371,150,104,-1,-1,-1,-1
459,2,633,354,166,112,-1,-1,-1,-1
459,3,721,68,878,420,-1,-1,-1,-1
460,1,479,372,147,103,-1,-1,-1,-1
460,2,631,356,168,111,-1,-1,-1,-1
460,3,720,68,881,420,-1,-1,-1,-1
461,1,476,371,153,104,-1,-1,-1,-1
461,2,633,354,164,111,-1,-1,-1,-1
461,3,730,69,870,420,-1,-1,-1,-1
462,1,476,371,152,103,-1,-1,-1,-1
462,2,630,354,169,113,-1,-1,-1,-1
462,3,726,68,876,420,-1,-1,-1,-1
463,1,478,372,148,101,-1,-1,-1,-1
463,2,629,353,169,115,-1,-1,-1,-1
463,3,718,68,882,421,-1,-1,-1,-1
464,1,478,372,148,102,-1,-1,-1,-1
464,2,628,353,167,113,-1,-1,-1,-1
464,3,723,69,877,421,-1,-1,-1,-1
465,1,479,371,146,103,-1,-1,-1,-1
465,2,627,354,164,112,-1,-1,-1,-1
465,3,717,68,883,421,-1,-1,-1,-1
466,1,478,370,146,105,-1,-1,-1,-1
466,2,626,355,164,112,-1,-1,-1,-1
466,3,713,68,887,421,-1,-1,-1,-1
467,1,478,370,146,105,-1,-1,-1,-1
467,2,626,354,166,112,-1,-1,-1,-1
467,3,711,68,888,421,-1,-1,-1,-1
468,1,479,371,144,104,-1,-1,-1,-1
468,2,625,354,168,113,-1,-1,-1,-1
468,3,739,68,862,421,-1,-1,-1,-1
469,1,478,371,144,103,-1,-1,-1,-1
469,2,622,356,168,113,-1,-1,-1,-1
469,3,725,69,877,420,-1,-1,-1,-1
470,1,480,372,141,101,-1,-1,-1,-1
470,2,622,356,166,112,-1,-1,-1,-1
470,3,738,69,863,420,-1,-1,-1,-1
471,1,480,372,141,101,-1,-1,-1,-1
471,2,621,356,166,111,-1,-1,-1,-1
471,3,742,68,860,421,-1,-1,-1,-1
472,1,480,372,141,101,-1,-1,-1,-1
472,2,619,357,168,111,-1,-1,-1,-1
472,3,734,68,869,421,-1,-1,-1,-1
473,1,480,372,140,101,-1,-1,-1,-1
473,2,618,357,169,112,-1,-1,-1,-1
473,3,737,68,865,421,-1,-1,-1,-1
474,1,480,372,141,101,-1,-1,-1,-1
474,2,618,356,170,113,-1,-1,-1,-1
474,3,734,68,871,421,-1,-1,-1,-1
475,1,480,372,141,101,-1,-1,-1,-1
475,2,617,355,170,113,-1,-1,-1,-1
475,3,726,67,877,422,-1,-1,-1,-1
476,1,480,372,140,101,-1,-1,-1,-1
476,2,614,355,173,115,-1,-1,-1,-1
476,3,721,66,883,423,-1,-1,-1,-1
477,1,480,371,140,102,-1,-1,-1,-1
477,2,612,356,175,115,-1,-1,-1,-1
477,3,724,66,879,423,-1,-1,-1,-1
478,1,479,371,143,103,-1,-1,-1,-1
478,2,616,354,171,114,-1,-1,-1,-1
478,3,733,66,873,424,-1,-1,-1,-1
479,1,480,372,142,102,-1,-1,-1,-1
479,2,613,356,172,114,-1,-1,-1,-1
479,3,741,66,866,424,-1,-1,-1,-1
480,1,480,372,141,101,-1,-1,-1,-1
480,2,611,357,172,113,-1,-1,-1,-1
480,3,739,66,870,423,-1,-1,-1,-1
481,1,480,372,140,101,-1,-1,-1,-1
481,2,612,357,172,111,-1,-1,-1,-1
481,3,741,67,865,423,-1,-1,-1,-1
482,1,480,372,140,101,-1,-1,-1,-1
482,2,611,358,172,110,-1,-1,-1,-1
482,3,741,67,863,423,-1,-1,-1,-1
483,1,479,372,142,101,-1,-1,-1,-1
483,2,608,358,171,110,-1,-1,-1,-1
483,3,738,66,865,424,-1,-1,-1,-1
484,1,479,372,143,102,-1,-1,-1,-1
484,2,612,359,167,108,-1,-1,-1,-1
484,3,744,66,857,424,-1,-1,-1,-1
485,1,480,373,140,100,-1,-1,-1,-1
485,2,614,359,166,107,-1,-1,-1,-1
485,3,753,67,851,422,-1,-1,-1,-1
486,1,480,373,141,100,-1,-1,-1,-1
486,2,608,359,171,108,-1,-1,-1,-1
486,3,755,67,850,422,-1,-1,-1,-1
487,1,480,373,142,100,-1,-1,-1,-1
487,2,608,357,171,111,-1,-1,-1,-1
487,3,753,66,852,424,-1,-1,-1,-1
488,1,480,372,140,101,-1,-1,-1,-1
488,2,610,357,169,111,-1,-1,-1,-1
488,3,756,67,848,423,-1,-1,-1,-1
489,1,479,371,144,102,-1,-1,-1,-1
489,2,608,357,171,111,-1,-1,-1,-1
489,3,753,66,851,424,-1,-1,-1,-1
490,1,480,372,141,101,-1,-1,-1,-1
490,2,606,357,173,111,-1,-1,-1,-1
490,3,753,66,852,424,-1,-1,-1,-1
491,1,480,372,142,101,-1,-1,-1,-1
491,2,606,356,173,113,-1,-1,-1,-1
491,3,750,67,857,424,-1,-1,-1,-1
492,1,479,371,142,102,-1,-1,-1,-1
492,2,603,354,174,115,-1,-1,-1,-1
492,3,754,66,853,425,-1,-1,-1,-1
493,1,478,371,142,102,-1,-1,-1,-1
493,2,603,354,174,114,-1,-1,-1,-1
493,3,773,68,826,422,-1,-1,-1,-1
494,1,477,370,143,104,-1,-1,-1,-1
494,2,603,354,170,115,-1,-1,-1,-1
494,3,759,68,843,422,-1,-1,-1,-1
495,1,477,370,143,104,-1,-1,-1,-1
495,2,603,354,170,114,-1,-1,-1,-1
495,3,752,67,849,422,-1,-1,-1,-1
496,1,477,370,143,104,-1,-1,-1,-1
496,2,601,353,175,116,-1,-1,-1,-1
496,3,759,67,841,422,-1,-1,-1,-1
497,1,477,370,143,104,-1,-1,-1,-1
497,2,601,355,174,114,-1,-1,-1,-1
497,3,759,67,840,423,-1,-1,-1,-1
498,1,477,370,143,104,-1,-1,-1,-1
498,2,601,356,171,114,-1,-1,-1,-1
498,3,756,66,844,423,-1,-1,-1,-1
499,1,477,370,143,104,-1,-1,-1,-1
499,2,601,354,173,116,-1,-1,-1,-1
499,3,759,67,842,422,-1,-1,-1,-1
500,1,477,371,143,103,-1,-1,-1,-1
500,2,603,353,171,115,-1,-1,-1,-1
500,3,760,67,840,422,-1,-1,-1,-1
501,1,477,371,144,104,-1,-1,-1,-1
501,2,604,357,172,114,-1,-1,-1,-1
501,3,762,67,837,422,-1,-1,-1,-1
502,1,477,371,144,104,-1,-1,-1,-1
502,2,603,355,171,115,-1,-1,-1,-1
502,3,763,67,837,422,-1,-1,-1,-1
503,1,477,371,143,104,-1,-1,-1,-1
503,2,601,355,170,114,-1,-1,-1,-1
503,3,765,67,835,422,-1,-1,-1,-1
504,1,477,372,143,103,-1,-1,-1,-1
504,2,600,355,174,114,-1,-1,-1,-1
504,3,754,67,847,422,-1,-1,-1,-1
505,1,478,373,141,101,-1,-1,-1,-1
505,2,598,355,173,115,-1,-1,-1,-1
505,3,763,67,837,422,-1,-1,-1,-1
506,1,478,373,141,101,-1,-1,-1,-1
506,2,596,355,173,115,-1,-1,-1,-1
506,3,762,68,840,421,-1,-1,-1,-1
507,1,478,372,142,102,-1,-1,-1,-1
507,2,596,354,172,114,-1,-1,-1,-1
507,3,756,67,845,423,-1,-1,-1,-1
508,1,477,372,143,103,-1,-1,-1,-1
508,2,597,353,173,115,-1,-1,-1,-1
508,3,753,67,848,423,-1,-1,-1,-1
509,1,478,372,141,103,-1,-1,-1,-1
509,2,596,353,173,117,-1,-1,-1,-1
509,3,753,66,847,423,-1,-1,-1,-1
510,1,478,372,141,102,-1,-1,-1,-1
510,2,593,353,174,117,-1,-1,-1,-1
510,3,742,66,859,423,-1,-1,-1,-1
511,1,477,371,143,104,-1,-1,-1,-1
511,2,592,353,175,117,-1,-1,-1,-1
511,3,749,66,851,424,-1,-1,-1,-1
512,1,477,371,143,104,-1,-1,-1,-1
512,2,594,353,174,116,-1,-1,-1,-1
512,3,739,66,862,424,-1,-1,-1,-1
513,1,477,371,143,103,-1,-1,-1,-1
513,2,592,353,176,118,-1,-1,-1,-1
513,3,731,67,870,423,-1,-1,-1,-1
514,1,478,372,141,102,-1,-1,-1,-1
514,2,592,353,173,117,-1,-1,-1,-1
514,3,729,67,871,423,-1,-1,-1,-1
515,1,478,373,140,100,-1,-1,-1,-1
515,2,592,352,172,118,-1,-1,-1,-1
515,3,727,66,872,424,-1,-1,-1,-1
516,1,478,373,140,101,-1,-1,-1,-1
516,2,594,353,169,116,-1,-1,-1,-1
516,3,720,66,880,424,-1,-1,-1,-1
517,1,478,372,142,102,-1,-1,-1,-1
517,2,592,354,170,115,-1,-1,-1,-1
517,3,715,66,885,424,-1,-1,-1,-1
518,1,479,373,139,101,-1,-1,-1,-1
518,2,592,353,171,116,-1,-1,-1,-1
518,3,709,66,891,424,-1,-1,-1,-1
519,1,480,374,137,99,-1,-1,-1,-1
519,2,591,352,173,118,-1,-1,-1,-1
519,3,716,66,884,424,-1,-1,-1,-1
520,1,480,374,137,99,-1,-1,-1,-1
520,2,592,353,171,116,-1,-1,-1,-1
520,3,692,67,908,424,-1,-1,-1,-1
521,1,480,373,137,100,-1,-1,-1,-1
521,2,589,354,172,115,-1,-1,-1,-1
521,3,687,67,913,424,-1,-1,-1,-1
522,1,480,373,137,100,-1,-1,-1,-1
522,2,590,354,169,114,-1,-1,-1,-1
522,3,688,67,912,424,-1,-1,-1,-1
523,1,480,373,137,100,-1,-1,-1,-1
523,2,590,355,167,112,-1,-1,-1,-1
523,3,688,67,912,424,-1,-1,-1,-1
524,1,480,373,137,100,-1,-1,-1,-1
524,2,589,355,169,113,-1,-1,-1,-1
524,3,680,66,919,425,-1,-1,-1,-1
525,1,480,373,137,100,-1,-1,-1,-1
525,2,588,355,170,115,-1,-1,-1,-1
525,3,678,66,920,425,-1,-1,-1,-1
526,1,478,372,139,101,-1,-1,-1,-1
526,2,587,355,172,116,-1,-1,-1,-1
526,3,686,66,913,424,-1,-1,-1,-1
527,1,479,373,137,99,-1,-1,-1,-1
527,2,587,355,170,114,-1,-1,-1,-1
527,3,692,66,906,424,-1,-1,-1,-1
528,1,479,373,137,99,-1,-1,-1,-1
528,2,586,356,172,113,-1,-1,-1,-1
528,3,690,67,908,423,-1,-1,-1,-1
529,1,479,373,136,99,-1,-1,-1,-1
529,2,583,355,170,115,-1,-1,-1,-1
529,3,687,67,912,423,-1,-1,-1,-1
530,1,479,372,137,100,-1,-1,-1,-1
530,2,582,355,174,116,-1,-1,-1,-1
530,3,693,67,904,423,-1,-1,-1,-1
531,1,479,372,137,99,-1,-1,-1,-1
531,2,583,355,172,115,-1,-1,-1,-1
531,3,693,66,906,423,-1,-1,-1,-1
532,1,480,372,136,99,-1,-1,-1,-1
532,2,582,357,171,114,-1,-1,-1,-1
532,3,694,66,904,423,-1,-1,-1,-1
533,1,480,372,135,99,-1,-1,-1,-1
533,2,581,356,166,115,-1,-1,-1,-1
533,3,695,67,903,423,-1,-1,-1,-1
534,1,480,372,136,99,-1,-1,-1,-1
534,2,579,357,168,114,-1,-1,-1,-1
534,3,699,67,900,423,-1,-1,-1,-1
535,1,480,372,136,99,-1,-1,-1,-1
535,2,580,356,168,113,-1,-1,-1,-1
535,3,700,66,899,424,-1,-1,-1,-1
536,1,480,372,135,99,-1,-1,-1,-1
536,2,579,357,166,111,-1,-1,-1,-1
536,3,690,66,909,424,-1,-1,-1,-1
537,1,480,372,136,99,-1,-1,-1,-1
537,2,578,356,167,114,-1,-1,-1,-1
537,3,693,67,906,424,-1,-1,-1,-1
538,1,480,372,137,100,-1,-1,-1,-1
538,2,576,356,167,115,-1,-1,-1,-1
538,3,694,67,905,424,-1,-1,-1,-1
539,1,480,371,138,101,-1,-1,-1,-1
539,2,575,355,166,116,-1,-1,-1,-1
539,3,692,67,908,424,-1,-1,-1,-1
540,1,480,371,137,101,-1,-1,-1,-1
540,2,576,356,164,115,-1,-1,-1,-1
540,3,693,67,906,423,-1,-1,-1,-1
541,1,481,371,135,100,-1,-1,-1,-1
541,2,573,357,165,116,-1,-1,-1,-1
541,3,690,67,908,423,-1,-1,-1,-1
542,1,481,371,135,100,-1,-1,-1,-1
542,2,573,357,166,116,-1,-1,-1,-1
542,3,690,68,907,423,-1,-1,-1,-1
543,1,479,370,138,102,-1,-1,-1,-1
543,2,571,359,168,113,-1,-1,-1,-1
543,3,681,68,917,422,-1,-1,-1,-1
544,1,479,370,138,102,-1,-1,-1,-1
544,2,572,360,165,111,-1,-1,-1,-1
544,3,680,67,919,423,-1,-1,-1,-1
545,1,479,370,137,101,-1,-1,-1,-1
545,2,572,360,165,111,-1,-1,-1,-1
545,3,678,67,921,422,-1,-1,-1,-1
546,1,480,370,136,101,-1,-1,-1,-1
546,2,572,359,165,112,-1,-1,-1,-1
546,3,678,67,921,422,-1,-1,-1,-1
547,1,481,371,134,100,-1,-1,-1,-1
547,2,573,360,161,109,-1,-1,-1,-1
547,3,677,67,923,422,-1,-1,-1,-1
548,1,480,370,135,101,-1,-1,-1,-1
548,2,572,361,165,110,-1,-1,-1,-1
548,3,679,67,922,423,-1,-1,-1,-1
549,1,480,369,136,102,-1,-1,-1,-1
549,2,572,360,167,112,-1,-1,-1,-1
549,3,674,68,925,422,-1,-1,-1,-1
550,1,479,370,137,101,-1,-1,-1,-1
550,2,571,362,165,110,-1,-1,-1,-1
550,3,673,68,926,422,-1,-1,-1,-1
551,1,481,370,135,101,-1,-1,-1,-1
551,2,572,360,164,111,-1,-1,-1,-1
551,3,680,68,918,421,-1,-1,-1,-1
552,1,481,370,134,101,-1,-1,-1,-1
552,2,572,359,163,112,-1,-1,-1,-1
552,3,682,67,916,423,-1,-1,-1,-1
553,1,480,369,136,103,-1,-1,-1,-1
553,2,574,358,162,113,-1,-1,-1,-1
553,3,677,67,921,422,-1,-1,-1,-1
554,1,480,369,136,102,-1,-1,-1,-1
554,2,572,358,162,114,-1,-1,-1,-1
554,3,677,66,920,423,-1,-1,-1,-1
555,1,482,369,133,101,-1,-1,-1,-1
555,2,572,358,161,113,-1,-1,-1,-1
555,3,682,67,919,422,-1,-1,-1,-1
556,1,481,369,134,102,-1,-1,-1,-1
556,2,573,357,158,114,-1,-1,-1,-1
556,3,682,67,916,422,-1,-1,-1,-1
557,1,481,369,135,101,-1,-1,-1,-1
557,2,569,359,159,113,-1,-1,-1,-1
557,3,677,67,920,423,-1,-1,-1,-1
558,1,481,366,145,103,-1,-1,-1,-1
558,2,563,362,170,114,-1,-1,-1,-1
558,3,676,67,922,423,-1,-1,-1,-1
559,1,482,368,134,100,-1,-1,-1,-1
559,2,564,360,168,114,-1,-1,-1,-1
559,3,677,67,920,424,-1,-1,-1,-1
560,1,482,367,133,100,-1,-1,-1,-1
560,2,567,358,162,115,-1,-1,-1,-1
560,3,678,67,919,424,-1,-1,-1,-1
561,1,482,368,133,99,-1,-1,-1,-1
561,2,562,358,170,117,-1,-1,-1,-1
561,3,677,67,921,424,-1,-1,-1,-1
562,1,484,368,135,97,-1,-1,-1,-1
562,2,561,358,170,117,-1,-1,-1,-1
562,3,679,67,919,424,-1,-1,-1,-1
563,1,485,368,133,97,-1,-1,-1,-1
563,2,561,359,169,116,-1,-1,-1,-1
563,3,674,67,924,423,-1,-1,-1,-1
564,1,484,367,136,98,-1,-1,-1,-1
564,2,560,360,166,116,-1,-1,-1,-1
564,3,677,68,920,422,-1,-1,-1,-1
565,1,483,368,132,97,-1,-1,-1,-1
565,2,555,360,172,117,-1,-1,-1,-1
565,3,673,68,924,422,-1,-1,-1,-1
566,1,482,369,132,99,-1,-1,-1,-1
566,2,555,364,170,112,-1,-1,-1,-1
566,3,677,67,920,422,-1,-1,-1,-1
567,1,482,369,133,100,-1,-1,-1,-1
567,2,555,364,170,112,-1,-1,-1,-1
567,3,675,68,922,422,-1,-1,-1,-1
568,1,483,368,131,99,-1,-1,-1,-1
568,2,554,362,171,114,-1,-1,-1,-1
568,3,677,68,926,421,-1,-1,-1,-1
569,1,483,368,132,98,-1,-1,-1,-1
569,2,555,358,173,118,-1,-1,-1,-1
569,3,677,68,925,421,-1,-1,-1,-1
570,1,483,369,130,97,-1,-1,-1,-1
570,2,553,358,175,117,-1,-1,-1,-1
570,3,677,67,924,421,-1,-1,-1,-1
571,1,484,368,130,98,-1,-1,-1,-1
571,2,553,358,168,117,-1,-1,-1,-1
571,3,675,67,925,422,-1,-1,-1,-1
572,1,483,367,132,99,-1,-1,-1,-1
572,2,537,360,176,117,-1,-1,-1,-1
572,3,670,67,931,422,-1,-1,-1,-1
573,1,484,367,131,99,-1,-1,-1,-1
573,2,548,357,170,119,-1,-1,-1,-1
573,3,678,67,922,422,-1,-1,-1,-1
574,1,482,366,134,100,-1,-1,-1,-1
574,2,545,357,177,121,-1,-1,-1,-1
574,3,685,67,916,422,-1,-1,-1,-1
575,1,482,367,133,99,-1,-1,-1,-1
575,2,531,359,189,120,-1,-1,-1,-1
575,3,688,67,912,423,-1,-1,-1,-1
576,1,482,366,135,100,-1,-1,-1,-1
576,2,533,359,184,119,-1,-1,-1,-1
576,3,687,67,910,424,-1,-1,-1,-1
577,1,479,361,160,110,-1,-1,-1,-1
577,2,545,356,177,121,-1,-1,-1,-1
577,3,685,67,914,424,-1,-1,-1,-1
578,1,478,361,161,111,-1,-1,-1,-1
578,2,530,358,186,121,-1,-1,-1,-1
578,3,699,67,900,424,-1,-1,-1,-1
579,1,477,361,164,111,-1,-1,-1,-1
579,2,529,358,187,121,-1,-1,-1,-1
579,3,706,67,894,423,-1,-1,-1,-1
580,2,529,359,186,121,-1,-1,-1,-1
580,3,696,68,904,422,-1,-1,-1,-1
581,2,526,358,188,121,-1,-1,-1,-1
581,3,704,68,896,421,-1,-1,-1,-1
582,2,524,358,188,120,-1,-1,-1,-1
582,3,709,67,890,422,-1,-1,-1,-1
583,2,519,359,190,119,-1,-1,-1,-1
583,3,707,68,894,421,-1,-1,-1,-1
584,2,511,359,196,119,-1,-1,-1,-1
584,3,707,68,893,422,-1,-1,-1,-1
585,2,520,358,190,120,-1,-1,-1,-1
585,3,697,68,903,421,-1,-1,-1,-1
586,2,517,357,193,120,-1,-1,-1,-1
586,3,694,67,905,422,-1,-1,-1,-1
587,2,511,356,196,121,-1,-1,-1,-1
587,3,704,68,894,421,-1,-1,-1,-1
588,2,513,357,191,121,-1,-1,-1,-1
588,3,703,68,894,422,-1,-1,-1,-1
589,2,513,357,191,121,-1,-1,-1,-1
589,3,696,67,903,422,-1,-1,-1,-1
590,2,513,355,192,122,-1,-1,-1,-1
590,3,693,67,906,422,-1,-1,-1,-1
591,2,531,356,169,119,-1,-1,-1,-1
591,3,693,68,905,421,-1,-1,-1,-1
592,2,511,356,192,121,-1,-1,-1,-1
592,3,691,68,908,422,-1,-1,-1,-1
593,2,502,357,198,122,-1,-1,-1,-1
593,3,693,68,907,422,-1,-1,-1,-1
594,2,528,357,171,122,-1,-1,-1,-1
594,3,690,68,910,422,-1,-1,-1,-1
595,2,529,356,170,121,-1,-1,-1,-1
595,3,693,68,906,421,-1,-1,-1,-1
596,2,526,357,174,120,-1,-1,-1,-1
596,3,698,67,900,422,-1,-1,-1,-1
597,2,499,356,202,123,-1,-1,-1,-1
597,3,695,67,904,422,-1,-1,-1,-1
598,2,498,355,204,124,-1,-1,-1,-1
598,3,690,67,907,422,-1,-1,-1,-1
599,2,489,354,211,124,-1,-1,-1,-1
599,3,689,67,908,422,-1,-1,-1,-1
600,2,499,353,201,126,-1,-1,-1,-1
600,3,689,67,909,422,-1,-1,-1,-1
601,2,501,353,199,126,-1,-1,-1,-1
601,3,692,67,904,422,-1,-1,-1,-1
602,2,492,354,207,125,-1,-1,-1,-1
602,3,690,68,908,421,-1,-1,-1,-1
603,2,489,354,208,124,-1,-1,-1,-1
603,3,687,69,911,420,-1,-1,-1,-1
604,2,491,353,206,126,-1,-1,-1,-1
604,3,692,68,905,421,-1,-1,-1,-1
605,2,492,353,203,127,-1,-1,-1,-1
605,3,693,68,906,421,-1,-1,-1,-1
606,2,495,355,197,125,-1,-1,-1,-1
606,3,696,68,903,422,-1,-1,-1,-1
607,2,493,355,194,124,-1,-1,-1,-1
607,3,697,68,903,422,-1,-1,-1,-1
608,2,496,354,190,125,-1,-1,-1,-1
608,3,698,68,902,422,-1,-1,-1,-1
609,2,495,355,191,123,-1,-1,-1,-1
609,3,699,68,901,422,-1,-1,-1,-1
610,2,495,355,192,123,-1,-1,-1,-1
610,3,699,67,903,422,-1,-1,-1,-1
611,2,492,355,193,124,-1,-1,-1,-1
611,3,701,67,900,422,-1,-1,-1,-1
612,2,493,354,192,126,-1,-1,-1,-1
612,3,702,67,900,422,-1,-1,-1,-1
613,2,489,354,194,125,-1,-1,-1,-1
613,3,699,68,903,421,-1,-1,-1,-1
614,2,487,353,195,125,-1,-1,-1,-1
614,3,702,68,899,421,-1,-1,-1,-1
615,2,492,354,190,125,-1,-1,-1,-1
615,3,702,68,899,420,-1,-1,-1,-1
616,2,497,354,184,125,-1,-1,-1,-1
616,3,701,67,900,421,-1,-1,-1,-1
617,2,494,355,188,123,-1,-1,-1,-1
617,3,703,67,896,422,-1,-1,-1,-1
618,2,488,353,194,125,-1,-1,-1,-1
618,3,698,67,902,422,-1,-1,-1,-1
619,2,486,353,197,126,-1,-1,-1,-1
619,3,698,67,902,423,-1,-1,-1,-1
620,2,485,354,200,126,-1,-1,-1,-1
620,3,700,68,900,422,-1,-1,-1,-1
621,2,485,353,199,127,-1,-1,-1,-1
621,3,700,68,901,422,-1,-1,-1,-1
622,2,487,353,195,126,-1,-1,-1,-1
622,3,701,68,900,422,-1,-1,-1,-1
623,2,484,352,196,126,-1,-1,-1,-1
623,3,699,68,903,422,-1,-1,-1,-1
624,2,483,352,197,126,-1,-1,-1,-1
624,3,702,68,898,422,-1,-1,-1,-1
625,2,479,352,200,126,-1,-1,-1,-1
625,3,699,68,901,422,-1,-1,-1,-1
626,2,477,353,204,127,-1,-1,-1,-1
626,3,705,68,895,422,-1,-1,-1,-1
627,2,479,353,202,126,-1,-1,-1,-1
627,3,702,68,900,422,-1,-1,-1,-1
628,2,478,352,203,127,-1,-1,-1,-1
628,3,701,68,900,422,-1,-1,-1,-1
629,2,475,352,206,126,-1,-1,-1,-1
629,3,701,68,899,422,-1,-1,-1,-1
630,2,476,352,204,127,-1,-1,-1,-1
630,3,701,68,899,421,-1,-1,-1,-1
631,2,477,353,201,126,-1,-1,-1,-1
631,3,707,68,894,421,-1,-1,-1,-1
632,2,475,352,203,127,-1,-1,-1,-1
632,3,702,69,899,420,-1,-1,-1,-1
633,2,476,353,202,125,-1,-1,-1,-1
633,3,698,69,904,420,-1,-1,-1,-1
634,2,478,353,199,125,-1,-1,-1,-1
634,3,700,69,901,421,-1,-1,-1,-1
635,2,478,353,199,126,-1,-1,-1,-1
635,3,704,69,897,421,-1,-1,-1,-1
636,2,479,354,197,124,-1,-1,-1,-1
636,3,700,68,901,422,-1,-1,-1,-1
637,2,478,354,197,124,-1,-1,-1,-1
637,3,691,67,909,423,-1,-1,-1,-1
638,2,479,354,194,123,-1,-1,-1,-1
638,3,689,67,911,423,-1,-1,-1,-1
639,2,482,354,186,122,-1,-1,-1,-1
639,3,688,68,911,422,-1,-1,-1,-1
640,2,482,355,193,122,-1,-1,-1,-1
640,3,691,68,907,422,-1,-1,-1,-1
641,2,483,355,189,123,-1,-1,-1,-1
641,3,696,67,902,422,-1,-1,-1,-1
642,2,482,355,189,122,-1,-1,-1,-1
642,3,698,67,901,423,-1,-1,-1,-1
643,2,480,355,189,122,-1,-1,-1,-1
643,3,678,68,919,421,-1,-1,-1,-1
644,2,481,355,187,122,-1,-1,-1,-1
644,3,679,68,917,421,-1,-1,-1,-1
645,2,483,355,183,122,-1,-1,-1,-1
645,3,687,67,908,421,-1,-1,-1,-1
646,2,481,355,184,122,-1,-1,-1,-1
646,3,687,67,908,421,-1,-1,-1,-1
647,2,482,357,179,120,-1,-1,-1,-1
647,3,689,67,906,421,-1,-1,-1,-1
648,2,482,356,180,121,-1,-1,-1,-1
648,3,692,67,904,421,-1,-1,-1,-1
649,2,482,355,182,122,-1,-1,-1,-1
649,3,691,67,905,421,-1,-1,-1,-1
650,2,482,355,181,121,-1,-1,-1,-1
650,3,691,67,904,421,-1,-1,-1,-1
651,2,482,354,182,123,-1,-1,-1,-1
651,3,696,68,901,420,-1,-1,-1,-1
652,2,481,353,182,125,-1,-1,-1,-1
652,3,699,68,898,421,-1,-1,-1,-1
653,2,481,354,180,124,-1,-1,-1,-1
653,3,702,68,895,421,-1,-1,-1,-1
654,2,481,355,180,123,-1,-1,-1,-1
654,3,699,69,898,421,-1,-1,-1,-1
655,2,479,355,182,122,-1,-1,-1,-1
655,3,699,69,897,421,-1,-1,-1,-1
656,2,479,355,181,121,-1,-1,-1,-1
656,3,699,69,897,421,-1,-1,-1,-1
657,2,479,356,180,120,-1,-1,-1,-1
657,3,703,69,894,421,-1,-1,-1,-1
658,2,480,356,180,120,-1,-1,-1,-1
658,3,706,69,891,421,-1,-1,-1,-1
659,2,479,356,180,121,-1,-1,-1,-1
659,3,704,69,894,421,-1,-1,-1,-1
660,2,479,356,180,122,-1,-1,-1,-1
660,3,705,69,892,421,-1,-1,-1,-1
661,2,478,357,177,121,-1,-1,-1,-1
661,3,707,69,891,421,-1,-1,-1,-1
662,2,476,358,175,120,-1,-1,-1,-1
662,3,715,69,884,421,-1,-1,-1,-1
663,2,475,359,173,118,-1,-1,-1,-1
663,3,713,69,886,420,-1,-1,-1,-1
664,2,478,360,170,116,-1,-1,-1,-1
664,3,709,68,889,421,-1,-1,-1,-1
665,2,477,360,172,116,-1,-1,-1,-1
665,3,718,68,880,421,-1,-1,-1,-1
