1,1,444,355,184,131,-1,0,0,-1
1,2,458,0,1462,757,-1,0,0,-1
2,1,444,355,184,131,-1,0,0,-1
2,2,467,-1,1455,758,-1,0,0,-1
3,1,444,355,184,131,-1,0,0,-1
3,2,476,0,1444,757,-1,0,0,-1
4,1,444,355,184,131,-1,0,0,-1
4,2,478,0,1443,757,-1,0,0,-1
5,1,444,355,184,131,-1,0,0,-1
5,2,483,-1,1440,759,-1,0,0,-1
6,1,444,355,184,131,-1,0,0,-1
6,2,493,0,1428,759,-1,0,0,-1
7,1,444,355,184,131,-1,0,0,-1
7,2,502,0,1419,759,-1,0,0,-1
8,1,444,355,184,131,-1,0,0,-1
8,2,507,0,1414,760,-1,0,0,-1
9,1,444,355,184,131,-1,0,0,-1
9,2,519,0,1401,760,-1,0,0,-1
10,1,444,355,184,131,-1,0,0,-1
10,2,527,0,1394,760,-1,0,0,-1
11,1,444,355,184,131,-1,0,0,-1
11,2,534,0,1386,760,-1,0,0,-1
12,1,444,355,184,131,-1,0,0,-1
12,2,542,0,1379,760,-1,0,0,-1
13,1,444,355,184,131,-1,0,0,-1
13,2,542,0,1379,760,-1,0,0,-1
14,1,444,355,184,131,-1,0,0,-1
14,2,542,-1,1380,761,-1,0,0,-1
15,1,444,355,184,131,-1,0,0,-1
15,2,555,-1,1367,761,-1,0,0,-1
16,1,444,355,184,131,-1,0,0,-1
16,2,566,0,1355,760,-1,0,0,-1
17,1,444,355,184,131,-1,0,0,-1
17,2,573,0,1347,761,-1,0,0,-1
18,1,444,355,184,131,-1,0,0,-1
18,2,584,0,1336,761,-1,0,0,-1
19,1,444,355,184,131,-1,0,0,-1
19,2,584,0,1336,761,-1,0,0,-1
20,1,444,355,184,131,-1,0,0,-1
20,2,592,0,1328,761,-1,0,0,-1
21,1,444,355,184,131,-1,0,0,-1
21,2,603,0,1317,761,-1,0,0,-1
22,1,444,355,184,131,-1,0,0,-1
22,2,611,0,1309,761,-1,0,0,-1
23,1,444,355,184,131,-1,0,0,-1
23,2,618,0,1302,761,-1,0,0,-1
24,1,444,355,184,131,-1,0,0,-1
24,2,627,0,1293,761,-1,0,0,-1
25,1,444,355,184,131,-1,0,0,-1
25,2,630,-1,1292,762,-1,0,0,-1
26,1,444,355,184,131,-1,0,0,-1
26,2,630,0,1291,762,-1,0,0,-1
27,1,444,355,184,131,-1,0,0,-1
27,2,638,0,1283,762,-1,0,0,-1
28,1,444,355,184,131,-1,0,0,-1
28,2,654,0,1267,763,-1,0,0,-1
29,1,444,355,184,131,-1,0,0,-1
29,2,662,0,1258,763,-1,0,0,-1
30,1,444,355,184,131,-1,0,0,-1
30,2,668,0,1252,763,-1,0,0,-1
31,1,444,355,184,131,-1,0,0,-1
31,2,676,-1,1246,764,-1,0,0,-1
32,1,444,355,184,131,-1,0,0,-1
32,2,683,0,1237,763,-1,0,0,-1
33,1,444,355,184,131,-1,0,0,-1
33,2,693,0,1227,763,-1,0,0,-1
34,1,444,355,184,131,-1,0,0,-1
34,2,698,0,1223,764,-1,0,0,-1
35,1,444,355,184,131,-1,0,0,-1
35,2,706,0,1215,765,-1,0,0,-1
36,1,444,355,184,131,-1,0,0,-1
36,2,715,0,1205,765,-1,0,0,-1
37,1,444,355,184,131,-1,0,0,-1
37,2,723,0,1198,766,-1,0,0,-1
38,1,444,355,184,131,-1,0,0,-1
38,2,736,0,1184,766,-1,0,0,-1
39,1,444,355,184,131,-1,0,0,-1
39,2,746,-1,1176,767,-1,0,0,-1
40,1,444,355,184,131,-1,0,0,-1
40,2,753,0,1168,767,-1,0,0,-1
41,1,444,355,184,131,-1,0,0,-1
41,2,760,0,1160,767,-1,0,0,-1
42,1,444,355,184,131,-1,0,0,-1
42,2,767,0,1153,767,-1,0,0,-1
43,1,444,355,184,131,-1,0,0,-1
43,2,767,0,1153,767,-1,0,0,-1
44,1,444,355,184,131,-1,0,0,-1
44,2,779,0,1141,767,-1,0,0,-1
45,1,444,355,184,131,-1,0,0,-1
45,2,794,0,1126,767,-1,0,0,-1
46,1,444,355,184,131,-1,0,0,-1
46,2,801,-1,1122,769,-1,0,0,-1
47,1,444,355,184,131,-1,0,0,-1
47,2,808,0,1112,768,-1,0,0,-1
48,1,444,355,184,131,-1,0,0,-1
48,2,817,0,1103,768,-1,0,0,-1
49,1,444,355,184,131,-1,0,0,-1
49,2,816,0,1104,768,-1,0,0,-1
50,1,444,355,184,131,-1,0,0,-1
50,2,816,0,1104,768,-1,0,0,-1
51,1,444,355,184,131,-1,0,0,-1
51,2,816,0,1104,768,-1,0,0,-1
52,1,444,355,184,131,-1,0,0,-1
52,2,816,0,1104,768,-1,0,0,-1
53,1,444,355,184,131,-1,0,0,-1
53,2,816,0,1104,768,-1,0,0,-1
54,1,444,355,184,131,-1,0,0,-1
54,2,820,0,1100,768,-1,0,0,-1
55,1,444,355,184,131,-1,0,0,-1
55,2,820,0,1100,768,-1,0,0,-1
56,1,444,355,184,131,-1,0,0,-1
56,2,820,0,1100,768,-1,0,0,-1
57,1,444,355,184,131,-1,0,0,-1
57,2,820,0,1100,768,-1,0,0,-1
58,1,444,355,184,131,-1,0,0,-1
58,2,820,0,1100,768,-1,0,0,-1
59,1,444,355,184,131,-1,0,0,-1
59,2,820,0,1100,768,-1,0,0,-1
60,1,444,355,184,131,-1,0,0,-1
60,2,820,0,1100,768,-1,0,0,-1
61,1,444,355,184,131,-1,0,0,-1
61,2,820,0,1100,768,-1,0,0,-1
62,1,444,355,184,131,-1,0,0,-1
62,2,820,0,1100,768,-1,0,0,-1
63,1,444,355,184,131,-1,0,0,-1
63,2,820,0,1100,768,-1,0,0,-1
64,1,444,355,184,131,-1,0,0,-1
64,2,820,0,1100,768,-1,0,0,-1
65,1,444,355,184,131,-1,0,0,-1
65,2,824,0,1096,768,-1,0,0,-1
66,1,444,355,184,131,-1,0,0,-1
66,2,824,0,1096,768,-1,0,0,-1
67,1,444,355,184,131,-1,0,0,-1
67,2,824,0,1096,768,-1,0,0,-1
68,1,444,355,184,131,-1,0,0,-1
68,2,824,0,1096,768,-1,0,0,-1
69,1,444,355,184,131,-1,0,0,-1
69,2,824,0,1096,768,-1,0,0,-1
70,1,444,355,184,131,-1,0,0,-1
70,2,824,0,1096,768,-1,0,0,-1
71,1,444,355,184,131,-1,0,0,-1
71,2,827,0,1093,768,-1,0,0,-1
72,1,444,355,184,131,-1,0,0,-1
72,2,827,0,1093,768,-1,0,0,-1
73,1,444,355,184,131,-1,0,0,-1
73,2,827,0,1093,768,-1,0,0,-1
74,1,444,355,184,131,-1,0,0,-1
74,2,831,0,1089,768,-1,0,0,-1
75,1,444,355,184,131,-1,0,0,-1
75,2,831,0,1089,768,-1,0,0,-1
76,1,444,355,184,131,-1,0,0,-1
76,2,831,0,1089,768,-1,0,0,-1
77,1,444,355,184,131,-1,0,0,-1
77,2,831,0,1089,768,-1,0,0,-1
78,1,444,355,184,131,-1,0,0,-1
78,2,835,0,1085,768,-1,0,0,-1
79,1,444,355,184,131,-1,0,0,-1
79,2,835,0,1085,768,-1,0,0,-1
80,1,444,355,184,131,-1,0,0,-1
80,2,835,0,1085,768,-1,0,0,-1
81,1,444,355,184,131,-1,0,0,-1
81,2,835,0,1085,768,-1,0,0,-1
82,1,444,355,184,131,-1,0,0,-1
82,2,835,0,1085,768,-1,0,0,-1
83,1,444,355,184,131,-1,0,0,-1
83,2,835,0,1085,768,-1,0,0,-1
84,1,444,355,184,131,-1,0,0,-1
84,2,835,0,1085,768,-1,0,0,-1
85,1,444,355,184,131,-1,0,0,-1
85,2,841,0,1079,768,-1,0,0,-1
86,1,444,355,184,131,-1,0,0,-1
86,2,841,0,1079,768,-1,0,0,-1
87,1,444,355,184,131,-1,0,0,-1
87,2,841,0,1079,768,-1,0,0,-1
88,1,444,355,184,131,-1,0,0,-1
88,2,841,0,1079,768,-1,0,0,-1
89,1,444,355,184,131,-1,0,0,-1
89,2,846,0,1074,768,-1,0,0,-1
90,1,444,355,184,131,-1,0,0,-1
90,2,846,0,1074,768,-1,0,0,-1
91,1,444,355,184,131,-1,0,0,-1
91,2,846,0,1074,768,-1,0,0,-1
92,1,444,355,184,131,-1,0,0,-1
92,2,850,0,1070,768,-1,0,0,-1
93,1,444,355,184,131,-1,0,0,-1
93,2,850,0,1070,768,-1,0,0,-1
94,1,444,355,184,131,-1,0,0,-1
94,2,854,0,1066,768,-1,0,0,-1
95,1,444,355,184,131,-1,0,0,-1
95,2,854,0,1066,768,-1,0,0,-1
96,1,444,355,184,131,-1,0,0,-1
96,2,854,0,1066,768,-1,0,0,-1
97,1,444,355,184,131,-1,0,0,-1
97,2,854,0,1066,768,-1,0,0,-1
98,1,444,355,184,131,-1,0,0,-1
98,2,854,0,1066,768,-1,0,0,-1
99,1,444,355,184,131,-1,0,0,-1
99,2,854,0,1066,768,-1,0,0,-1
100,1,444,355,184,131,-1,0,0,-1
100,2,854,0,1066,768,-1,0,0,-1
101,1,444,355,184,131,-1,0,0,-1
101,2,861,0,1059,768,-1,0,0,-1
102,1,444,355,184,131,-1,0,0,-1
102,2,861,0,1059,768,-1,0,0,-1
103,1,444,355,184,131,-1,0,0,-1
103,2,861,0,1059,768,-1,0,0,-1
104,1,444,355,184,131,-1,0,0,-1
104,2,861,0,1059,768,-1,0,0,-1
105,1,444,355,184,131,-1,0,0,-1
105,2,861,0,1059,768,-1,0,0,-1
106,1,444,355,184,131,-1,0,0,-1
106,2,866,297,1054,471,-1,0,0,-1
107,1,444,355,184,131,-1,0,0,-1
107,2,866,297,1054,471,-1,0,0,-1
108,1,444,355,184,131,-1,0,0,-1
108,2,866,297,1054,471,-1,0,0,-1
109,1,444,355,184,131,-1,0,0,-1
109,2,866,297,1054,471,-1,0,0,-1
110,1,444,355,184,131,-1,0,0,-1
110,2,866,297,1054,471,-1,0,0,-1
111,1,444,355,184,131,-1,0,0,-1
111,2,872,297,1048,471,-1,0,0,-1
112,1,444,355,184,131,-1,0,0,-1
112,2,872,297,1048,471,-1,0,0,-1
113,1,444,355,184,131,-1,0,0,-1
113,2,872,297,1048,471,-1,0,0,-1
114,1,444,355,184,131,-1,0,0,-1
114,2,873,297,1047,470,-1,0,0,-1
115,1,444,355,184,131,-1,0,0,-1
115,2,872,297,1047,470,-1,0,0,-1
116,1,444,355,184,131,-1,0,0,-1
116,2,881,297,1038,470,-1,0,0,-1
117,1,444,355,184,131,-1,0,0,-1
117,2,881,297,1038,470,-1,0,0,-1
118,1,444,355,184,131,-1,0,0,-1
118,2,881,297,1038,470,-1,0,0,-1
119,1,444,355,184,131,-1,0,0,-1
119,2,881,297,1038,470,-1,0,0,-1
120,1,444,355,184,131,-1,0,0,-1
120,2,881,297,1038,470,-1,0,0,-1
121,1,444,355,184,131,-1,0,0,-1
121,2,889,297,1029,470,-1,0,0,-1
122,1,444,355,184,131,-1,0,0,-1
122,2,889,297,1029,470,-1,0,0,-1
123,1,444,355,184,131,-1,0,0,-1
123,2,889,297,1029,470,-1,0,0,-1
124,1,444,355,184,131,-1,0,0,-1
124,2,889,297,1029,470,-1,0,0,-1
125,1,444,355,184,131,-1,0,0,-1
125,2,897,297,1021,470,-1,0,0,-1
126,1,444,355,184,131,-1,0,0,-1
126,2,897,297,1021,470,-1,0,0,-1
127,1,444,355,184,131,-1,0,0,-1
127,2,897,297,1021,470,-1,0,0,-1
128,1,444,355,184,131,-1,0,0,-1
128,2,898,297,1019,469,-1,0,0,-1
129,1,444,355,184,131,-1,0,0,-1
129,2,898,297,1020,469,-1,0,0,-1
130,1,444,355,184,131,-1,0,0,-1
130,2,905,297,1012,470,-1,0,0,-1
131,1,444,355,184,131,-1,0,0,-1
131,2,905,297,1012,470,-1,0,0,-1
132,1,444,355,184,131,-1,0,0,-1
132,2,905,297,1011,470,-1,0,0,-1
133,1,444,355,184,131,-1,0,0,-1
133,2,905,297,1012,470,-1,0,0,-1
134,1,444,355,184,131,-1,0,0,-1
134,2,905,297,1012,470,-1,0,0,-1
135,1,444,355,184,131,-1,0,0,-1
135,2,912,297,1005,470,-1,0,0,-1
136,1,444,355,184,131,-1,0,0,-1
136,2,912,297,1005,470,-1,0,0,-1
137,1,444,355,184,131,-1,0,0,-1
137,2,912,297,1005,470,-1,0,0,-1
138,1,444,355,184,131,-1,0,0,-1
138,2,912,297,1005,470,-1,0,0,-1
139,1,444,355,184,131,-1,0,0,-1
139,2,912,297,1004,470,-1,0,0,-1
140,1,444,355,184,131,-1,0,0,-1
140,2,912,297,1005,470,-1,0,0,-1
141,1,444,355,184,131,-1,0,0,-1
141,2,921,297,996,470,-1,0,0,-1
142,1,444,355,184,131,-1,0,0,-1
142,2,921,297,996,470,-1,0,0,-1
143,1,444,355,184,131,-1,0,0,-1
143,2,921,297,996,470,-1,0,0,-1
144,1,444,355,184,131,-1,0,0,-1
144,2,928,297,989,470,-1,0,0,-1
145,1,444,355,184,131,-1,0,0,-1
145,2,928,297,988,470,-1,0,0,-1
146,1,444,355,184,131,-1,0,0,-1
146,2,928,297,988,469,-1,0,0,-1
147,1,444,355,184,131,-1,0,0,-1
147,2,928,297,988,470,-1,0,0,-1
148,1,444,355,184,131,-1,0,0,-1
148,2,934,297,986,470,-1,0,0,-1
149,1,444,355,184,131,-1,0,0,-1
149,2,934,297,985,469,-1,0,0,-1
150,1,444,355,184,131,-1,0,0,-1
150,2,934,297,986,470,-1,0,0,-1
151,1,444,355,184,131,-1,0,0,-1
151,2,934,297,986,470,-1,0,0,-1
152,1,444,355,184,131,-1,0,0,-1
152,2,935,297,983,469,-1,0,0,-1
153,1,444,355,184,131,-1,0,0,-1
153,2,941,297,976,469,-1,0,0,-1
154,1,444,355,184,131,-1,0,0,-1
154,2,941,297,975,468,-1,0,0,-1
155,1,444,355,184,131,-1,0,0,-1
155,2,941,297,976,469,-1,0,0,-1
156,1,444,355,184,131,-1,0,0,-1
156,2,944,297,973,469,-1,0,0,-1
157,1,444,355,184,131,-1,0,0,-1
157,2,944,297,973,469,-1,0,0,-1
158,1,444,355,184,131,-1,0,0,-1
158,2,944,297,972,468,-1,0,0,-1
159,1,444,355,184,131,-1,0,0,-1
159,2,950,297,973,468,-1,0,0,-1
160,1,444,355,184,131,-1,0,0,-1
160,2,950,297,969,467,-1,0,0,-1
161,1,444,355,184,131,-1,0,0,-1
161,2,951,297,970,467,-1,0,0,-1
162,1,444,355,184,131,-1,0,0,-1
162,2,951,297,968,467,-1,0,0,-1
163,1,444,355,184,131,-1,0,0,-1
163,2,952,297,967,466,-1,0,0,-1
164,1,444,355,184,131,-1,0,0,-1
164,2,952,297,964,465,-1,0,0,-1
165,1,444,355,184,131,-1,0,0,-1
165,2,953,298,968,464,-1,0,0,-1
166,1,444,355,184,131,-1,0,0,-1
166,2,953,298,965,463,-1,0,0,-1
167,1,444,355,184,131,-1,0,0,-1
167,2,958,298,960,463,-1,0,0,-1
168,1,444,355,184,131,-1,0,0,-1
168,2,958,298,959,462,-1,0,0,-1
169,1,444,355,184,131,-1,0,0,-1
169,2,959,298,962,462,-1,0,0,-1
170,1,444,355,184,131,-1,0,0,-1
170,2,959,298,960,461,-1,0,0,-1
171,1,444,355,184,131,-1,0,0,-1
171,2,959,298,960,461,-1,0,0,-1
172,1,444,355,184,131,-1,0,0,-1
172,2,959,298,960,462,-1,0,0,-1
173,1,444,355,184,131,-1,0,0,-1
173,2,960,299,956,459,-1,0,0,-1
174,1,444,355,184,131,-1,0,0,-1
174,2,967,298,953,462,-1,0,0,-1
175,1,444,355,184,131,-1,0,0,-1
175,2,967,298,952,461,-1,0,0,-1
176,1,444,355,184,131,-1,0,0,-1
176,2,968,299,948,460,-1,0,0,-1
177,1,444,355,184,131,-1,0,0,-1
177,2,969,299,944,458,-1,0,0,-1
178,1,444,355,184,131,-1,0,0,-1
178,2,967,298,953,462,-1,0,0,-1
179,1,444,355,184,131,-1,0,0,-1
179,2,967,298,953,462,-1,0,0,-1
180,1,444,355,184,131,-1,0,0,-1
180,2,967,298,953,462,-1,0,0,-1
181,1,444,355,184,131,-1,0,0,-1
181,2,974,298,945,462,-1,0,0,-1
182,1,444,355,184,131,-1,0,0,-1
182,2,974,298,943,461,-1,0,0,-1
183,1,444,355,184,131,-1,0,0,-1
183,2,974,298,943,461,-1,0,0,-1
184,1,444,355,184,131,-1,0,0,-1
184,2,975,299,938,459,-1,0,0,-1
185,1,444,355,184,131,-1,0,0,-1
185,2,976,299,935,457,-1,0,0,-1
186,1,444,355,184,131,-1,0,0,-1
186,2,974,298,945,462,-1,0,0,-1
187,1,444,355,184,131,-1,0,0,-1
187,2,974,298,945,462,-1,0,0,-1
188,1,444,355,184,131,-1,0,0,-1
188,2,974,298,944,461,-1,0,0,-1
189,1,444,355,184,131,-1,0,0,-1
189,2,974,298,942,461,-1,0,0,-1
190,1,444,355,184,131,-1,0,0,-1
190,2,980,298,936,460,-1,0,0,-1
191,1,444,355,184,131,-1,0,0,-1
191,2,980,298,943,459,-1,0,0,-1
192,1,444,355,184,131,-1,0,0,-1
192,2,980,298,938,458,-1,0,0,-1
193,1,444,355,184,131,-1,0,0,-1
193,2,981,298,936,457,-1,0,0,-1
194,1,444,355,184,131,-1,0,0,-1
194,2,981,299,939,455,-1,0,0,-1
195,1,444,355,184,131,-1,0,0,-1
195,2,981,299,936,454,-1,0,0,-1
196,1,444,355,184,131,-1,0,0,-1
196,2,981,299,938,454,-1,0,0,-1
197,1,444,355,184,131,-1,0,0,-1
197,2,982,300,939,451,-1,0,0,-1
198,1,444,355,184,131,-1,0,0,-1
198,2,982,300,936,450,-1,0,0,-1
199,1,444,355,184,131,-1,0,0,-1
199,2,983,301,931,448,-1,0,0,-1
200,1,444,355,184,131,-1,0,0,-1
200,2,981,301,937,448,-1,0,0,-1
201,1,444,355,184,131,-1,0,0,-1
201,2,982,301,934,447,-1,0,0,-1
202,1,444,355,184,131,-1,0,0,-1
202,2,982,302,931,445,-1,0,0,-1
203,1,444,355,184,131,-1,0,0,-1
203,2,982,298,940,448,-1,0,0,-1
204,1,444,355,184,131,-1,0,0,-1
204,2,982,298,936,447,-1,0,0,-1
204,3,0,234,160,79,-1,0,0,-1
205,1,444,355,184,131,-1,0,0,-1
205,2,983,299,933,446,-1,0,0,-1
205,3,2,234,159,79,-1,0,0,-1
206,1,444,355,184,131,-1,0,0,-1
206,2,983,299,932,445,-1,0,0,-1
206,3,4,234,158,78,-1,0,0,-1
207,1,444,355,184,131,-1,0,0,-1
207,2,978,296,942,450,-1,0,0,-1
207,3,1,234,164,79,-1,0,0,-1
208,1,444,355,184,131,-1,0,0,-1
208,2,978,296,940,449,-1,0,0,-1
208,3,3,234,163,79,-1,0,0,-1
209,1,444,355,184,131,-1,0,0,-1
209,2,979,297,941,447,-1,0,0,-1
209,3,1,234,167,78,-1,0,0,-1
210,1,444,355,184,131,-1,0,0,-1
210,2,979,297,939,446,-1,0,0,-1
210,3,3,234,166,78,-1,0,0,-1
211,1,444,355,184,131,-1,0,0,-1
211,2,979,297,941,447,-1,0,0,-1
211,3,-5,234,180,77,-1,0,0,-1
212,1,444,355,184,131,-1,0,0,-1
212,2,980,298,933,443,-1,0,0,-1
212,3,2,234,174,76,-1,0,0,-1
213,1,444,355,184,131,-1,0,0,-1
213,2,980,298,928,441,-1,0,0,-1
213,3,4,234,173,76,-1,0,0,-1
214,1,444,355,184,131,-1,0,0,-1
214,2,981,299,942,438,-1,0,0,-1
214,3,2,235,174,74,-1,0,0,-1
215,1,444,355,184,131,-1,0,0,-1
215,2,981,299,937,437,-1,0,0,-1
215,3,4,235,173,74,-1,0,0,-1
216,1,444,355,184,131,-1,0,0,-1
216,2,981,299,936,437,-1,0,0,-1
216,3,1,235,187,74,-1,0,0,-1
217,1,444,355,184,131,-1,0,0,-1
217,2,971,300,950,434,-1,0,0,-1
217,3,1,235,188,74,-1,0,0,-1
218,1,444,355,184,131,-1,0,0,-1
218,2,971,300,946,433,-1,0,0,-1
218,3,0,235,190,73,-1,0,0,-1
219,1,444,355,184,131,-1,0,0,-1
219,2,972,298,949,434,-1,0,0,-1
219,3,-5,235,200,73,-1,0,0,-1
220,1,444,355,184,131,-1,0,0,-1
220,2,972,298,945,432,-1,0,0,-1
220,3,3,235,193,72,-1,0,0,-1
221,1,444,355,184,131,-1,0,0,-1
221,2,973,299,950,431,-1,0,0,-1
221,3,-2,235,199,72,-1,0,0,-1
222,1,444,355,184,131,-1,0,0,-1
222,2,972,298,946,431,-1,0,0,-1
222,3,-2,235,204,72,-1,0,0,-1
223,1,444,355,184,131,-1,0,0,-1
223,2,970,295,949,433,-1,0,0,-1
223,3,3,235,200,71,-1,0,0,-1
224,1,444,355,184,131,-1,0,0,-1
224,2,970,295,949,432,-1,0,0,-1
224,3,2,235,207,72,-1,0,0,-1
225,1,444,355,184,131,-1,0,0,-1
225,2,970,295,955,431,-1,0,0,-1
225,3,-1,235,211,72,-1,0,0,-1
226,1,444,355,184,131,-1,0,0,-1
226,2,970,295,947,430,-1,0,0,-1
226,3,2,235,209,72,-1,0,0,-1
227,1,444,355,184,131,-1,0,0,-1
227,2,971,296,954,428,-1,0,0,-1
227,3,4,235,209,72,-1,0,0,-1
228,1,444,355,184,131,-1,0,0,-1
228,2,971,296,946,427,-1,0,0,-1
228,3,6,235,210,72,-1,0,0,-1
229,1,444,355,184,131,-1,0,0,-1
229,2,971,296,948,428,-1,0,0,-1
229,3,-4,235,223,72,-1,0,0,-1
230,1,444,355,184,131,-1,0,0,-1
230,2,963,297,961,423,-1,0,0,-1
230,3,2,235,218,72,-1,0,0,-1
231,1,444,355,184,131,-1,0,0,-1
231,2,963,297,955,422,-1,0,0,-1
231,3,1,235,221,71,-1,0,0,-1
232,1,444,355,184,131,-1,0,0,-1
232,2,964,298,956,420,-1,0,0,-1
232,3,-3,235,226,71,-1,0,0,-1
233,1,444,355,184,131,-1,0,0,-1
233,2,964,298,953,419,-1,0,0,-1
233,3,2,235,222,71,-1,0,0,-1
234,1,444,355,184,131,-1,0,0,-1
234,2,962,298,958,420,-1,0,0,-1
234,3,0,235,230,70,-1,0,0,-1
235,1,444,355,184,131,-1,0,0,-1
235,2,962,298,955,419,-1,0,0,-1
235,3,1,235,230,70,-1,0,0,-1
236,1,444,355,184,131,-1,0,0,-1
236,2,959,299,960,417,-1,0,0,-1
236,3,2,235,234,70,-1,0,0,-1
237,1,444,355,184,131,-1,0,0,-1
237,2,959,299,957,416,-1,0,0,-1
237,3,4,235,233,70,-1,0,0,-1
238,1,444,355,184,131,-1,0,0,-1
238,2,959,300,955,415,-1,0,0,-1
238,3,-1,235,239,69,-1,0,0,-1
239,1,444,355,184,131,-1,0,0,-1
239,2,954,300,966,411,-1,0,0,-1
239,3,-1,235,241,69,-1,0,0,-1
240,1,444,355,184,131,-1,0,0,-1
240,2,954,300,963,410,-1,0,0,-1
240,3,1,235,243,69,-1,0,0,-1
241,1,444,355,184,131,-1,0,0,-1
241,2,954,301,959,408,-1,0,0,-1
241,3,-2,235,248,69,-1,0,0,-1
242,1,444,355,184,131,-1,0,0,-1
242,2,953,300,966,411,-1,0,0,-1
242,3,2,235,245,69,-1,0,0,-1
243,1,444,355,184,131,-1,0,0,-1
243,2,956,302,968,404,-1,0,0,-1
243,3,0,235,251,69,-1,0,0,-1
244,1,444,355,184,131,-1,0,0,-1
244,2,949,302,968,403,-1,0,0,-1
244,3,-2,235,254,68,-1,0,0,-1
245,1,444,355,184,131,-1,0,0,-1
245,2,950,303,963,401,-1,0,0,-1
245,3,2,235,251,68,-1,0,0,-1
246,1,444,355,184,131,-1,0,0,-1
246,2,950,303,974,400,-1,0,0,-1
246,3,-1,235,257,68,-1,0,0,-1
247,1,444,355,184,131,-1,0,0,-1
247,2,950,303,967,399,-1,0,0,-1
247,3,0,235,260,68,-1,0,0,-1
248,1,444,355,184,131,-1,0,0,-1
248,2,951,304,964,397,-1,0,0,-1
248,3,-3,235,264,82,-1,0,0,-1
249,1,444,355,184,131,-1,0,0,-1
249,2,945,303,974,400,-1,0,0,-1
249,3,2,235,260,82,-1,0,0,-1
250,1,444,355,184,131,-1,0,0,-1
250,2,945,303,971,399,-1,0,0,-1
250,3,-1,235,264,82,-1,0,0,-1
251,1,444,355,184,131,-1,0,0,-1
251,2,946,304,965,396,-1,0,0,-1
251,3,-3,235,271,82,-1,0,0,-1
252,1,444,355,184,131,-1,0,0,-1
252,2,941,304,966,394,-1,0,0,-1
252,3,2,235,267,82,-1,0,0,-1
253,1,444,355,184,131,-1,0,0,-1
253,2,941,304,977,393,-1,0,0,-1
253,3,-5,236,278,81,-1,0,0,-1
254,1,444,355,184,131,-1,0,0,-1
254,2,941,304,979,391,-1,0,0,-1
254,3,-2,236,276,81,-1,0,0,-1
255,1,444,355,184,131,-1,0,0,-1
255,2,941,304,976,390,-1,0,0,-1
255,3,1,236,277,81,-1,0,0,-1
256,1,444,355,184,131,-1,0,0,-1
256,2,942,305,971,388,-1,0,0,-1
256,3,-2,236,283,81,-1,0,0,-1
257,1,444,355,184,131,-1,0,0,-1
257,2,942,305,967,386,-1,0,0,-1
257,3,0,236,283,81,-1,0,0,-1
258,1,444,355,184,131,-1,0,0,-1
258,2,932,305,991,384,-1,0,0,-1
258,3,2,236,282,81,-1,0,0,-1
259,1,444,355,184,131,-1,0,0,-1
259,2,932,305,985,383,-1,0,0,-1
259,3,-2,236,287,80,-1,0,0,-1
260,1,444,355,184,131,-1,0,0,-1
260,2,927,304,996,383,-1,0,0,-1
260,3,0,236,291,80,-1,0,0,-1
261,1,444,355,184,131,-1,0,0,-1
261,2,927,304,990,382,-1,0,0,-1
261,3,3,236,289,80,-1,0,0,-1
262,1,444,355,184,131,-1,0,0,-1
262,2,926,300,994,385,-1,0,0,-1
262,3,-2,237,296,79,-1,0,0,-1
263,1,444,355,184,131,-1,0,0,-1
263,2,926,300,992,384,-1,0,0,-1
263,3,2,237,293,79,-1,0,0,-1
264,1,444,355,184,131,-1,0,0,-1
264,2,927,301,984,381,-1,0,0,-1
264,3,-4,237,303,79,-1,0,0,-1
265,1,444,355,184,131,-1,0,0,-1
265,2,923,301,995,380,-1,0,0,-1
265,3,2,237,298,79,-1,0,0,-1
266,1,444,355,184,131,-1,0,0,-1
266,2,923,301,994,380,-1,0,0,-1
266,3,1,237,303,78,-1,0,0,-1
267,1,444,355,184,131,-1,0,0,-1
267,2,924,302,999,377,-1,0,0,-1
267,3,-1,237,306,78,-1,0,0,-1
268,1,444,355,184,131,-1,0,0,-1
268,2,918,302,999,376,-1,0,0,-1
268,3,0,237,309,78,-1,0,0,-1
269,1,444,355,184,131,-1,0,0,-1
269,2,918,302,995,375,-1,0,0,-1
269,3,-1,236,311,79,-1,0,0,-1
270,1,444,355,184,131,-1,0,0,-1
270,2,919,303,1000,372,-1,0,0,-1
270,3,-2,236,313,79,-1,0,0,-1
271,1,444,355,184,131,-1,0,0,-1
271,2,912,303,1006,372,-1,0,0,-1
271,3,4,236,308,78,-1,0,0,-1
272,1,444,355,184,131,-1,0,0,-1
272,2,913,303,1001,370,-1,0,0,-1
272,3,-4,236,323,79,-1,0,0,-1
273,1,444,355,184,131,-1,0,0,-1
273,2,913,302,1008,371,-1,0,0,-1
273,3,-3,236,323,79,-1,0,0,-1
274,1,444,355,184,131,-1,0,0,-1
274,2,909,297,1010,374,-1,0,0,-1
274,3,2,236,319,79,-1,0,0,-1
275,1,444,355,184,131,-1,0,0,-1
275,2,909,297,1007,373,-1,0,0,-1
275,3,-2,236,327,79,-1,0,0,-1
276,1,444,355,184,131,-1,0,0,-1
276,2,905,292,1016,377,-1,0,0,-1
276,3,2,236,324,79,-1,0,0,-1
277,1,444,355,184,131,-1,0,0,-1
277,2,905,292,1013,376,-1,0,0,-1
277,3,6,236,320,78,-1,0,0,-1
278,1,444,355,184,131,-1,0,0,-1
278,2,905,284,1017,383,-1,0,0,-1
278,3,9,237,319,77,-1,0,0,-1
279,1,444,355,184,131,-1,0,0,-1
279,2,905,284,1012,382,-1,0,0,-1
279,3,0,236,334,78,-1,0,0,-1
280,1,444,355,184,131,-1,0,0,-1
280,2,899,281,1022,384,-1,0,0,-1
280,3,-2,230,338,84,-1,0,0,-1
281,1,444,355,184,131,-1,0,0,-1
281,2,899,269,1026,396,-1,0,0,-1
281,3,2,230,335,84,-1,0,0,-1
282,1,444,355,184,131,-1,0,0,-1
282,2,899,269,1018,395,-1,0,0,-1
282,3,5,230,334,84,-1,0,0,-1
283,1,444,355,184,131,-1,0,0,-1
283,2,896,258,1025,405,-1,0,0,-1
283,3,0,231,342,82,-1,0,0,-1
284,1,444,355,184,131,-1,0,0,-1
284,2,896,258,1023,404,-1,0,0,-1
284,3,1,231,348,82,-1,0,0,-1
285,1,444,355,184,131,-1,0,0,-1
285,2,895,258,1023,405,-1,0,0,-1
285,3,-3,231,353,82,-1,0,0,-1
286,1,444,355,184,131,-1,0,0,-1
286,2,895,240,1024,423,-1,0,0,-1
286,3,2,231,349,82,-1,0,0,-1
287,1,444,355,184,131,-1,0,0,-1
287,2,895,231,1025,431,-1,0,0,-1
287,3,-3,231,356,81,-1,0,0,-1
288,1,444,355,184,131,-1,0,0,-1
288,2,895,227,1032,434,-1,0,0,-1
288,3,2,231,352,81,-1,0,0,-1
289,1,444,355,184,131,-1,0,0,-1
289,2,887,213,1031,447,-1,0,0,-1
289,3,1,231,357,81,-1,0,0,-1
290,1,444,355,184,131,-1,0,0,-1
290,2,887,204,1039,455,-1,0,0,-1
290,3,1,232,359,81,-1,0,0,-1
291,1,444,355,184,131,-1,0,0,-1
291,2,887,204,1032,454,-1,0,0,-1
291,3,0,232,362,81,-1,0,0,-1
292,1,444,355,184,131,-1,0,0,-1
292,2,886,204,1033,455,-1,0,0,-1
292,3,-2,232,366,81,-1,0,0,-1
293,1,444,355,184,131,-1,0,0,-1
293,2,888,187,1037,468,-1,0,0,-1
293,3,-2,232,367,81,-1,0,0,-1
294,1,444,355,184,131,-1,0,0,-1
294,2,888,183,1037,471,-1,0,0,-1
294,3,3,231,365,81,-1,0,0,-1
295,1,444,355,184,131,-1,0,0,-1
295,2,888,174,1032,480,-1,0,0,-1
295,3,5,232,364,81,-1,0,0,-1
296,1,444,355,184,131,-1,0,0,-1
296,2,888,174,1031,480,-1,0,0,-1
296,3,1,232,372,81,-1,0,0,-1
297,1,444,355,184,131,-1,0,0,-1
297,2,881,153,1045,436,-1,0,0,-1
297,3,3,232,371,81,-1,0,0,-1
298,1,444,355,184,131,-1,0,0,-1
298,2,881,154,1036,435,-1,0,0,-1
298,3,5,232,372,81,-1,0,0,-1
299,1,444,355,184,131,-1,0,0,-1
299,2,881,153,1039,436,-1,0,0,-1
299,3,-1,232,381,81,-1,0,0,-1
300,1,444,355,184,131,-1,0,0,-1
300,2,875,141,1048,445,-1,0,0,-1
300,3,-2,232,384,81,-1,0,0,-1
301,1,444,355,184,131,-1,0,0,-1
301,2,875,141,1044,445,-1,0,0,-1
301,3,-2,232,386,81,-1,0,0,-1
302,1,444,355,184,131,-1,0,0,-1
302,2,874,113,1048,473,-1,0,0,-1
302,3,-1,232,386,81,-1,0,0,-1
303,1,444,355,184,131,-1,0,0,-1
303,2,874,113,1045,473,-1,0,0,-1
303,3,0,232,391,81,-1,0,0,-1
304,1,444,355,184,131,-1,0,0,-1
304,2,874,114,1040,470,-1,0,0,-1
304,3,-2,229,395,84,-1,0,0,-1
305,1,444,355,184,131,-1,0,0,-1
305,2,866,95,1053,489,-1,0,0,-1
305,3,2,229,393,84,-1,0,0,-1
306,1,444,355,184,131,-1,0,0,-1
306,2,866,95,1051,488,-1,0,0,-1
306,3,0,229,397,84,-1,0,0,-1
307,1,444,355,184,131,-1,0,0,-1
307,2,866,95,1052,488,-1,0,0,-1
307,3,0,224,399,89,-1,0,0,-1
308,1,444,355,184,131,-1,0,0,-1
308,2,866,75,1053,509,-1,0,0,-1
308,3,2,224,398,89,-1,0,0,-1
309,1,444,355,184,131,-1,0,0,-1
309,2,866,75,1054,509,-1,0,0,-1
309,3,0,224,402,88,-1,0,0,-1
310,1,444,355,184,131,-1,0,0,-1
310,2,863,59,1058,524,-1,0,0,-1
310,3,2,224,402,88,-1,0,0,-1
311,1,444,355,184,131,-1,0,0,-1
311,2,863,59,1056,524,-1,0,0,-1
311,3,-3,214,410,97,-1,0,0,-1
312,1,444,355,184,131,-1,0,0,-1
312,2,863,59,1056,523,-1,0,0,-1
312,3,-2,211,411,100,-1,0,0,-1
313,1,444,355,184,131,-1,0,0,-1
313,2,864,61,1049,520,-1,0,0,-1
313,3,-5,207,418,104,-1,0,0,-1
314,1,444,355,184,131,-1,0,0,-1
314,2,859,35,1060,545,-1,0,0,-1
314,3,-3,205,418,106,-1,0,0,-1
315,1,444,355,184,131,-1,0,0,-1
315,2,859,36,1058,544,-1,0,0,-1
315,3,1,205,415,106,-1,0,0,-1
316,1,444,355,184,131,-1,0,0,-1
316,2,859,36,1058,544,-1,0,0,-1
316,3,2,201,420,110,-1,0,0,-1
317,1,444,355,184,131,-1,0,0,-1
317,2,859,14,1060,566,-1,0,0,-1
317,3,3,201,420,110,-1,0,0,-1
318,1,444,355,184,131,-1,0,0,-1
318,2,853,14,1065,565,-1,0,0,-1
318,3,0,201,425,110,-1,0,0,-1
319,1,444,355,184,131,-1,0,0,-1
319,2,853,14,1065,565,-1,0,0,-1
319,3,-1,197,427,114,-1,0,0,-1
320,1,444,355,184,131,-1,0,0,-1
320,2,854,2,1067,572,-1,0,0,-1
320,3,1,197,427,114,-1,0,0,-1
321,1,444,355,184,131,-1,0,0,-1
321,2,852,3,1068,571,-1,0,0,-1
321,3,-1,197,433,115,-1,0,0,-1
322,1,444,355,184,131,-1,0,0,-1
322,2,852,3,1066,570,-1,0,0,-1
322,3,1,193,434,119,-1,0,0,-1
323,1,444,355,184,131,-1,0,0,-1
323,2,849,0,1074,573,-1,0,0,-1
323,3,-4,193,439,119,-1,0,0,-1
324,1,444,355,184,131,-1,0,0,-1
324,2,849,1,1072,572,-1,0,0,-1
324,3,2,193,434,119,-1,0,0,-1
325,1,444,355,184,131,-1,0,0,-1
325,2,849,2,1069,571,-1,0,0,-1
325,3,1,193,436,119,-1,0,0,-1
326,1,444,355,184,131,-1,0,0,-1
326,2,850,2,1071,571,-1,0,0,-1
326,3,-3,193,441,119,-1,0,0,-1
327,1,444,355,184,131,-1,0,0,-1
327,2,848,2,1071,570,-1,0,0,-1
327,3,-3,188,450,124,-1,0,0,-1
328,1,444,355,184,131,-1,0,0,-1
328,2,847,3,1072,569,-1,0,0,-1
328,3,1,188,447,124,-1,0,0,-1
329,1,444,355,184,131,-1,0,0,-1
329,2,847,3,1071,568,-1,0,0,-1
329,3,-1,187,453,125,-1,0,0,-1
330,1,444,355,184,131,-1,0,0,-1
330,2,847,1,1072,570,-1,0,0,-1
330,3,-1,187,454,125,-1,0,0,-1
331,1,444,355,184,131,-1,0,0,-1
331,2,847,1,1071,569,-1,0,0,-1
331,3,0,187,454,125,-1,0,0,-1
332,1,444,355,184,131,-1,0,0,-1
332,2,847,2,1070,569,-1,0,0,-1
332,3,1,190,458,122,-1,0,0,-1
333,1,444,355,184,131,-1,0,0,-1
333,2,840,1,1082,568,-1,0,0,-1
333,3,2,190,458,122,-1,0,0,-1
334,1,444,355,184,131,-1,0,0,-1
334,2,840,1,1079,567,-1,0,0,-1
334,3,-2,190,466,122,-1,0,0,-1
335,1,444,355,184,131,-1,0,0,-1
335,2,840,2,1078,567,-1,0,0,-1
335,3,0,189,464,123,-1,0,0,-1
336,1,444,355,184,131,-1,0,0,-1
336,2,840,4,1072,564,-1,0,0,-1
336,3,-1,189,468,123,-1,0,0,-1
337,1,444,355,184,131,-1,0,0,-1
337,2,836,1,1084,568,-1,0,0,-1
337,3,-1,172,469,140,-1,0,0,-1
338,1,444,355,184,131,-1,0,0,-1
338,2,836,1,1083,567,-1,0,0,-1
338,3,0,168,472,144,-1,0,0,-1
339,1,444,355,184,131,-1,0,0,-1
339,2,836,2,1080,566,-1,0,0,-1
339,3,-1,168,475,144,-1,0,0,-1
340,1,444,355,184,131,-1,0,0,-1
340,2,835,1,1083,567,-1,0,0,-1
340,3,1,168,476,144,-1,0,0,-1
341,1,444,355,184,131,-1,0,0,-1
341,2,836,1,1084,568,-1,0,0,-1
341,3,2,168,476,144,-1,0,0,-1
342,1,444,355,184,131,-1,0,0,-1
342,2,835,2,1081,566,-1,0,0,-1
342,3,1,168,477,143,-1,0,0,-1
343,1,444,355,184,131,-1,0,0,-1
343,2,836,1,1083,568,-1,0,0,-1
343,3,-1,168,485,143,-1,0,0,-1
344,1,444,355,184,131,-1,0,0,-1
344,2,836,1,1083,567,-1,0,0,-1
344,3,-1,168,486,143,-1,0,0,-1
345,1,444,355,184,131,-1,0,0,-1
345,2,832,1,1087,567,-1,0,0,-1
345,3,1,168,488,143,-1,0,0,-1
346,1,444,355,184,131,-1,0,0,-1
346,2,832,1,1086,566,-1,0,0,-1
346,3,3,168,487,143,-1,0,0,-1
347,1,444,355,184,131,-1,0,0,-1
347,2,832,-2,1089,569,-1,0,0,-1
347,3,7,168,484,143,-1,0,0,-1
348,1,444,355,184,131,-1,0,0,-1
348,2,832,0,1087,566,-1,0,0,-1
348,3,13,168,482,143,-1,0,0,-1
349,1,444,355,184,131,-1,0,0,-1
349,2,832,0,1087,566,-1,0,0,-1
349,3,23,168,476,143,-1,0,0,-1
350,1,444,355,184,131,-1,0,0,-1
350,2,833,3,1079,562,-1,0,0,-1
350,3,24,168,476,143,-1,0,0,-1
351,1,444,355,184,131,-1,0,0,-1
351,2,832,0,1088,567,-1,0,0,-1
351,3,27,168,476,143,-1,0,0,-1
352,1,444,355,184,131,-1,0,0,-1
352,2,833,5,1073,559,-1,0,0,-1
352,3,28,169,476,141,-1,0,0,-1
353,1,444,355,184,131,-1,0,0,-1
353,2,834,6,1070,557,-1,0,0,-1
353,3,29,169,476,141,-1,0,0,-1
354,1,444,355,184,131,-1,0,0,-1
354,2,824,-1,1095,574,-1,0,0,-1
354,3,30,169,480,141,-1,0,0,-1
355,1,444,355,184,131,-1,0,0,-1
355,2,824,0,1094,572,-1,0,0,-1
355,3,32,169,479,141,-1,0,0,-1
356,1,444,355,184,131,-1,0,0,-1
356,2,824,0,1093,572,-1,0,0,-1
356,3,31,169,484,141,-1,0,0,-1
357,1,444,355,184,131,-1,0,0,-1
357,2,821,0,1098,573,-1,0,0,-1
357,3,32,169,484,141,-1,0,0,-1
358,1,444,355,184,131,-1,0,0,-1
358,2,821,0,1097,573,-1,0,0,-1
358,3,33,169,488,141,-1,0,0,-1
359,1,444,355,184,131,-1,0,0,-1
359,2,821,0,1097,572,-1,0,0,-1
359,3,42,169,480,141,-1,0,0,-1
360,1,444,355,184,131,-1,0,0,-1
360,2,818,0,1103,572,-1,0,0,-1
360,3,49,169,474,141,-1,0,0,-1
361,1,444,355,184,131,-1,0,0,-1
361,2,818,0,1101,571,-1,0,0,-1
361,3,53,169,473,141,-1,0,0,-1
362,1,444,355,184,131,-1,0,0,-1
362,2,818,0,1101,572,-1,0,0,-1
362,3,54,169,477,141,-1,0,0,-1
363,1,444,355,184,131,-1,0,0,-1
363,2,818,0,1102,572,-1,0,0,-1
363,3,57,169,475,141,-1,0,0,-1
364,1,444,355,184,131,-1,0,0,-1
364,2,819,1,1101,569,-1,0,0,-1
364,3,58,169,475,141,-1,0,0,-1
365,1,444,355,184,131,-1,0,0,-1
365,2,815,2,1103,568,-1,0,0,-1
365,3,59,169,475,141,-1,0,0,-1
366,1,444,355,184,131,-1,0,0,-1
366,2,815,2,1102,568,-1,0,0,-1
366,3,65,170,477,141,-1,0,0,-1
367,1,444,355,184,131,-1,0,0,-1
367,2,815,3,1101,567,-1,0,0,-1
367,3,72,170,470,141,-1,0,0,-1
368,1,444,355,184,131,-1,0,0,-1
368,2,812,3,1108,566,-1,0,0,-1
368,3,73,170,470,141,-1,0,0,-1
369,1,444,355,184,131,-1,0,0,-1
369,2,812,3,1107,566,-1,0,0,-1
369,3,75,170,468,140,-1,0,0,-1
370,1,444,355,184,131,-1,0,0,-1
370,2,812,4,1105,565,-1,0,0,-1
370,3,75,170,472,141,-1,0,0,-1
371,1,444,355,184,131,-1,0,0,-1
371,2,809,1,1110,567,-1,0,0,-1
371,3,76,170,472,141,-1,0,0,-1
372,1,444,355,184,131,-1,0,0,-1
372,2,809,1,1109,567,-1,0,0,-1
372,3,80,171,472,140,-1,0,0,-1
373,1,444,355,184,131,-1,0,0,-1
373,2,809,1,1110,567,-1,0,0,-1
373,3,81,171,472,140,-1,0,0,-1
374,1,444,355,184,131,-1,0,0,-1
374,2,810,3,1104,564,-1,0,0,-1
374,3,82,171,472,140,-1,0,0,-1
375,1,444,355,184,131,-1,0,0,-1
375,2,808,1,1110,567,-1,0,0,-1
375,3,80,170,478,142,-1,0,0,-1
376,1,444,355,184,131,-1,0,0,-1
376,2,810,1,1111,565,-1,0,0,-1
376,3,89,171,473,140,-1,0,0,-1
377,1,444,355,184,131,-1,0,0,-1
377,2,805,1,1114,564,-1,0,0,-1
377,3,90,171,473,140,-1,0,0,-1
378,1,444,355,184,131,-1,0,0,-1
378,2,805,1,1113,564,-1,0,0,-1
378,3,99,171,467,140,-1,0,0,-1
379,1,444,355,184,131,-1,0,0,-1
379,2,805,1,1113,564,-1,0,0,-1
379,3,100,171,467,140,-1,0,0,-1
380,1,444,355,184,131,-1,0,0,-1
380,2,805,2,1116,562,-1,0,0,-1
380,3,108,171,463,140,-1,0,0,-1
381,1,444,355,184,131,-1,0,0,-1
381,2,805,2,1115,562,-1,0,0,-1
381,3,115,171,457,140,-1,0,0,-1
382,1,444,355,184,131,-1,0,0,-1
382,2,805,3,1111,560,-1,0,0,-1
382,3,117,168,459,143,-1,0,0,-1
383,1,444,355,184,131,-1,0,0,-1
383,2,802,2,1118,562,-1,0,0,-1
383,3,118,168,460,143,-1,0,0,-1
384,1,444,355,184,131,-1,0,0,-1
384,2,802,2,1117,562,-1,0,0,-1
384,3,118,168,460,143,-1,0,0,-1
385,1,444,355,184,131,-1,0,0,-1
385,2,802,2,1118,562,-1,0,0,-1
385,3,117,170,463,141,-1,0,0,-1
386,1,444,355,184,131,-1,0,0,-1
386,2,801,2,1117,561,-1,0,0,-1
386,3,120,170,465,141,-1,0,0,-1
387,1,444,355,184,131,-1,0,0,-1
387,2,798,4,1124,559,-1,0,0,-1
387,3,121,170,465,141,-1,0,0,-1
388,1,444,355,184,131,-1,0,0,-1
388,2,798,4,1121,559,-1,0,0,-1
388,3,124,169,465,142,-1,0,0,-1
389,1,444,355,184,131,-1,0,0,-1
389,2,798,4,1120,558,-1,0,0,-1
389,3,125,169,468,140,-1,0,0,-1
390,1,444,355,184,131,-1,0,0,-1
390,2,798,4,1121,559,-1,0,0,-1
390,3,128,169,466,140,-1,0,0,-1
391,1,444,355,184,131,-1,0,0,-1
391,2,795,7,1126,554,-1,0,0,-1
391,3,129,169,466,140,-1,0,0,-1
392,1,444,355,184,131,-1,0,0,-1
392,2,795,7,1125,554,-1,0,0,-1
392,3,131,169,468,140,-1,0,0,-1
393,1,444,355,184,131,-1,0,0,-1
393,2,795,7,1123,553,-1,0,0,-1
393,3,132,169,470,140,-1,0,0,-1
394,1,444,355,184,131,-1,0,0,-1
394,2,794,7,1125,554,-1,0,0,-1
394,3,133,170,471,139,-1,0,0,-1
395,1,444,355,184,131,-1,0,0,-1
395,2,794,7,1125,554,-1,0,0,-1
395,3,134,170,471,139,-1,0,0,-1
396,1,444,355,184,131,-1,0,0,-1
396,2,791,11,1134,548,-1,0,0,-1
396,3,144,171,465,138,-1,0,0,-1
397,1,444,355,184,131,-1,0,0,-1
397,2,791,11,1128,548,-1,0,0,-1
397,3,145,171,465,138,-1,0,0,-1
398,1,444,355,184,131,-1,0,0,-1
398,2,791,11,1128,548,-1,0,0,-1
398,3,146,171,470,138,-1,0,0,-1
399,1,444,355,184,131,-1,0,0,-1
399,2,792,13,1123,545,-1,0,0,-1
399,3,147,171,470,138,-1,0,0,-1
400,1,444,355,184,131,-1,0,0,-1
400,2,790,11,1129,548,-1,0,0,-1
400,3,160,172,458,137,-1,0,0,-1
401,1,444,355,184,131,-1,0,0,-1
401,2,786,11,1132,546,-1,0,0,-1
401,3,161,172,461,137,-1,0,0,-1
402,1,444,355,184,131,-1,0,0,-1
402,2,786,11,1131,546,-1,0,0,-1
402,3,163,172,460,137,-1,0,0,-1
403,1,444,355,184,131,-1,0,0,-1
403,2,786,11,1131,546,-1,0,0,-1
403,3,169,172,456,137,-1,0,0,-1
404,1,444,355,184,131,-1,0,0,-1
404,2,786,11,1131,545,-1,0,0,-1
404,3,170,172,456,137,-1,0,0,-1
405,1,444,355,184,131,-1,0,0,-1
405,2,787,11,1132,545,-1,0,0,-1
405,3,171,172,456,137,-1,0,0,-1
406,1,444,355,184,131,-1,0,0,-1
406,2,783,11,1135,545,-1,0,0,-1
406,3,177,172,454,136,-1,0,0,-1
407,1,444,355,184,131,-1,0,0,-1
407,2,783,11,1135,545,-1,0,0,-1
407,3,179,172,455,137,-1,0,0,-1
408,1,444,355,184,131,-1,0,0,-1
408,2,783,11,1134,544,-1,0,0,-1
408,3,183,172,454,136,-1,0,0,-1
409,1,444,355,184,131,-1,0,0,-1
409,2,783,12,1131,543,-1,0,0,-1
409,3,185,172,454,136,-1,0,0,-1
410,1,444,355,184,131,-1,0,0,-1
410,2,782,11,1134,544,-1,0,0,-1
410,3,188,172,453,136,-1,0,0,-1
411,1,444,355,184,131,-1,0,0,-1
411,2,784,14,1138,540,-1,0,0,-1
411,3,191,172,453,136,-1,0,0,-1
412,1,444,355,184,131,-1,0,0,-1
412,2,784,14,1136,540,-1,0,0,-1
412,3,198,172,448,136,-1,0,0,-1
413,1,444,355,184,131,-1,0,0,-1
413,2,784,14,1136,540,-1,0,0,-1
413,3,199,172,448,136,-1,0,0,-1
414,1,444,355,184,131,-1,0,0,-1
414,2,785,16,1130,537,-1,0,0,-1
414,3,201,172,448,136,-1,0,0,-1
415,1,444,355,184,131,-1,0,0,-1
415,2,773,17,1148,536,-1,0,0,-1
415,3,202,172,448,136,-1,0,0,-1
416,1,444,355,184,131,-1,0,0,-1
416,2,773,17,1147,536,-1,0,0,-1
416,3,206,172,450,136,-1,0,0,-1
417,1,444,355,184,131,-1,0,0,-1
417,2,773,17,1146,536,-1,0,0,-1
417,3,210,172,447,136,-1,0,0,-1
418,1,444,355,184,131,-1,0,0,-1
418,2,773,17,1147,536,-1,0,0,-1
418,3,212,172,448,136,-1,0,0,-1
419,1,444,355,184,131,-1,0,0,-1
419,2,774,19,1138,532,-1,0,0,-1
419,3,215,170,448,138,-1,0,0,-1
420,1,444,355,184,131,-1,0,0,-1
420,2,773,17,1147,536,-1,0,0,-1
420,3,217,170,447,138,-1,0,0,-1
421,1,444,355,184,131,-1,0,0,-1
421,2,773,17,1147,536,-1,0,0,-1
421,3,218,170,449,139,-1,0,0,-1
422,1,444,355,184,131,-1,0,0,-1
422,2,773,17,1143,533,-1,0,0,-1
422,3,219,170,448,139,-1,0,0,-1
423,1,444,355,184,131,-1,0,0,-1
423,2,773,17,1143,533,-1,0,0,-1
423,3,221,170,448,139,-1,0,0,-1
424,1,444,355,184,131,-1,0,0,-1
424,2,773,17,1148,533,-1,0,0,-1
424,3,224,170,450,139,-1,0,0,-1
425,1,444,355,184,131,-1,0,0,-1
425,2,773,17,1147,533,-1,0,0,-1
425,3,228,170,447,139,-1,0,0,-1
426,1,444,355,184,131,-1,0,0,-1
426,2,773,17,1146,533,-1,0,0,-1
426,3,230,170,446,139,-1,0,0,-1
427,1,444,355,184,131,-1,0,0,-1
427,2,772,17,1147,533,-1,0,0,-1
427,3,232,170,447,138,-1,0,0,-1
428,1,444,355,184,131,-1,0,0,-1
428,2,772,17,1147,533,-1,0,0,-1
428,3,235,170,448,138,-1,0,0,-1
429,1,444,355,184,131,-1,0,0,-1
429,2,772,17,1147,533,-1,0,0,-1
429,3,237,170,447,138,-1,0,0,-1
430,1,444,355,184,131,-1,0,0,-1
430,2,774,21,1145,527,-1,0,0,-1
430,3,239,170,446,137,-1,0,0,-1
431,1,444,355,184,131,-1,0,0,-1
431,2,774,21,1145,527,-1,0,0,-1
431,3,243,170,447,138,-1,0,0,-1
432,1,444,355,184,131,-1,0,0,-1
432,2,770,21,1148,527,-1,0,0,-1
432,3,245,170,447,138,-1,0,0,-1
433,1,444,355,184,131,-1,0,0,-1
433,2,770,21,1148,527,-1,0,0,-1
433,3,248,170,446,137,-1,0,0,-1
434,1,444,355,184,131,-1,0,0,-1
434,2,768,21,1149,527,-1,0,0,-1
434,3,251,170,446,137,-1,0,0,-1
435,1,444,355,184,131,-1,0,0,-1
435,2,766,21,1154,527,-1,0,0,-1
435,3,254,170,446,137,-1,0,0,-1
436,1,444,355,184,131,-1,0,0,-1
436,2,766,21,1154,527,-1,0,0,-1
436,3,257,170,445,137,-1,0,0,-1
437,1,444,355,184,131,-1,0,0,-1
437,2,765,21,1153,527,-1,0,0,-1
437,3,259,170,446,137,-1,0,0,-1
438,1,444,355,184,131,-1,0,0,-1
438,2,766,22,1152,526,-1,0,0,-1
438,3,261,170,445,137,-1,0,0,-1
439,1,444,355,184,131,-1,0,0,-1
439,2,763,21,1157,527,-1,0,0,-1
439,3,263,170,444,136,-1,0,0,-1
440,1,444,355,184,131,-1,0,0,-1
440,2,763,21,1157,527,-1,0,0,-1
440,3,267,170,445,137,-1,0,0,-1
441,1,444,355,184,131,-1,0,0,-1
441,2,763,22,1154,526,-1,0,0,-1
441,3,270,170,445,137,-1,0,0,-1
442,1,444,355,184,131,-1,0,0,-1
442,2,763,22,1153,525,-1,0,0,-1
442,3,273,170,444,136,-1,0,0,-1
443,1,444,355,184,131,-1,0,0,-1
443,2,763,22,1153,525,-1,0,0,-1
443,3,275,170,444,136,-1,0,0,-1
444,1,444,355,184,131,-1,0,0,-1
444,2,763,23,1155,524,-1,0,0,-1
444,3,278,170,443,136,-1,0,0,-1
445,1,444,355,184,131,-1,0,0,-1
445,2,763,23,1155,524,-1,0,0,-1
445,3,281,170,443,136,-1,0,0,-1
446,1,444,355,184,131,-1,0,0,-1
446,2,762,23,1156,524,-1,0,0,-1
446,3,284,170,442,136,-1,0,0,-1
447,1,444,355,184,131,-1,0,0,-1
447,2,762,23,1156,524,-1,0,0,-1
447,3,286,170,442,136,-1,0,0,-1
448,1,444,355,184,131,-1,0,0,-1
448,2,762,23,1156,524,-1,0,0,-1
448,3,289,170,442,136,-1,0,0,-1
449,1,444,355,184,131,-1,0,0,-1
449,2,762,23,1156,524,-1,0,0,-1
449,3,291,170,443,136,-1,0,0,-1
450,1,444,355,184,131,-1,0,0,-1
450,2,763,25,1148,520,-1,0,0,-1
450,3,291,170,443,136,-1,0,0,-1
451,1,444,355,184,131,-1,0,0,-1
451,2,762,23,1156,524,-1,0,0,-1
451,3,296,170,442,136,-1,0,0,-1
452,1,444,355,184,131,-1,0,0,-1
452,2,763,26,1157,518,-1,0,0,-1
452,3,300,170,439,136,-1,0,0,-1
453,1,444,355,184,131,-1,0,0,-1
453,2,763,26,1157,518,-1,0,0,-1
453,3,304,170,436,136,-1,0,0,-1
454,1,444,355,184,131,-1,0,0,-1
454,2,757,26,1163,518,-1,0,0,-1
454,3,305,170,438,136,-1,0,0,-1
455,1,444,355,184,131,-1,0,0,-1
455,2,757,26,1163,518,-1,0,0,-1
455,3,306,170,437,136,-1,0,0,-1
456,1,444,355,184,131,-1,0,0,-1
456,2,757,28,1163,516,-1,0,0,-1
456,3,308,170,442,136,-1,0,0,-1
457,1,444,355,184,131,-1,0,0,-1
457,2,757,28,1163,516,-1,0,0,-1
457,3,312,170,438,136,-1,0,0,-1
458,1,444,355,184,131,-1,0,0,-1
458,2,757,28,1163,516,-1,0,0,-1
458,3,313,170,438,136,-1,0,0,-1
459,1,444,355,184,131,-1,0,0,-1
459,2,757,28,1163,516,-1,0,0,-1
459,3,315,170,439,136,-1,0,0,-1
460,1,444,355,184,131,-1,0,0,-1
460,2,757,28,1163,516,-1,0,0,-1
460,3,316,170,438,136,-1,0,0,-1
461,1,444,355,184,131,-1,0,0,-1
461,2,756,28,1163,516,-1,0,0,-1
461,3,317,170,439,136,-1,0,0,-1
462,1,444,355,184,131,-1,0,0,-1
462,2,759,32,1161,510,-1,0,0,-1
462,3,326,169,434,138,-1,0,0,-1
463,1,444,355,184,131,-1,0,0,-1
463,2,759,32,1161,510,-1,0,0,-1
463,3,328,169,433,138,-1,0,0,-1
464,1,444,355,184,131,-1,0,0,-1
464,2,759,32,1160,509,-1,0,0,-1
464,3,330,169,432,137,-1,0,0,-1
465,1,444,355,184,131,-1,0,0,-1
465,2,760,34,1155,507,-1,0,0,-1
465,3,333,168,435,140,-1,0,0,-1
466,1,444,355,184,131,-1,0,0,-1
466,2,753,32,1167,510,-1,0,0,-1
466,3,334,168,434,140,-1,0,0,-1
467,1,444,355,184,131,-1,0,0,-1
467,2,753,32,1167,510,-1,0,0,-1
467,3,341,168,433,139,-1,0,0,-1
468,1,444,355,184,131,-1,0,0,-1
468,2,753,32,1167,510,-1,0,0,-1
468,3,342,168,434,139,-1,0,0,-1
469,1,444,355,184,131,-1,0,0,-1
469,2,752,32,1167,510,-1,0,0,-1
469,3,343,168,436,139,-1,0,0,-1
470,1,444,355,184,131,-1,0,0,-1
470,2,753,32,1167,510,-1,0,0,-1
470,3,348,168,434,139,-1,0,0,-1
471,1,444,355,184,131,-1,0,0,-1
471,2,751,32,1168,511,-1,0,0,-1
471,3,350,168,434,139,-1,0,0,-1
472,1,444,355,184,131,-1,0,0,-1
472,2,753,32,1167,510,-1,0,0,-1
472,3,351,168,435,139,-1,0,0,-1
473,1,444,355,184,131,-1,0,0,-1
473,2,752,32,1168,510,-1,0,0,-1
473,3,355,168,434,139,-1,0,0,-1
474,1,444,355,184,131,-1,0,0,-1
474,2,754,36,1151,503,-1,0,0,-1
474,3,356,168,434,139,-1,0,0,-1
475,1,444,355,184,131,-1,0,0,-1
475,2,753,32,1167,510,-1,0,0,-1
475,3,358,168,435,139,-1,0,0,-1
476,1,444,355,184,131,-1,0,0,-1
476,2,753,32,1167,510,-1,0,0,-1
476,3,360,168,434,139,-1,0,0,-1
477,1,444,355,184,131,-1,0,0,-1
477,2,746,32,1174,510,-1,0,0,-1
477,3,361,168,436,139,-1,0,0,-1
478,1,444,355,184,131,-1,0,0,-1
478,2,746,32,1174,510,-1,0,0,-1
478,3,362,168,438,139,-1,0,0,-1
479,1,444,355,184,131,-1,0,0,-1
479,2,745,32,1174,510,-1,0,0,-1
479,3,367,168,437,139,-1,0,0,-1
480,1,444,355,184,131,-1,0,0,-1
480,2,746,33,1169,508,-1,0,0,-1
480,3,374,168,431,139,-1,0,0,-1
481,1,444,355,184,131,-1,0,0,-1
481,2,746,33,1171,509,-1,0,0,-1
481,3,375,168,430,139,-1,0,0,-1
482,1,444,355,184,131,-1,0,0,-1
482,2,746,32,1174,510,-1,0,0,-1
482,3,378,168,429,138,-1,0,0,-1
483,1,444,355,184,131,-1,0,0,-1
483,2,746,32,1174,510,-1,0,0,-1
483,3,378,168,433,138,-1,0,0,-1
484,1,444,355,184,131,-1,0,0,-1
484,2,740,35,1167,504,-1,0,0,-1
484,3,383,168,432,138,-1,0,0,-1
485,1,444,355,184,131,-1,0,0,-1
485,2,740,35,1167,504,-1,0,0,-1
485,3,384,168,431,138,-1,0,0,-1
486,1,444,355,184,131,-1,0,0,-1
486,2,740,36,1182,503,-1,0,0,-1
486,3,387,168,430,137,-1,0,0,-1
487,1,444,355,184,131,-1,0,0,-1
487,2,740,36,1180,503,-1,0,0,-1
487,3,387,169,432,136,-1,0,0,-1
488,1,444,355,184,131,-1,0,0,-1
488,2,740,36,1180,503,-1,0,0,-1
488,3,388,169,435,136,-1,0,0,-1
489,1,444,355,184,131,-1,0,0,-1
489,2,738,36,1182,503,-1,0,0,-1
489,3,396,169,428,136,-1,0,0,-1
490,1,444,355,184,131,-1,0,0,-1
490,2,738,36,1182,503,-1,0,0,-1
490,3,397,169,432,136,-1,0,0,-1
491,1,444,355,184,131,-1,0,0,-1
491,2,738,36,1182,503,-1,0,0,-1
491,3,402,169,427,136,-1,0,0,-1
492,1,444,355,184,131,-1,0,0,-1
492,2,737,36,1182,503,-1,0,0,-1
492,3,407,169,424,136,-1,0,0,-1
493,1,444,355,184,131,-1,0,0,-1
493,2,737,36,1182,503,-1,0,0,-1
493,3,408,169,426,136,-1,0,0,-1
494,1,444,355,184,131,-1,0,0,-1
494,2,737,36,1182,503,-1,0,0,-1
494,3,412,169,422,136,-1,0,0,-1
495,1,444,355,184,131,-1,0,0,-1
495,2,738,38,1184,500,-1,0,0,-1
495,3,413,169,426,136,-1,0,0,-1
496,1,444,355,184,131,-1,0,0,-1
496,2,733,38,1187,500,-1,0,0,-1
496,3,414,169,428,136,-1,0,0,-1
497,1,444,355,184,131,-1,0,0,-1
497,2,733,38,1187,500,-1,0,0,-1
497,3,419,169,425,136,-1,0,0,-1
498,1,444,355,184,131,-1,0,0,-1
498,2,733,38,1187,500,-1,0,0,-1
498,3,421,169,424,136,-1,0,0,-1
499,1,444,355,184,131,-1,0,0,-1
499,2,732,38,1187,500,-1,0,0,-1
499,3,422,169,428,136,-1,0,0,-1
500,1,444,355,184,131,-1,0,0,-1
500,2,732,38,1187,500,-1,0,0,-1
500,3,423,169,427,136,-1,0,0,-1
501,1,444,355,184,131,-1,0,0,-1
501,2,733,39,1188,497,-1,0,0,-1
501,3,425,169,431,136,-1,0,0,-1
502,1,444,355,184,131,-1,0,0,-1
502,2,733,39,1187,497,-1,0,0,-1
502,3,430,169,427,136,-1,0,0,-1
503,1,444,355,184,131,-1,0,0,-1
503,2,732,39,1187,497,-1,0,0,-1
503,3,432,169,426,136,-1,0,0,-1
504,1,444,355,184,131,-1,0,0,-1
504,2,733,39,1187,497,-1,0,0,-1
504,3,431,169,428,136,-1,0,0,-1
505,1,444,355,184,131,-1,0,0,-1
505,2,733,39,1187,497,-1,0,0,-1
505,3,437,169,426,136,-1,0,0,-1
506,1,444,355,184,131,-1,0,0,-1
506,2,732,39,1187,497,-1,0,0,-1
506,3,439,169,426,136,-1,0,0,-1
507,1,444,355,184,131,-1,0,0,-1
507,2,732,39,1188,497,-1,0,0,-1
507,3,440,169,429,136,-1,0,0,-1
508,1,444,355,184,131,-1,0,0,-1
508,2,733,39,1187,497,-1,0,0,-1
508,3,447,169,423,136,-1,0,0,-1
509,1,444,355,184,131,-1,0,0,-1
509,2,732,39,1188,496,-1,0,0,-1
509,3,448,169,423,136,-1,0,0,-1
510,1,444,355,184,131,-1,0,0,-1
510,2,732,39,1188,496,-1,0,0,-1
510,3,449,169,425,136,-1,0,0,-1
511,1,444,355,184,131,-1,0,0,-1
511,2,732,39,1188,496,-1,0,0,-1
511,3,456,169,422,136,-1,0,0,-1
512,1,444,355,184,131,-1,0,0,-1
512,2,731,39,1188,496,-1,0,0,-1
512,3,459,169,423,136,-1,0,0,-1
513,1,444,355,184,131,-1,0,0,-1
513,2,731,39,1188,496,-1,0,0,-1
513,3,460,169,423,136,-1,0,0,-1
514,1,444,355,184,131,-1,0,0,-1
514,2,726,39,1193,496,-1,0,0,-1
514,3,462,169,422,136,-1,0,0,-1
515,1,444,355,184,131,-1,0,0,-1
515,2,726,39,1193,496,-1,0,0,-1
515,3,467,169,420,130,-1,0,0,-1
516,1,444,355,184,131,-1,0,0,-1
516,2,726,39,1193,496,-1,0,0,-1
516,3,469,169,420,128,-1,0,0,-1
517,1,444,355,184,131,-1,0,0,-1
517,2,725,39,1193,496,-1,0,0,-1
517,3,471,169,421,128,-1,0,0,-1
518,1,444,355,184,131,-1,0,0,-1
518,2,725,39,1193,496,-1,0,0,-1
518,3,472,169,420,128,-1,0,0,-1
519,1,444,355,184,131,-1,0,0,-1
519,2,725,39,1193,496,-1,0,0,-1
519,3,475,169,419,127,-1,0,0,-1
520,1,444,355,184,131,-1,0,0,-1
520,2,725,39,1193,496,-1,0,0,-1
520,3,475,169,423,129,-1,0,0,-1
521,1,444,355,184,131,-1,0,0,-1
521,2,726,39,1193,496,-1,0,0,-1
521,3,478,169,423,129,-1,0,0,-1
522,1,444,355,184,131,-1,0,0,-1
522,2,727,42,1191,492,-1,0,0,-1
522,3,485,169,420,129,-1,0,0,-1
523,1,444,355,184,131,-1,0,0,-1
523,2,726,39,1193,496,-1,0,0,-1
523,3,487,167,419,131,-1,0,0,-1
524,1,444,355,184,131,-1,0,0,-1
524,2,724,39,1195,496,-1,0,0,-1
524,3,488,167,419,131,-1,0,0,-1
525,1,444,355,184,131,-1,0,0,-1
525,2,724,43,1195,492,-1,0,0,-1
525,3,492,167,418,131,-1,0,0,-1
526,1,444,355,184,131,-1,0,0,-1
526,2,724,45,1195,490,-1,0,0,-1
526,3,493,167,417,131,-1,0,0,-1
527,1,444,355,184,131,-1,0,0,-1
527,2,721,45,1198,490,-1,0,0,-1
527,3,495,167,421,131,-1,0,0,-1
528,1,444,355,184,131,-1,0,0,-1
528,2,721,45,1198,490,-1,0,0,-1
528,3,499,167,418,131,-1,0,0,-1
529,1,444,355,184,131,-1,0,0,-1
529,2,721,45,1191,490,-1,0,0,-1
529,3,502,167,417,131,-1,0,0,-1
530,1,444,355,184,131,-1,0,0,-1
530,2,721,45,1192,490,-1,0,0,-1
530,3,505,167,417,131,-1,0,0,-1
531,1,444,355,184,131,-1,0,0,-1
531,2,720,45,1191,490,-1,0,0,-1
531,3,506,167,420,131,-1,0,0,-1
532,1,444,355,184,131,-1,0,0,-1
532,2,720,45,1193,490,-1,0,0,-1
532,3,509,167,418,131,-1,0,0,-1
533,1,444,355,184,131,-1,0,0,-1
533,2,720,45,1189,490,-1,0,0,-1
533,3,510,167,418,131,-1,0,0,-1
534,1,444,355,184,131,-1,0,0,-1
534,2,721,46,1190,488,-1,0,0,-1
534,3,515,167,418,131,-1,0,0,-1
535,1,444,355,184,131,-1,0,0,-1
535,2,721,46,1188,488,-1,0,0,-1
535,3,516,167,418,131,-1,0,0,-1
536,1,444,355,184,131,-1,0,0,-1
536,2,721,46,1188,488,-1,0,0,-1
536,3,518,167,417,131,-1,0,0,-1
537,1,444,355,184,131,-1,0,0,-1
537,2,721,46,1186,488,-1,0,0,-1
537,3,524,168,415,128,-1,0,0,-1
538,1,444,355,184,131,-1,0,0,-1
538,2,721,46,1185,488,-1,0,0,-1
538,3,525,168,415,128,-1,0,0,-1
539,1,444,355,184,131,-1,0,0,-1
539,2,721,46,1184,488,-1,0,0,-1
539,3,528,168,415,127,-1,0,0,-1
540,1,444,355,184,131,-1,0,0,-1
540,2,720,46,1183,488,-1,0,0,-1
540,3,529,168,415,127,-1,0,0,-1
541,1,444,355,184,131,-1,0,0,-1
541,2,713,45,1190,489,-1,0,0,-1
541,3,531,168,417,126,-1,0,0,-1
542,1,444,355,184,131,-1,0,0,-1
542,2,713,45,1187,489,-1,0,0,-1
542,3,532,168,417,126,-1,0,0,-1
543,1,444,355,184,131,-1,0,0,-1
543,2,713,45,1188,489,-1,0,0,-1
543,3,538,168,415,126,-1,0,0,-1
544,1,444,355,184,131,-1,0,0,-1
544,2,713,45,1189,489,-1,0,0,-1
544,3,539,168,415,126,-1,0,0,-1
545,1,444,355,184,131,-1,0,0,-1
545,2,712,45,1187,489,-1,0,0,-1
545,3,544,168,415,126,-1,0,0,-1
546,1,444,355,184,131,-1,0,0,-1
546,2,713,46,1184,487,-1,0,0,-1
546,3,545,168,417,126,-1,0,0,-1
547,1,444,355,184,131,-1,0,0,-1
547,2,712,45,1180,489,-1,0,0,-1
547,3,549,166,417,128,-1,0,0,-1
548,1,444,355,184,131,-1,0,0,-1
548,2,712,45,1182,489,-1,0,0,-1
548,3,550,166,417,128,-1,0,0,-1
549,1,444,355,184,131,-1,0,0,-1
549,2,712,45,1183,489,-1,0,0,-1
549,3,552,166,416,128,-1,0,0,-1
550,1,444,355,184,131,-1,0,0,-1
550,2,713,49,1179,485,-1,0,0,-1
550,3,549,166,420,129,-1,0,0,-1
551,1,444,355,184,131,-1,0,0,-1
551,2,713,49,1178,485,-1,0,0,-1
551,3,559,166,416,128,-1,0,0,-1
552,1,444,355,184,131,-1,0,0,-1
552,2,712,49,1177,485,-1,0,0,-1
552,3,562,166,416,128,-1,0,0,-1
553,1,444,355,184,131,-1,0,0,-1
553,2,712,49,1180,485,-1,0,0,-1
553,3,564,166,417,128,-1,0,0,-1
554,1,444,355,184,131,-1,0,0,-1
554,2,712,49,1178,485,-1,0,0,-1
554,3,567,166,415,127,-1,0,0,-1
555,1,444,355,184,131,-1,0,0,-1
555,2,712,49,1177,485,-1,0,0,-1
555,3,570,166,415,127,-1,0,0,-1
556,1,444,355,184,131,-1,0,0,-1
556,2,711,49,1176,485,-1,0,0,-1
556,3,572,166,415,127,-1,0,0,-1
557,1,444,355,184,131,-1,0,0,-1
557,2,709,49,1173,485,-1,0,0,-1
557,3,575,166,414,127,-1,0,0,-1
558,1,444,355,184,131,-1,0,0,-1
558,2,709,49,1178,485,-1,0,0,-1
558,3,576,166,413,127,-1,0,0,-1
559,1,444,355,184,131,-1,0,0,-1
559,2,709,49,1172,485,-1,0,0,-1
559,3,579,166,411,126,-1,0,0,-1
560,1,444,355,184,131,-1,0,0,-1
560,2,708,49,1172,485,-1,0,0,-1
560,3,583,167,412,125,-1,0,0,-1
561,1,444,355,184,131,-1,0,0,-1
561,2,708,49,1172,485,-1,0,0,-1
561,3,584,167,412,125,-1,0,0,-1
562,1,444,355,184,131,-1,0,0,-1
562,2,706,49,1172,485,-1,0,0,-1
562,3,587,167,411,124,-1,0,0,-1
563,1,444,355,184,131,-1,0,0,-1
563,2,706,49,1173,485,-1,0,0,-1
563,3,591,167,411,124,-1,0,0,-1
564,1,444,355,184,131,-1,0,0,-1
564,2,706,49,1170,485,-1,0,0,-1
564,3,593,167,411,124,-1,0,0,-1
565,1,444,355,184,131,-1,0,0,-1
565,2,705,49,1172,485,-1,0,0,-1
565,3,592,167,413,125,-1,0,0,-1
566,1,444,355,184,131,-1,0,0,-1
566,2,705,49,1170,485,-1,0,0,-1
566,3,599,167,410,124,-1,0,0,-1
567,1,444,355,184,131,-1,0,0,-1
567,2,705,49,1171,485,-1,0,0,-1
567,3,601,167,410,124,-1,0,0,-1
568,1,444,355,184,131,-1,0,0,-1
568,2,705,49,1168,485,-1,0,0,-1
568,3,604,167,410,124,-1,0,0,-1
569,1,444,355,184,131,-1,0,0,-1
569,2,704,49,1170,485,-1,0,0,-1
569,3,607,167,410,124,-1,0,0,-1
570,1,444,355,184,131,-1,0,0,-1
570,2,705,49,1166,485,-1,0,0,-1
570,3,610,167,408,123,-1,0,0,-1
571,1,444,355,184,131,-1,0,0,-1
571,2,703,49,1165,485,-1,0,0,-1
571,3,611,167,408,123,-1,0,0,-1
572,1,444,355,184,131,-1,0,0,-1
572,2,705,49,1166,486,-1,0,0,-1
572,3,612,165,411,124,-1,0,0,-1
573,1,444,355,184,131,-1,0,0,-1
573,2,706,49,1164,485,-1,0,0,-1
573,3,615,165,411,124,-1,0,0,-1
574,1,444,355,184,131,-1,0,0,-1
574,2,702,48,1167,487,-1,0,0,-1
574,3,616,165,411,124,-1,0,0,-1
575,1,444,355,184,131,-1,0,0,-1
575,2,705,49,1161,485,-1,0,0,-1
575,3,618,165,410,124,-1,0,0,-1
576,1,444,355,184,131,-1,0,0,-1
576,2,705,49,1161,485,-1,0,0,-1
576,3,623,165,410,124,-1,0,0,-1
577,1,444,355,184,131,-1,0,0,-1
577,2,705,49,1157,485,-1,0,0,-1
577,3,625,165,410,124,-1,0,0,-1
578,1,444,355,184,131,-1,0,0,-1
578,2,705,49,1161,485,-1,0,0,-1
578,3,626,165,410,124,-1,0,0,-1
579,1,444,355,184,131,-1,0,0,-1
579,2,705,49,1156,485,-1,0,0,-1
579,3,628,165,409,124,-1,0,0,-1
580,1,444,355,184,131,-1,0,0,-1
580,2,704,49,1155,485,-1,0,0,-1
580,3,633,166,406,121,-1,0,0,-1
581,1,444,355,184,131,-1,0,0,-1
581,2,704,49,1154,485,-1,0,0,-1
581,3,634,166,408,121,-1,0,0,-1
582,1,444,355,184,131,-1,0,0,-1
582,2,700,49,1157,485,-1,0,0,-1
582,3,635,166,411,121,-1,0,0,-1
583,1,444,355,184,131,-1,0,0,-1
583,2,700,49,1161,485,-1,0,0,-1
583,3,640,166,412,121,-1,0,0,-1
584,1,444,355,184,131,-1,0,0,-1
584,2,700,49,1158,485,-1,0,0,-1
584,3,641,166,412,121,-1,0,0,-1
585,1,444,355,184,131,-1,0,0,-1
585,2,700,49,1155,485,-1,0,0,-1
585,3,644,166,410,120,-1,0,0,-1
586,1,444,355,184,131,-1,0,0,-1
586,2,700,49,1153,485,-1,0,0,-1
586,3,648,166,411,121,-1,0,0,-1
587,1,444,355,184,131,-1,0,0,-1
587,2,700,49,1153,485,-1,0,0,-1
587,3,650,166,411,121,-1,0,0,-1
588,1,444,355,184,131,-1,0,0,-1
588,2,699,49,1153,485,-1,0,0,-1
588,3,653,166,408,121,-1,0,0,-1
589,1,444,355,184,131,-1,0,0,-1
589,2,699,49,1152,485,-1,0,0,-1
589,3,654,166,408,121,-1,0,0,-1
590,1,444,355,184,131,-1,0,0,-1
590,2,699,49,1154,485,-1,0,0,-1
590,3,655,166,408,121,-1,0,0,-1
591,1,444,355,184,131,-1,0,0,-1
591,2,698,48,1155,486,-1,0,0,-1
591,3,653,164,416,123,-1,0,0,-1
592,1,444,355,184,131,-1,0,0,-1
592,2,700,49,1150,485,-1,0,0,-1
592,3,663,166,407,121,-1,0,0,-1
593,1,444,355,184,131,-1,0,0,-1
593,2,700,49,1157,485,-1,0,0,-1
593,3,666,166,407,121,-1,0,0,-1
594,1,444,355,184,131,-1,0,0,-1
594,2,698,48,1153,486,-1,0,0,-1
594,3,669,166,407,121,-1,0,0,-1
595,1,444,355,184,131,-1,0,0,-1
595,2,700,49,1147,485,-1,0,0,-1
595,3,671,166,406,120,-1,0,0,-1
596,1,444,355,184,131,-1,0,0,-1
596,2,695,47,1151,487,-1,0,0,-1
596,3,673,165,407,121,-1,0,0,-1
597,1,444,355,184,131,-1,0,0,-1
597,2,698,49,1148,485,-1,0,0,-1
597,3,676,165,406,121,-1,0,0,-1
598,1,444,355,184,131,-1,0,0,-1
598,2,697,49,1144,485,-1,0,0,-1
598,3,679,165,406,121,-1,0,0,-1
599,1,444,355,184,131,-1,0,0,-1
599,2,698,49,1144,485,-1,0,0,-1
599,3,681,165,406,120,-1,0,0,-1
600,1,444,355,184,131,-1,0,0,-1
600,2,697,49,1145,485,-1,0,0,-1
600,3,684,165,406,126,-1,0,0,-1
601,1,444,355,184,131,-1,0,0,-1
601,2,696,49,1144,485,-1,0,0,-1
601,3,685,165,406,126,-1,0,0,-1
602,1,444,355,184,131,-1,0,0,-1
602,2,693,49,1148,485,-1,0,0,-1
602,3,687,165,406,126,-1,0,0,-1
603,1,444,355,184,131,-1,0,0,-1
603,2,694,49,1147,485,-1,0,0,-1
603,3,693,166,400,124,-1,0,0,-1
604,1,444,355,184,131,-1,0,0,-1
604,2,694,49,1145,485,-1,0,0,-1
604,3,694,165,405,126,-1,0,0,-1
605,1,444,355,184,131,-1,0,0,-1
605,2,694,49,1141,485,-1,0,0,-1
605,3,697,165,405,126,-1,0,0,-1
606,1,444,355,184,131,-1,0,0,-1
606,2,695,49,1138,485,-1,0,0,-1
606,3,700,165,404,125,-1,0,0,-1
607,1,444,355,184,131,-1,0,0,-1
607,2,694,49,1142,485,-1,0,0,-1
607,3,702,165,404,125,-1,0,0,-1
608,1,444,355,184,131,-1,0,0,-1
608,2,696,49,1139,485,-1,0,0,-1
608,3,705,165,405,126,-1,0,0,-1
609,1,444,355,184,131,-1,0,0,-1
609,2,691,49,1142,485,-1,0,0,-1
609,3,707,164,404,126,-1,0,0,-1
610,1,444,355,184,131,-1,0,0,-1
610,2,694,49,1138,485,-1,0,0,-1
610,3,710,165,404,125,-1,0,0,-1
611,1,444,355,184,131,-1,0,0,-1
611,2,693,49,1137,485,-1,0,0,-1
611,3,713,164,404,125,-1,0,0,-1
612,1,444,355,184,131,-1,0,0,-1
612,2,693,49,1138,485,-1,0,0,-1
612,3,715,164,404,125,-1,0,0,-1
613,1,444,355,184,131,-1,0,0,-1
613,2,700,49,1131,485,-1,0,0,-1
613,3,717,164,404,125,-1,0,0,-1
614,1,444,355,184,131,-1,0,0,-1
614,2,691,49,1138,485,-1,0,0,-1
614,3,720,164,404,125,-1,0,0,-1
615,1,444,355,184,131,-1,0,0,-1
615,2,699,49,1128,485,-1,0,0,-1
615,3,720,164,404,125,-1,0,0,-1
616,1,444,355,184,131,-1,0,0,-1
616,2,699,49,1126,485,-1,0,0,-1
616,3,725,164,404,125,-1,0,0,-1
617,1,444,355,184,131,-1,0,0,-1
617,2,699,58,1128,476,-1,0,0,-1
617,3,725,164,404,125,-1,0,0,-1
618,1,444,355,184,131,-1,0,0,-1
618,2,699,58,1127,476,-1,0,0,-1
618,3,730,164,404,125,-1,0,0,-1
619,1,444,355,184,131,-1,0,0,-1
619,2,699,58,1127,476,-1,0,0,-1
619,3,737,164,398,125,-1,0,0,-1
620,1,444,355,184,131,-1,0,0,-1
620,2,699,58,1126,476,-1,0,0,-1
620,3,738,164,397,125,-1,0,0,-1
621,1,444,355,184,131,-1,0,0,-1
621,2,698,58,1123,476,-1,0,0,-1
621,3,740,164,398,125,-1,0,0,-1
622,1,444,355,184,131,-1,0,0,-1
622,2,698,58,1124,476,-1,0,0,-1
622,3,745,164,397,125,-1,0,0,-1
623,1,444,355,184,131,-1,0,0,-1
623,2,698,58,1126,476,-1,0,0,-1
623,3,747,164,397,125,-1,0,0,-1
624,1,444,355,184,131,-1,0,0,-1
624,2,689,58,1133,476,-1,0,0,-1
624,3,750,163,397,125,-1,0,0,-1
625,1,444,355,184,131,-1,0,0,-1
625,2,689,58,1131,476,-1,0,0,-1
625,3,753,163,397,125,-1,0,0,-1
626,1,444,355,184,131,-1,0,0,-1
626,2,689,58,1131,476,-1,0,0,-1
626,3,755,163,397,125,-1,0,0,-1
627,1,444,355,184,131,-1,0,0,-1
627,2,689,58,1131,476,-1,0,0,-1
627,3,754,163,401,125,-1,0,0,-1
628,1,444,355,184,131,-1,0,0,-1
628,2,688,58,1129,476,-1,0,0,-1
628,3,755,163,401,125,-1,0,0,-1
629,1,444,355,184,131,-1,0,0,-1
629,2,688,58,1128,476,-1,0,0,-1
629,3,757,163,401,125,-1,0,0,-1
630,1,444,355,184,131,-1,0,0,-1
630,2,688,58,1126,476,-1,0,0,-1
630,3,762,163,401,125,-1,0,0,-1
631,1,444,355,184,131,-1,0,0,-1
631,2,688,58,1128,476,-1,0,0,-1
631,3,766,164,392,122,-1,0,0,-1
632,1,444,355,184,131,-1,0,0,-1
632,2,688,58,1124,476,-1,0,0,-1
632,3,767,163,400,125,-1,0,0,-1
633,1,444,355,184,131,-1,0,0,-1
633,2,689,58,1126,476,-1,0,0,-1
633,3,769,163,400,125,-1,0,0,-1
634,1,444,355,184,131,-1,0,0,-1
634,2,689,58,1119,476,-1,0,0,-1
634,3,772,163,400,125,-1,0,0,-1
635,1,444,355,184,131,-1,0,0,-1
635,2,688,58,1123,477,-1,0,0,-1
635,3,775,163,400,125,-1,0,0,-1
636,1,444,355,184,131,-1,0,0,-1
636,2,687,57,1125,477,-1,0,0,-1
636,3,777,163,399,125,-1,0,0,-1
637,1,444,355,184,131,-1,0,0,-1
637,2,683,58,1124,476,-1,0,0,-1
637,3,779,162,400,125,-1,0,0,-1
638,1,444,355,184,131,-1,0,0,-1
638,2,684,56,1122,478,-1,0,0,-1
638,3,782,162,400,125,-1,0,0,-1
639,1,444,355,184,131,-1,0,0,-1
639,2,685,58,1121,476,-1,0,0,-1
639,3,785,162,399,125,-1,0,0,-1
640,1,444,355,184,131,-1,0,0,-1
640,2,684,58,1121,476,-1,0,0,-1
640,3,787,162,399,124,-1,0,0,-1
641,1,444,355,184,131,-1,0,0,-1
641,2,683,58,1123,476,-1,0,0,-1
641,3,790,162,399,124,-1,0,0,-1
642,1,444,355,184,131,-1,0,0,-1
642,2,685,58,1119,476,-1,0,0,-1
642,3,792,162,400,125,-1,0,0,-1
643,1,444,355,184,131,-1,0,0,-1
643,2,683,58,1119,476,-1,0,0,-1
643,3,793,162,399,124,-1,0,0,-1
644,1,444,355,184,131,-1,0,0,-1
644,2,681,58,1122,476,-1,0,0,-1
644,3,798,162,399,124,-1,0,0,-1
645,1,444,355,184,131,-1,0,0,-1
645,2,683,58,1122,476,-1,0,0,-1
645,3,800,162,398,124,-1,0,0,-1
646,1,444,355,184,131,-1,0,0,-1
646,2,682,58,1118,476,-1,0,0,-1
646,3,802,162,399,124,-1,0,0,-1
647,1,444,355,184,131,-1,0,0,-1
647,2,685,58,1116,476,-1,0,0,-1
647,3,802,162,399,124,-1,0,0,-1
648,1,444,355,184,131,-1,0,0,-1
648,2,683,58,1116,476,-1,0,0,-1
648,3,803,162,405,124,-1,0,0,-1
649,1,444,355,184,131,-1,0,0,-1
649,2,682,58,1119,476,-1,0,0,-1
649,3,804,162,405,124,-1,0,0,-1
650,1,444,355,184,131,-1,0,0,-1
650,2,679,58,1119,476,-1,0,0,-1
650,3,807,162,403,123,-1,0,0,-1
651,1,444,355,184,131,-1,0,0,-1
651,2,685,58,1112,476,-1,0,0,-1
651,3,807,161,411,126,-1,0,0,-1
652,1,444,355,184,131,-1,0,0,-1
652,2,683,58,1113,476,-1,0,0,-1
652,3,813,162,404,124,-1,0,0,-1
653,1,444,355,184,131,-1,0,0,-1
653,2,682,58,1118,476,-1,0,0,-1
653,3,816,162,404,124,-1,0,0,-1
654,1,444,355,184,131,-1,0,0,-1
654,2,680,58,1114,476,-1,0,0,-1
654,3,818,161,405,124,-1,0,0,-1
655,1,444,355,184,131,-1,0,0,-1
655,2,682,58,1111,476,-1,0,0,-1
655,3,821,161,404,124,-1,0,0,-1
656,1,444,355,184,131,-1,0,0,-1
656,2,682,58,1109,476,-1,0,0,-1
656,3,824,161,404,124,-1,0,0,-1
657,1,444,355,184,131,-1,0,0,-1
657,2,682,58,1109,476,-1,0,0,-1
657,3,825,161,404,124,-1,0,0,-1
658,1,444,355,184,131,-1,0,0,-1
658,2,682,58,1109,476,-1,0,0,-1
658,3,826,160,408,125,-1,0,0,-1
659,1,444,355,184,131,-1,0,0,-1
659,2,680,58,1112,477,-1,0,0,-1
659,3,831,161,404,124,-1,0,0,-1
660,1,444,355,184,131,-1,0,0,-1
660,2,682,58,1102,477,-1,0,0,-1
660,3,834,161,404,124,-1,0,0,-1
661,1,444,355,184,131,-1,0,0,-1
661,2,677,58,1109,476,-1,0,0,-1
661,3,836,161,403,123,-1,0,0,-1
662,1,444,355,184,131,-1,0,0,-1
662,2,680,57,1104,478,-1,0,0,-1
662,3,839,161,403,123,-1,0,0,-1
663,1,444,355,184,131,-1,0,0,-1
663,2,681,58,1105,476,-1,0,0,-1
663,3,842,161,403,123,-1,0,0,-1
664,1,444,355,184,131,-1,0,0,-1
664,2,677,58,1107,476,-1,0,0,-1
664,3,844,161,403,124,-1,0,0,-1
665,1,444,355,184,131,-1,0,0,-1
665,2,677,57,1104,477,-1,0,0,-1
665,3,847,161,403,123,-1,0,0,-1
666,1,444,355,184,131,-1,0,0,-1
666,2,679,58,1106,476,-1,0,0,-1
666,3,847,161,403,123,-1,0,0,-1
667,1,444,355,184,131,-1,0,0,-1
667,2,678,58,1107,476,-1,0,0,-1
667,3,852,161,403,123,-1,0,0,-1
668,1,444,355,184,131,-1,0,0,-1
668,2,679,58,1103,476,-1,0,0,-1
668,3,854,160,403,123,-1,0,0,-1
669,1,444,355,184,131,-1,0,0,-1
669,2,680,58,1102,476,-1,0,0,-1
669,3,857,160,402,123,-1,0,0,-1
670,1,444,355,184,131,-1,0,0,-1
670,2,677,58,1104,476,-1,0,0,-1
670,3,859,160,403,123,-1,0,0,-1
671,1,444,355,184,131,-1,0,0,-1
671,2,676,58,1108,476,-1,0,0,-1
671,3,860,160,402,123,-1,0,0,-1
672,1,444,355,184,131,-1,0,0,-1
672,2,677,58,1106,476,-1,0,0,-1
672,3,865,160,402,123,-1,0,0,-1
673,1,444,355,184,131,-1,0,0,-1
673,2,678,58,1101,476,-1,0,0,-1
673,3,865,160,402,123,-1,0,0,-1
674,1,444,355,184,131,-1,0,0,-1
674,2,675,58,1104,476,-1,0,0,-1
674,3,865,160,402,123,-1,0,0,-1
675,1,444,355,184,131,-1,0,0,-1
675,2,673,58,1105,476,-1,0,0,-1
675,3,874,160,400,122,-1,0,0,-1
676,1,444,355,184,131,-1,0,0,-1
676,2,673,58,1105,476,-1,0,0,-1
676,3,875,160,400,122,-1,0,0,-1
