3,1,0,0.951557,9,15,1899,457,-1,-1,-1,-1
3,2,4,0.889587,913,294,301,181,-1,-1,-1,-1
4,1,0,0.950389,10,15,1897,458,-1,-1,-1,-1
4,2,4,0.888385,913,295,300,180,-1,-1,-1,-1
5,1,0,0.951679,9,15,1899,458,-1,-1,-1,-1
5,2,4,0.887481,912,295,301,180,-1,-1,-1,-1
6,1,0,0.950315,10,14,1897,459,-1,-1,-1,-1
6,2,4,0.889491,911,295,302,180,-1,-1,-1,-1
7,1,0,0.951652,9,15,1899,458,-1,-1,-1,-1
7,2,4,0.889143,911,295,303,180,-1,-1,-1,-1
8,1,0,0.953886,10,15,1898,457,-1,-1,-1,-1
8,2,4,0.889332,912,295,302,180,-1,-1,-1,-1
9,1,0,0.953908,11,14,1896,457,-1,-1,-1,-1
9,2,4,0.890273,913,294,300,180,-1,-1,-1,-1
10,1,0,0.951519,11,14,1896,458,-1,-1,-1,-1
10,2,4,0.888575,913,295,300,179,-1,-1,-1,-1
11,1,0,0.950226,11,14,1896,459,-1,-1,-1,-1
11,2,4,0.884772,912,294,302,181,-1,-1,-1,-1
12,1,0,0.949481,11,15,1896,459,-1,-1,-1,-1
12,2,4,0.882294,913,295,299,180,-1,-1,-1,-1
13,1,0,0.952468,10,15,1898,457,-1,-1,-1,-1
13,2,4,0.883362,912,294,301,181,-1,-1,-1,-1
14,1,0,0.950761,11,14,1896,458,-1,-1,-1,-1
14,2,4,0.880184,913,295,298,180,-1,-1,-1,-1
15,1,0,0.951883,11,14,1896,458,-1,-1,-1,-1
15,2,4,0.878559,912,294,300,181,-1,-1,-1,-1
16,1,0,0.952212,10,15,1896,457,-1,-1,-1,-1
16,2,4,0.878545,912,295,298,180,-1,-1,-1,-1
17,1,0,0.952254,9,14,1897,458,-1,-1,-1,-1
17,2,4,0.874165,910,294,301,181,-1,-1,-1,-1
18,1,0,0.9524,9,15,1897,458,-1,-1,-1,-1
18,2,4,0.881204,911,293,301,182,-1,-1,-1,-1
19,1,0,0.953444,9,15,1898,456,-1,-1,-1,-1
19,2,4,0.884258,912,293,299,181,-1,-1,-1,-1
20,1,0,0.953085,11,14,1896,457,-1,-1,-1,-1
20,2,4,0.880472,910,292,302,183,-1,-1,-1,-1
21,1,0,0.953781,11,14,1896,457,-1,-1,-1,-1
21,2,4,0.877658,911,292,300,183,-1,-1,-1,-1
22,1,0,0.952936,11,14,1896,457,-1,-1,-1,-1
22,2,4,0.875283,911,292,299,183,-1,-1,-1,-1
23,1,0,0.954009,10,15,1898,456,-1,-1,-1,-1
23,2,4,0.879954,911,292,299,182,-1,-1,-1,-1
24,1,0,0.952909,11,14,1896,457,-1,-1,-1,-1
24,2,4,0.881156,911,293,299,181,-1,-1,-1,-1
25,1,0,0.952896,10,15,1898,457,-1,-1,-1,-1
25,2,4,0.876952,911,292,300,183,-1,-1,-1,-1
26,1,0,0.952389,11,14,1896,458,-1,-1,-1,-1
26,2,4,0.871835,911,292,300,183,-1,-1,-1,-1
27,1,0,0.950769,11,14,1896,459,-1,-1,-1,-1
27,2,4,0.868922,910,292,300,183,-1,-1,-1,-1
28,1,0,0.951644,10,15,1898,458,-1,-1,-1,-1
28,2,4,0.865421,909,292,300,183,-1,-1,-1,-1
29,1,0,0.95314,10,15,1898,457,-1,-1,-1,-1
29,2,4,0.865736,910,292,300,182,-1,-1,-1,-1
30,1,0,0.953961,11,14,1896,457,-1,-1,-1,-1
30,2,4,0.87168,911,292,298,181,-1,-1,-1,-1
31,1,0,0.956376,10,15,1897,455,-1,-1,-1,-1
31,2,4,0.875991,911,292,298,181,-1,-1,-1,-1
32,1,0,0.956453,10,15,1898,454,-1,-1,-1,-1
32,2,4,0.871961,910,291,300,182,-1,-1,-1,-1
33,1,0,0.955873,11,14,1896,455,-1,-1,-1,-1
33,2,4,0.868826,910,291,300,182,-1,-1,-1,-1
34,1,0,0.954575,11,14,1896,456,-1,-1,-1,-1
34,2,4,0.870472,910,291,300,182,-1,-1,-1,-1
35,1,0,0.954327,11,14,1896,456,-1,-1,-1,-1
35,2,4,0.87354,909,290,302,184,-1,-1,-1,-1
36,1,0,0.951799,10,14,1897,458,-1,-1,-1,-1
36,2,4,0.870193,909,290,302,184,-1,-1,-1,-1
37,1,0,0.95406,10,15,1897,456,-1,-1,-1,-1
37,2,4,0.87541,908,290,303,184,-1,-1,-1,-1
38,1,0,0.955238,11,15,1895,455,-1,-1,-1,-1
38,2,4,0.8756,908,290,304,184,-1,-1,-1,-1
39,1,0,0.953299,11,14,1895,457,-1,-1,-1,-1
39,2,4,0.873832,905,291,307,183,-1,-1,-1,-1
40,1,0,0.954835,11,14,1895,458,-1,-1,-1,-1
40,2,4,0.861121,905,291,305,182,-1,-1,-1,-1
41,1,0,0.95414,10,14,1897,457,-1,-1,-1,-1
41,2,4,0.857777,905,290,307,183,-1,-1,-1,-1
42,1,0,0.953839,11,14,1895,458,-1,-1,-1,-1
42,2,4,0.852466,905,290,305,182,-1,-1,-1,-1
43,1,0,0.952144,11,14,1896,459,-1,-1,-1,-1
43,2,4,0.850307,906,290,304,182,-1,-1,-1,-1
44,1,0,0.951689,10,14,1897,460,-1,-1,-1,-1
44,2,4,0.858684,906,289,306,183,-1,-1,-1,-1
45,1,0,0.950337,10,14,1897,460,-1,-1,-1,-1
45,2,4,0.858328,906,289,306,184,-1,-1,-1,-1
46,1,0,0.949672,10,14,1897,461,-1,-1,-1,-1
46,2,4,0.862977,906,290,305,183,-1,-1,-1,-1
47,1,0,0.949255,9,14,1899,461,-1,-1,-1,-1
47,2,4,0.858023,906,289,306,185,-1,-1,-1,-1
48,1,0,0.952541,10,14,1898,458,-1,-1,-1,-1
48,2,4,0.858065,907,289,305,184,-1,-1,-1,-1
49,1,0,0.953341,11,13,1896,458,-1,-1,-1,-1
49,2,4,0.867303,906,288,306,185,-1,-1,-1,-1
50,1,0,0.954284,10,14,1898,457,-1,-1,-1,-1
50,2,4,0.873556,906,287,308,187,-1,-1,-1,-1
51,1,0,0.954632,11,15,1896,455,-1,-1,-1,-1
51,2,4,0.879919,904,288,310,186,-1,-1,-1,-1
52,1,0,0.954397,11,15,1896,455,-1,-1,-1,-1
52,2,4,0.874662,904,288,311,186,-1,-1,-1,-1
53,1,0,0.952516,10,14,1897,457,-1,-1,-1,-1
53,2,4,0.866103,904,288,310,185,-1,-1,-1,-1
54,1,0,0.951235,10,14,1897,458,-1,-1,-1,-1
54,2,4,0.872028,906,288,308,185,-1,-1,-1,-1
55,1,0,0.950742,10,15,1897,458,-1,-1,-1,-1
55,2,4,0.871245,906,287,308,186,-1,-1,-1,-1
56,1,0,0.947166,10,14,1898,460,-1,-1,-1,-1
56,2,4,0.870079,905,286,310,188,-1,-1,-1,-1
57,1,0,0.952583,9,15,1899,457,-1,-1,-1,-1
57,2,4,0.869445,905,287,309,186,-1,-1,-1,-1
58,1,0,0.954789,10,15,1898,455,-1,-1,-1,-1
58,2,4,0.872498,907,287,306,185,-1,-1,-1,-1
59,1,0,0.955483,11,14,1896,455,-1,-1,-1,-1
59,2,4,0.866554,909,287,304,185,-1,-1,-1,-1
60,1,0,0.955826,10,15,1899,454,-1,-1,-1,-1
60,2,4,0.861523,908,286,306,186,-1,-1,-1,-1
61,1,0,0.955235,11,14,1897,454,-1,-1,-1,-1
61,2,4,0.864814,908,286,306,186,-1,-1,-1,-1
62,1,0,0.954658,11,14,1897,455,-1,-1,-1,-1
62,2,4,0.857086,907,285,308,188,-1,-1,-1,-1
63,1,0,0.953966,11,14,1897,456,-1,-1,-1,-1
63,2,4,0.857662,908,285,306,187,-1,-1,-1,-1
64,1,0,0.952182,10,14,1898,457,-1,-1,-1,-1
64,2,4,0.856003,908,284,307,187,-1,-1,-1,-1
65,1,0,0.952166,10,14,1898,457,-1,-1,-1,-1
65,2,4,0.85251,909,285,306,187,-1,-1,-1,-1
66,1,0,0.953143,10,14,1898,457,-1,-1,-1,-1
66,2,4,0.84902,910,285,304,186,-1,-1,-1,-1
67,1,0,0.95375,11,14,1896,458,-1,-1,-1,-1
67,2,4,0.847249,910,285,304,187,-1,-1,-1,-1
68,1,0,0.954923,10,14,1898,457,-1,-1,-1,-1
68,2,4,0.832874,911,285,302,186,-1,-1,-1,-1
69,1,0,0.953979,11,13,1896,458,-1,-1,-1,-1
69,2,4,0.839959,911,285,302,186,-1,-1,-1,-1
70,1,0,0.954505,9,14,1899,457,-1,-1,-1,-1
70,2,4,0.837382,912,285,300,186,-1,-1,-1,-1
71,1,0,0.952925,9,13,1899,457,-1,-1,-1,-1
71,2,4,0.839165,913,285,300,186,-1,-1,-1,-1
72,1,0,0.954873,10,14,1898,455,-1,-1,-1,-1
72,2,4,0.832122,911,284,303,187,-1,-1,-1,-1
73,1,0,0.955229,11,14,1896,454,-1,-1,-1,-1
73,2,4,0.831735,912,284,301,186,-1,-1,-1,-1
74,1,0,0.956055,11,14,1896,454,-1,-1,-1,-1
74,2,4,0.828175,912,283,302,187,-1,-1,-1,-1
75,1,0,0.955667,11,15,1896,453,-1,-1,-1,-1
75,2,4,0.828346,913,283,300,187,-1,-1,-1,-1
76,1,0,0.954071,11,14,1896,455,-1,-1,-1,-1
76,2,4,0.805939,915,283,297,188,-1,-1,-1,-1
77,1,0,0.954192,11,13,1896,457,-1,-1,-1,-1
77,2,4,0.806472,914,282,299,189,-1,-1,-1,-1
78,1,0,0.953622,10,13,1898,457,-1,-1,-1,-1
78,2,4,0.793247,913,282,300,189,-1,-1,-1,-1
79,1,0,0.953121,10,13,1898,457,-1,-1,-1,-1
79,2,4,0.766243,915,282,298,188,-1,-1,-1,-1
80,1,0,0.952932,10,13,1898,457,-1,-1,-1,-1
80,2,4,0.766727,914,281,300,190,-1,-1,-1,-1
81,1,0,0.952693,9,13,1899,457,-1,-1,-1,-1
81,2,4,0.764512,915,281,297,189,-1,-1,-1,-1
82,1,0,0.95253,10,13,1898,457,-1,-1,-1,-1
82,2,4,0.799351,914,282,299,190,-1,-1,-1,-1
83,1,0,0.952583,10,13,1898,458,-1,-1,-1,-1
83,2,4,0.817701,914,282,298,189,-1,-1,-1,-1
84,1,0,0.953963,10,14,1898,456,-1,-1,-1,-1
84,2,4,0.827055,912,281,301,190,-1,-1,-1,-1
85,1,0,0.953502,10,14,1898,455,-1,-1,-1,-1
85,2,4,0.835009,912,281,302,191,-1,-1,-1,-1
86,1,0,0.952447,11,14,1896,456,-1,-1,-1,-1
86,2,4,0.835131,913,281,300,190,-1,-1,-1,-1
87,1,0,0.952652,10,13,1898,457,-1,-1,-1,-1
87,2,4,0.836133,913,280,301,192,-1,-1,-1,-1
88,1,0,0.952873,10,14,1898,456,-1,-1,-1,-1
88,2,4,0.839102,912,280,303,192,-1,-1,-1,-1
89,1,0,0.952659,10,15,1898,455,-1,-1,-1,-1
89,2,4,0.843271,913,280,303,192,-1,-1,-1,-1
90,1,0,0.952731,11,14,1896,456,-1,-1,-1,-1
90,2,4,0.830886,914,280,302,192,-1,-1,-1,-1
91,1,0,0.953545,10,15,1898,455,-1,-1,-1,-1
91,2,4,0.83676,913,280,302,191,-1,-1,-1,-1
92,1,0,0.953616,11,15,1896,454,-1,-1,-1,-1
92,2,4,0.815523,915,279,300,192,-1,-1,-1,-1
93,1,0,0.953683,11,14,1896,455,-1,-1,-1,-1
93,2,4,0.814527,914,278,303,194,-1,-1,-1,-1
94,1,0,0.953815,10,15,1899,454,-1,-1,-1,-1
94,2,4,0.817298,913,278,302,193,-1,-1,-1,-1
95,1,0,0.954086,11,14,1896,454,-1,-1,-1,-1
95,2,4,0.820622,912,278,304,194,-1,-1,-1,-1
96,1,0,0.954245,11,14,1896,454,-1,-1,-1,-1
96,2,4,0.811933,912,278,303,194,-1,-1,-1,-1
97,1,0,0.95365,11,14,1896,455,-1,-1,-1,-1
97,2,4,0.813953,913,278,303,193,-1,-1,-1,-1
98,1,0,0.953488,11,14,1896,455,-1,-1,-1,-1
98,2,4,0.821731,913,278,303,193,-1,-1,-1,-1
99,1,0,0.953585,10,14,1898,455,-1,-1,-1,-1
99,2,4,0.831645,913,279,303,192,-1,-1,-1,-1
100,1,0,0.953219,11,14,1896,455,-1,-1,-1,-1
100,2,4,0.834525,913,279,302,191,-1,-1,-1,-1
101,1,0,0.953701,11,14,1897,455,-1,-1,-1,-1
101,2,4,0.83812,914,279,302,192,-1,-1,-1,-1
102,1,0,0.953925,10,15,1898,454,-1,-1,-1,-1
102,2,4,0.82795,913,278,303,193,-1,-1,-1,-1
103,1,0,0.953256,12,14,1895,454,-1,-1,-1,-1
103,2,4,0.827183,913,277,303,194,-1,-1,-1,-1
104,1,0,0.952559,12,14,1895,455,-1,-1,-1,-1
104,2,4,0.820046,913,276,303,195,-1,-1,-1,-1
105,1,0,0.952534,10,14,1898,456,-1,-1,-1,-1
105,2,4,0.808448,914,274,302,197,-1,-1,-1,-1
106,1,0,0.95241,10,15,1898,455,-1,-1,-1,-1
106,2,4,0.790151,916,273,299,198,-1,-1,-1,-1
107,1,0,0.952446,11,14,1896,455,-1,-1,-1,-1
107,2,4,0.8072,913,272,304,200,-1,-1,-1,-1
108,1,0,0.952554,10,15,1899,454,-1,-1,-1,-1
108,2,4,0.815486,911,272,307,200,-1,-1,-1,-1
109,1,0,0.952076,11,15,1897,454,-1,-1,-1,-1
109,2,4,0.81748,910,272,308,200,-1,-1,-1,-1
110,1,0,0.952937,11,15,1896,454,-1,-1,-1,-1
110,2,4,0.815339,911,272,306,200,-1,-1,-1,-1
111,1,0,0.95342,11,15,1896,454,-1,-1,-1,-1
111,2,4,0.816979,912,272,305,199,-1,-1,-1,-1
112,1,0,0.95325,10,15,1898,454,-1,-1,-1,-1
112,2,4,0.814913,911,272,306,199,-1,-1,-1,-1
113,1,0,0.95294,11,15,1896,454,-1,-1,-1,-1
113,2,4,0.789836,912,271,304,199,-1,-1,-1,-1
114,1,0,0.952571,11,15,1897,454,-1,-1,-1,-1
114,2,4,0.794214,912,270,304,201,-1,-1,-1,-1
115,1,0,0.95283,10,15,1898,454,-1,-1,-1,-1
115,2,4,0.799365,912,270,304,201,-1,-1,-1,-1
116,1,0,0.953077,11,15,1896,454,-1,-1,-1,-1
116,2,4,0.807344,912,271,304,200,-1,-1,-1,-1
117,1,0,0.952527,11,14,1896,454,-1,-1,-1,-1
117,2,4,0.810803,911,270,304,200,-1,-1,-1,-1
118,1,0,0.951576,10,15,1898,453,-1,-1,-1,-1
118,2,4,0.810031,910,269,306,202,-1,-1,-1,-1
119,1,0,0.951737,11,15,1896,454,-1,-1,-1,-1
119,2,4,0.809457,912,269,303,202,-1,-1,-1,-1
120,1,0,0.951351,11,15,1896,454,-1,-1,-1,-1
120,2,4,0.802241,912,268,304,203,-1,-1,-1,-1
121,1,0,0.951021,10,14,1898,455,-1,-1,-1,-1
121,2,4,0.795472,912,267,302,203,-1,-1,-1,-1
122,1,0,0.951298,11,15,1896,453,-1,-1,-1,-1
122,2,4,0.804396,911,266,302,205,-1,-1,-1,-1
123,1,0,0.951306,10,15,1898,454,-1,-1,-1,-1
123,2,4,0.808,912,266,301,205,-1,-1,-1,-1
124,1,0,0.95136,11,15,1896,454,-1,-1,-1,-1
124,2,4,0.795917,911,266,303,205,-1,-1,-1,-1
125,1,0,0.950704,10,15,1898,454,-1,-1,-1,-1
125,2,4,0.799477,910,266,304,205,-1,-1,-1,-1
126,1,0,0.949348,10,14,1897,455,-1,-1,-1,-1
126,2,4,0.804303,910,266,305,205,-1,-1,-1,-1
127,1,0,0.949177,9,15,1899,455,-1,-1,-1,-1
127,2,4,0.802467,910,266,305,204,-1,-1,-1,-1
128,1,0,0.949178,10,15,1898,455,-1,-1,-1,-1
128,2,4,0.809277,909,266,305,204,-1,-1,-1,-1
129,1,0,0.94929,10,15,1898,455,-1,-1,-1,-1
129,2,4,0.808519,908,265,306,206,-1,-1,-1,-1
130,1,0,0.949398,10,15,1898,455,-1,-1,-1,-1
130,2,4,0.818486,908,265,306,206,-1,-1,-1,-1
131,1,0,0.949602,10,15,1897,455,-1,-1,-1,-1
131,2,4,0.815516,909,265,306,206,-1,-1,-1,-1
132,1,0,0.94912,10,15,1898,455,-1,-1,-1,-1
132,2,4,0.804853,910,265,304,205,-1,-1,-1,-1
133,1,0,0.949098,11,14,1896,456,-1,-1,-1,-1
133,2,4,0.807462,911,263,304,207,-1,-1,-1,-1
134,1,0,0.949116,10,14,1898,455,-1,-1,-1,-1
134,2,4,0.794023,912,262,304,208,-1,-1,-1,-1
135,1,0,0.950397,10,15,1899,454,-1,-1,-1,-1
135,2,4,0.800902,910,261,306,210,-1,-1,-1,-1
136,1,0,0.951372,11,14,1897,454,-1,-1,-1,-1
136,2,4,0.798365,910,261,306,210,-1,-1,-1,-1
137,1,0,0.951661,11,14,1897,454,-1,-1,-1,-1
137,2,4,0.803019,909,261,307,210,-1,-1,-1,-1
138,1,0,0.951513,10,15,1899,453,-1,-1,-1,-1
138,2,4,0.80182,909,261,307,210,-1,-1,-1,-1
139,1,0,0.951312,11,14,1897,453,-1,-1,-1,-1
139,2,4,0.796813,908,261,309,210,-1,-1,-1,-1
140,1,0,0.950956,10,15,1899,452,-1,-1,-1,-1
140,2,4,0.804056,908,261,309,210,-1,-1,-1,-1
141,1,0,0.951287,11,15,1897,453,-1,-1,-1,-1
141,2,4,0.798866,908,261,309,210,-1,-1,-1,-1
142,1,0,0.952037,11,14,1897,453,-1,-1,-1,-1
142,2,4,0.789397,912,262,305,208,-1,-1,-1,-1
143,1,0,0.951443,10,15,1899,452,-1,-1,-1,-1
143,2,4,0.778223,913,262,303,208,-1,-1,-1,-1
144,1,0,0.951291,11,16,1897,451,-1,-1,-1,-1
144,2,4,0.780893,910,262,306,207,-1,-1,-1,-1
145,1,0,0.950991,11,16,1897,451,-1,-1,-1,-1
145,2,4,0.778044,912,262,304,207,-1,-1,-1,-1
146,1,0,0.950778,10,15,1899,452,-1,-1,-1,-1
146,2,4,0.77571,914,262,302,206,-1,-1,-1,-1
147,1,0,0.9503,11,15,1897,453,-1,-1,-1,-1
147,2,4,0.785844,913,261,303,208,-1,-1,-1,-1
148,1,0,0.950085,10,14,1899,453,-1,-1,-1,-1
148,2,4,0.796173,911,260,306,210,-1,-1,-1,-1
149,1,0,0.950309,10,15,1899,452,-1,-1,-1,-1
149,2,4,0.795392,910,260,307,210,-1,-1,-1,-1
150,1,0,0.950425,11,15,1897,453,-1,-1,-1,-1
150,2,4,0.799967,911,261,305,209,-1,-1,-1,-1
151,1,0,0.950978,9,15,1900,452,-1,-1,-1,-1
151,2,4,0.798516,913,261,302,208,-1,-1,-1,-1
152,1,0,0.951913,10,15,1898,452,-1,-1,-1,-1
152,2,4,0.796761,912,260,303,210,-1,-1,-1,-1
153,1,0,0.951913,11,16,1897,451,-1,-1,-1,-1
153,2,4,0.801963,912,261,304,209,-1,-1,-1,-1
154,1,0,0.952204,10,15,1899,452,-1,-1,-1,-1
154,2,4,0.801177,912,261,304,208,-1,-1,-1,-1
155,1,0,0.951551,10,15,1898,453,-1,-1,-1,-1
155,2,4,0.78995,912,260,304,208,-1,-1,-1,-1
156,1,0,0.951406,10,14,1898,453,-1,-1,-1,-1
156,2,4,0.782622,912,260,305,209,-1,-1,-1,-1
157,1,0,0.951201,10,15,1899,452,-1,-1,-1,-1
157,2,4,0.779328,911,259,306,211,-1,-1,-1,-1
158,1,0,0.951156,11,15,1897,452,-1,-1,-1,-1
158,2,4,0.783131,914,259,303,211,-1,-1,-1,-1
159,1,0,0.95083,11,15,1897,453,-1,-1,-1,-1
159,2,4,0.778843,914,259,303,210,-1,-1,-1,-1
160,1,0,0.950665,9,15,1900,452,-1,-1,-1,-1
160,2,4,0.766135,913,258,304,212,-1,-1,-1,-1
161,1,0,0.950687,10,16,1898,452,-1,-1,-1,-1
161,2,4,0.787365,911,257,307,213,-1,-1,-1,-1
162,1,0,0.951067,10,15,1898,452,-1,-1,-1,-1
162,2,4,0.795417,911,257,307,213,-1,-1,-1,-1
163,1,0,0.950995,10,16,1898,452,-1,-1,-1,-1
163,2,4,0.813026,910,257,309,213,-1,-1,-1,-1
164,1,0,0.951156,10,15,1898,452,-1,-1,-1,-1
164,2,4,0.819671,911,258,307,212,-1,-1,-1,-1
165,1,0,0.95118,10,15,1897,452,-1,-1,-1,-1
165,2,4,0.818385,910,257,308,214,-1,-1,-1,-1
166,1,0,0.950529,10,15,1897,452,-1,-1,-1,-1
166,2,4,0.810169,912,257,303,213,-1,-1,-1,-1
167,1,0,0.951302,9,16,1900,451,-1,-1,-1,-1
167,2,4,0.800595,911,256,305,215,-1,-1,-1,-1
168,1,0,0.951806,10,15,1897,452,-1,-1,-1,-1
168,2,4,0.800717,911,256,304,215,-1,-1,-1,-1
169,1,0,0.951594,10,16,1898,452,-1,-1,-1,-1
169,2,4,0.797601,910,256,306,215,-1,-1,-1,-1
170,1,0,0.951746,9,15,1900,453,-1,-1,-1,-1
170,2,4,0.780284,912,256,304,215,-1,-1,-1,-1
171,1,0,0.952096,10,15,1897,453,-1,-1,-1,-1
171,2,4,0.771559,912,257,305,214,-1,-1,-1,-1
172,1,0,0.951607,9,15,1900,452,-1,-1,-1,-1
172,2,4,0.767763,913,256,304,215,-1,-1,-1,-1
173,1,0,0.951454,11,15,1897,451,-1,-1,-1,-1
173,2,4,0.780436,913,256,305,216,-1,-1,-1,-1
174,1,0,0.950876,10,16,1899,451,-1,-1,-1,-1
174,2,4,0.788096,912,255,307,217,-1,-1,-1,-1
175,1,0,0.950691,10,15,1898,452,-1,-1,-1,-1
175,2,4,0.79633,911,254,309,219,-1,-1,-1,-1
176,1,0,0.950407,10,14,1898,453,-1,-1,-1,-1
176,2,4,0.80333,910,254,308,219,-1,-1,-1,-1
177,1,0,0.950726,9,15,1900,452,-1,-1,-1,-1
177,2,4,0.814698,910,254,309,219,-1,-1,-1,-1
178,1,0,0.950596,10,15,1898,452,-1,-1,-1,-1
178,2,4,0.827448,910,254,309,219,-1,-1,-1,-1
179,1,0,0.950467,10,15,1898,452,-1,-1,-1,-1
179,2,4,0.826223,911,254,306,218,-1,-1,-1,-1
180,1,0,0.95087,9,15,1900,451,-1,-1,-1,-1
180,2,4,0.824369,909,253,309,219,-1,-1,-1,-1
181,1,0,0.950922,10,15,1898,452,-1,-1,-1,-1
181,2,4,0.817676,911,254,306,218,-1,-1,-1,-1
182,1,0,0.950757,9,15,1900,451,-1,-1,-1,-1
182,2,4,0.82233,911,253,306,219,-1,-1,-1,-1
183,1,0,0.950571,10,15,1898,451,-1,-1,-1,-1
183,2,4,0.821723,911,254,306,218,-1,-1,-1,-1
184,1,0,0.950207,11,16,1897,451,-1,-1,-1,-1
184,2,4,0.837272,911,254,306,218,-1,-1,-1,-1
185,1,0,0.950086,10,15,1899,451,-1,-1,-1,-1
185,2,4,0.838026,911,253,306,220,-1,-1,-1,-1
186,1,0,0.949292,11,16,1897,451,-1,-1,-1,-1
186,2,4,0.830353,912,253,305,220,-1,-1,-1,-1
187,1,0,0.949335,10,16,1899,451,-1,-1,-1,-1
187,2,4,0.839312,912,253,305,219,-1,-1,-1,-1
188,1,0,0.949538,11,15,1897,451,-1,-1,-1,-1
188,2,4,0.829955,910,252,307,220,-1,-1,-1,-1
189,1,0,0.950047,11,16,1897,450,-1,-1,-1,-1
189,2,4,0.825002,910,251,310,221,-1,-1,-1,-1
190,1,0,0.950161,10,16,1899,450,-1,-1,-1,-1
190,2,4,0.834102,908,251,312,221,-1,-1,-1,-1
191,1,0,0.950453,11,15,1897,451,-1,-1,-1,-1
191,2,4,0.834286,908,251,312,221,-1,-1,-1,-1
192,1,0,0.951187,10,16,1899,450,-1,-1,-1,-1
192,2,4,0.832559,908,251,312,221,-1,-1,-1,-1
193,1,0,0.95118,11,15,1897,451,-1,-1,-1,-1
193,2,4,0.832122,908,251,312,221,-1,-1,-1,-1
194,1,0,0.951354,10,16,1898,450,-1,-1,-1,-1
194,2,4,0.837951,908,251,311,220,-1,-1,-1,-1
195,1,0,0.951291,10,15,1898,450,-1,-1,-1,-1
195,2,4,0.842785,907,251,312,221,-1,-1,-1,-1
196,1,0,0.950953,11,16,1896,450,-1,-1,-1,-1
196,2,4,0.843404,906,250,315,223,-1,-1,-1,-1
197,1,0,0.950986,11,15,1896,451,-1,-1,-1,-1
197,2,4,0.837908,906,250,314,223,-1,-1,-1,-1
198,1,0,0.950524,11,16,1896,451,-1,-1,-1,-1
198,2,4,0.837026,907,250,313,223,-1,-1,-1,-1
199,1,0,0.950377,10,16,1898,451,-1,-1,-1,-1
199,2,4,0.83937,907,251,313,222,-1,-1,-1,-1
200,1,0,0.950224,11,16,1896,451,-1,-1,-1,-1
200,2,4,0.842558,907,251,312,222,-1,-1,-1,-1
201,1,0,0.9499,10,16,1898,451,-1,-1,-1,-1
201,2,4,0.846602,907,250,311,223,-1,-1,-1,-1
202,1,0,0.950734,10,16,1898,451,-1,-1,-1,-1
202,2,4,0.839754,906,249,313,224,-1,-1,-1,-1
203,1,0,0.950132,11,15,1896,452,-1,-1,-1,-1
203,2,4,0.839635,905,250,314,223,-1,-1,-1,-1
204,1,0,0.950918,10,15,1898,452,-1,-1,-1,-1
204,2,4,0.839532,904,250,315,223,-1,-1,-1,-1
205,1,0,0.950711,10,15,1898,452,-1,-1,-1,-1
205,2,4,0.836608,905,250,314,223,-1,-1,-1,-1
206,1,0,0.950454,10,15,1898,452,-1,-1,-1,-1
206,2,4,0.840152,904,250,315,223,-1,-1,-1,-1
207,1,0,0.950655,10,15,1898,451,-1,-1,-1,-1
207,2,4,0.843146,904,250,315,223,-1,-1,-1,-1
208,1,0,0.95041,11,16,1896,451,-1,-1,-1,-1
208,2,4,0.845856,905,250,314,222,-1,-1,-1,-1
209,1,0,0.950221,10,15,1898,451,-1,-1,-1,-1
209,2,4,0.844299,906,249,313,224,-1,-1,-1,-1
210,1,0,0.949704,11,15,1896,452,-1,-1,-1,-1
210,2,4,0.835442,906,248,315,226,-1,-1,-1,-1
211,1,0,0.95021,11,16,1896,452,-1,-1,-1,-1
211,2,4,0.82734,906,248,315,225,-1,-1,-1,-1
212,1,0,0.949826,10,15,1898,453,-1,-1,-1,-1
212,2,4,0.833024,908,248,312,225,-1,-1,-1,-1
213,1,0,0.949274,10,16,1898,452,-1,-1,-1,-1
213,2,4,0.830766,909,248,312,225,-1,-1,-1,-1
214,1,0,0.948956,10,15,1898,453,-1,-1,-1,-1
214,2,4,0.836056,909,248,311,225,-1,-1,-1,-1
215,1,0,0.949311,11,15,1897,452,-1,-1,-1,-1
215,2,4,0.832016,910,248,311,224,-1,-1,-1,-1
216,1,0,0.948757,10,15,1898,452,-1,-1,-1,-1
216,2,4,0.834575,910,248,310,224,-1,-1,-1,-1
217,1,0,0.949271,10,15,1897,452,-1,-1,-1,-1
217,2,4,0.823364,909,247,310,225,-1,-1,-1,-1
218,1,0,0.948698,10,15,1896,453,-1,-1,-1,-1
218,2,4,0.827093,907,246,312,227,-1,-1,-1,-1
219,1,0,0.949013,10,15,1897,453,-1,-1,-1,-1
219,2,4,0.825896,906,246,314,227,-1,-1,-1,-1
220,1,0,0.948695,10,15,1898,452,-1,-1,-1,-1
220,2,4,0.831106,906,246,313,227,-1,-1,-1,-1
221,1,0,0.948663,11,16,1897,452,-1,-1,-1,-1
221,2,4,0.835617,907,246,313,227,-1,-1,-1,-1
222,1,0,0.948623,10,15,1898,453,-1,-1,-1,-1
222,2,4,0.835188,907,246,312,227,-1,-1,-1,-1
223,1,0,0.948191,10,16,1898,451,-1,-1,-1,-1
223,2,4,0.841573,907,246,310,226,-1,-1,-1,-1
224,1,0,0.948722,11,15,1896,451,-1,-1,-1,-1
224,2,4,0.840932,907,246,310,227,-1,-1,-1,-1
225,1,0,0.948868,10,15,1897,452,-1,-1,-1,-1
225,2,4,0.837192,908,246,310,228,-1,-1,-1,-1
226,1,0,0.948664,10,14,1897,453,-1,-1,-1,-1
226,2,4,0.83304,908,245,310,229,-1,-1,-1,-1
227,1,0,0.948468,9,15,1899,452,-1,-1,-1,-1
227,2,4,0.83509,907,245,311,229,-1,-1,-1,-1
228,1,0,0.948941,10,14,1896,453,-1,-1,-1,-1
228,2,4,0.835839,908,245,310,229,-1,-1,-1,-1
229,1,0,0.948792,9,15,1898,452,-1,-1,-1,-1
229,2,4,0.832066,909,245,309,229,-1,-1,-1,-1
230,1,0,0.949204,10,15,1896,453,-1,-1,-1,-1
230,2,4,0.830434,910,245,307,228,-1,-1,-1,-1
231,1,0,0.949176,9,14,1898,453,-1,-1,-1,-1
231,2,4,0.831159,908,244,308,229,-1,-1,-1,-1
232,1,0,0.949027,10,14,1897,453,-1,-1,-1,-1
232,2,4,0.834796,907,243,310,231,-1,-1,-1,-1
233,1,0,0.948786,10,15,1897,453,-1,-1,-1,-1
233,2,4,0.832345,906,244,311,230,-1,-1,-1,-1
234,1,0,0.950534,9,15,1898,452,-1,-1,-1,-1
234,2,4,0.83663,906,244,312,229,-1,-1,-1,-1
235,1,0,0.950271,9,15,1898,452,-1,-1,-1,-1
235,2,4,0.841929,905,244,314,230,-1,-1,-1,-1
236,1,0,0.950159,9,16,1898,452,-1,-1,-1,-1
236,2,4,0.848074,905,244,314,229,-1,-1,-1,-1
237,1,0,0.949937,9,15,1898,452,-1,-1,-1,-1
237,2,4,0.85003,906,243,313,229,-1,-1,-1,-1
238,1,0,0.949577,10,15,1897,453,-1,-1,-1,-1
238,2,4,0.854406,905,243,314,229,-1,-1,-1,-1
239,1,0,0.949606,9,15,1899,452,-1,-1,-1,-1
239,2,4,0.847177,907,243,311,229,-1,-1,-1,-1
240,1,0,0.94981,9,15,1899,452,-1,-1,-1,-1
240,2,4,0.84916,907,244,312,229,-1,-1,-1,-1
241,1,0,0.949633,10,16,1897,452,-1,-1,-1,-1
241,2,4,0.836996,909,244,308,228,-1,-1,-1,-1
242,1,0,0.949785,10,15,1896,452,-1,-1,-1,-1
242,2,4,0.833787,909,243,309,229,-1,-1,-1,-1
243,1,0,0.949199,11,15,1895,453,-1,-1,-1,-1
243,2,4,0.824048,910,243,308,229,-1,-1,-1,-1
244,1,0,0.949212,10,14,1897,454,-1,-1,-1,-1
244,2,4,0.825732,909,242,311,230,-1,-1,-1,-1
245,1,0,0.949337,10,15,1897,453,-1,-1,-1,-1
245,2,4,0.82414,908,243,311,229,-1,-1,-1,-1
246,1,0,0.949091,11,14,1895,454,-1,-1,-1,-1
246,2,4,0.828728,907,242,313,230,-1,-1,-1,-1
247,1,0,0.94921,10,14,1897,454,-1,-1,-1,-1
247,2,4,0.834296,907,242,312,231,-1,-1,-1,-1
248,1,0,0.949835,10,15,1897,454,-1,-1,-1,-1
248,2,4,0.835552,906,243,311,230,-1,-1,-1,-1
249,1,0,0.949543,10,15,1897,454,-1,-1,-1,-1
249,2,4,0.841221,906,244,311,229,-1,-1,-1,-1
250,1,0,0.949893,10,15,1897,453,-1,-1,-1,-1
250,2,4,0.848461,906,244,310,229,-1,-1,-1,-1
251,1,0,0.950554,10,16,1898,451,-1,-1,-1,-1
251,2,4,0.854249,906,244,310,229,-1,-1,-1,-1
252,1,0,0.94969,11,16,1896,450,-1,-1,-1,-1
252,2,4,0.857929,905,244,312,229,-1,-1,-1,-1
253,1,0,0.949959,11,16,1896,451,-1,-1,-1,-1
253,2,4,0.857499,907,244,309,229,-1,-1,-1,-1
254,1,0,0.949505,10,15,1897,451,-1,-1,-1,-1
254,2,4,0.861633,907,243,309,230,-1,-1,-1,-1
255,1,0,0.948836,11,16,1896,451,-1,-1,-1,-1
255,2,4,0.864087,906,242,313,232,-1,-1,-1,-1
256,1,0,0.948969,10,15,1897,452,-1,-1,-1,-1
256,2,4,0.861257,907,243,312,231,-1,-1,-1,-1
257,1,0,0.949072,9,15,1899,452,-1,-1,-1,-1
257,2,4,0.858612,908,244,309,230,-1,-1,-1,-1
258,1,0,0.94888,10,16,1898,451,-1,-1,-1,-1
258,2,4,0.862508,907,243,311,230,-1,-1,-1,-1
259,1,0,0.948881,11,15,1896,451,-1,-1,-1,-1
259,2,4,0.862283,909,242,309,231,-1,-1,-1,-1
260,1,0,0.949701,11,15,1896,451,-1,-1,-1,-1
260,2,4,0.858519,907,241,311,233,-1,-1,-1,-1
261,1,0,0.949731,11,16,1895,451,-1,-1,-1,-1
261,2,4,0.851094,907,241,311,233,-1,-1,-1,-1
262,1,0,0.949495,10,15,1896,452,-1,-1,-1,-1
262,2,4,0.840983,908,242,308,231,-1,-1,-1,-1
263,1,0,0.949851,11,15,1896,453,-1,-1,-1,-1
263,2,4,0.845392,908,242,308,230,-1,-1,-1,-1
264,1,0,0.950518,10,15,1898,452,-1,-1,-1,-1
264,2,4,0.851315,906,243,310,229,-1,-1,-1,-1
265,1,0,0.950373,10,15,1898,451,-1,-1,-1,-1
265,2,4,0.853542,907,243,308,228,-1,-1,-1,-1
266,1,0,0.950591,11,15,1895,451,-1,-1,-1,-1
266,2,4,0.859974,907,242,310,229,-1,-1,-1,-1
267,1,0,0.950089,10,15,1897,451,-1,-1,-1,-1
267,2,4,0.858951,905,242,314,229,-1,-1,-1,-1
268,1,0,0.950041,10,15,1897,451,-1,-1,-1,-1
268,2,4,0.860486,907,243,312,228,-1,-1,-1,-1
269,1,0,0.949969,10,15,1897,452,-1,-1,-1,-1
269,2,4,0.858927,908,242,310,229,-1,-1,-1,-1
270,1,0,0.94969,9,15,1898,451,-1,-1,-1,-1
270,2,4,0.862786,908,242,313,229,-1,-1,-1,-1
271,1,0,0.948722,9,15,1898,451,-1,-1,-1,-1
271,2,4,0.864068,909,242,313,229,-1,-1,-1,-1
272,1,0,0.948344,10,15,1897,451,-1,-1,-1,-1
272,2,4,0.864798,902,249,322,222,-1,-1,-1,-1
273,1,0,0.948247,10,15,1897,451,-1,-1,-1,-1
273,2,4,0.862573,910,242,311,229,-1,-1,-1,-1
274,1,0,0.948453,10,15,1897,451,-1,-1,-1,-1
274,2,4,0.863089,911,241,308,231,-1,-1,-1,-1
275,1,0,0.947788,10,15,1897,452,-1,-1,-1,-1
275,2,4,0.862359,909,240,311,233,-1,-1,-1,-1
276,1,0,0.948007,10,16,1897,452,-1,-1,-1,-1
276,2,4,0.857127,911,241,306,232,-1,-1,-1,-1
277,1,0,0.948454,10,16,1897,451,-1,-1,-1,-1
277,2,4,0.85734,910,240,308,234,-1,-1,-1,-1
278,1,0,0.94903,10,16,1896,451,-1,-1,-1,-1
278,2,4,0.85367,909,240,309,234,-1,-1,-1,-1
279,1,0,0.949094,9,16,1898,451,-1,-1,-1,-1
279,2,4,0.855652,908,240,310,233,-1,-1,-1,-1
280,1,0,0.948911,9,16,1899,451,-1,-1,-1,-1
280,2,4,0.852711,909,241,308,232,-1,-1,-1,-1
281,1,0,0.948886,10,16,1898,451,-1,-1,-1,-1
281,2,4,0.854668,910,241,307,231,-1,-1,-1,-1
282,1,0,0.948479,10,15,1897,451,-1,-1,-1,-1
282,2,4,0.852009,910,240,307,233,-1,-1,-1,-1
283,1,0,0.948331,10,16,1897,451,-1,-1,-1,-1
283,2,4,0.852823,910,240,307,233,-1,-1,-1,-1
284,1,0,0.946201,11,15,1896,452,-1,-1,-1,-1
284,2,4,0.854754,909,240,309,233,-1,-1,-1,-1
285,1,0,0.945875,10,16,1898,452,-1,-1,-1,-1
285,2,4,0.858092,910,240,307,232,-1,-1,-1,-1
286,1,0,0.946128,10,15,1898,452,-1,-1,-1,-1
286,2,4,0.855503,910,240,308,233,-1,-1,-1,-1
287,1,0,0.94603,10,16,1897,452,-1,-1,-1,-1
287,2,4,0.851021,912,239,306,234,-1,-1,-1,-1
288,1,0,0.945816,10,16,1897,452,-1,-1,-1,-1
288,2,4,0.854238,911,238,307,235,-1,-1,-1,-1
289,1,0,0.946047,10,16,1898,452,-1,-1,-1,-1
289,2,4,0.86316,909,237,311,237,-1,-1,-1,-1
290,1,0,0.946311,10,16,1898,452,-1,-1,-1,-1
290,2,4,0.868006,909,237,309,236,-1,-1,-1,-1
291,1,0,0.946211,10,16,1898,452,-1,-1,-1,-1
291,2,4,0.86199,907,236,313,238,-1,-1,-1,-1
292,1,0,0.946553,10,16,1898,452,-1,-1,-1,-1
292,2,4,0.865374,906,236,314,238,-1,-1,-1,-1
293,1,0,0.946797,10,16,1899,451,-1,-1,-1,-1
293,2,4,0.866129,907,236,313,237,-1,-1,-1,-1
294,1,0,0.946591,11,15,1896,452,-1,-1,-1,-1
294,2,4,0.872363,906,236,314,238,-1,-1,-1,-1
295,1,0,0.946602,10,16,1898,452,-1,-1,-1,-1
295,2,4,0.872443,906,236,315,237,-1,-1,-1,-1
296,1,0,0.946813,10,15,1898,452,-1,-1,-1,-1
296,2,4,0.875182,907,236,314,237,-1,-1,-1,-1
297,1,0,0.946923,10,16,1898,452,-1,-1,-1,-1
297,2,4,0.873327,906,235,315,239,-1,-1,-1,-1
298,1,0,0.947147,9,16,1899,451,-1,-1,-1,-1
298,2,4,0.87238,906,235,315,239,-1,-1,-1,-1
299,1,0,0.946974,10,15,1897,452,-1,-1,-1,-1
299,2,4,0.871026,907,235,314,239,-1,-1,-1,-1
300,1,0,0.946653,11,16,1896,452,-1,-1,-1,-1
300,2,4,0.872078,907,235,314,239,-1,-1,-1,-1
301,1,0,0.947132,9,16,1899,452,-1,-1,-1,-1
301,2,4,0.863717,909,236,310,238,-1,-1,-1,-1
302,1,0,0.946496,10,15,1897,453,-1,-1,-1,-1
302,2,4,0.853861,911,236,307,238,-1,-1,-1,-1
303,1,0,0.946358,9,16,1899,453,-1,-1,-1,-1
303,2,4,0.857891,911,235,307,238,-1,-1,-1,-1
304,1,0,0.946967,9,16,1899,452,-1,-1,-1,-1
304,2,4,0.858442,910,234,308,239,-1,-1,-1,-1
305,1,0,0.947953,9,15,1898,452,-1,-1,-1,-1
305,2,4,0.85522,908,233,310,240,-1,-1,-1,-1
306,1,0,0.94863,10,16,1896,452,-1,-1,-1,-1
306,2,4,0.852643,906,232,313,242,-1,-1,-1,-1
307,1,0,0.948245,10,15,1896,452,-1,-1,-1,-1
307,2,4,0.851348,905,232,314,242,-1,-1,-1,-1
308,1,0,0.948212,9,16,1897,451,-1,-1,-1,-1
308,2,4,0.853209,905,232,315,241,-1,-1,-1,-1
309,1,0,0.948403,10,15,1897,453,-1,-1,-1,-1
309,2,4,0.855618,905,231,316,243,-1,-1,-1,-1
310,1,0,0.947843,11,16,1895,451,-1,-1,-1,-1
310,2,4,0.861532,906,231,315,243,-1,-1,-1,-1
311,1,0,0.947842,10,16,1896,451,-1,-1,-1,-1
311,2,4,0.860861,905,231,316,243,-1,-1,-1,-1
312,1,0,0.947458,10,16,1897,451,-1,-1,-1,-1
312,2,4,0.861565,906,231,315,243,-1,-1,-1,-1
313,1,0,0.947365,9,15,1898,453,-1,-1,-1,-1
313,2,4,0.859123,907,231,313,243,-1,-1,-1,-1
314,1,0,0.947617,9,16,1898,452,-1,-1,-1,-1
314,2,4,0.854503,908,231,312,243,-1,-1,-1,-1
315,1,0,0.946767,10,15,1896,452,-1,-1,-1,-1
315,2,4,0.855437,908,231,312,243,-1,-1,-1,-1
316,1,0,0.946486,10,16,1896,451,-1,-1,-1,-1
316,2,4,0.849232,909,232,311,242,-1,-1,-1,-1
317,1,0,0.946403,10,15,1896,453,-1,-1,-1,-1
317,2,4,0.842362,912,232,307,241,-1,-1,-1,-1
318,1,0,0.946033,9,15,1898,453,-1,-1,-1,-1
318,2,4,0.83674,910,231,311,243,-1,-1,-1,-1
319,1,0,0.945177,9,16,1899,453,-1,-1,-1,-1
319,2,4,0.837549,909,231,311,242,-1,-1,-1,-1
320,1,0,0.946286,10,15,1897,454,-1,-1,-1,-1
320,2,4,0.826655,907,230,313,243,-1,-1,-1,-1
321,1,0,0.946317,9,15,1899,453,-1,-1,-1,-1
321,2,4,0.811705,904,229,317,245,-1,-1,-1,-1
322,1,0,0.946889,9,15,1898,452,-1,-1,-1,-1
322,2,4,0.811519,902,229,320,245,-1,-1,-1,-1
323,1,0,0.947387,9,15,1898,453,-1,-1,-1,-1
323,2,4,0.814066,902,229,319,245,-1,-1,-1,-1
324,1,0,0.947401,10,15,1896,453,-1,-1,-1,-1
324,2,4,0.816103,900,229,322,244,-1,-1,-1,-1
325,1,0,0.948123,9,15,1898,452,-1,-1,-1,-1
325,2,4,0.817914,900,229,321,243,-1,-1,-1,-1
326,1,0,0.946877,11,14,1895,453,-1,-1,-1,-1
326,2,4,0.828175,902,230,318,243,-1,-1,-1,-1
327,1,0,0.9463,9,15,1899,453,-1,-1,-1,-1
327,2,4,0.829215,901,229,321,245,-1,-1,-1,-1
328,1,0,0.946511,10,14,1898,454,-1,-1,-1,-1
328,2,4,0.825938,903,229,318,245,-1,-1,-1,-1
329,1,0,0.946645,9,14,1899,454,-1,-1,-1,-1
329,2,4,0.822424,903,229,318,245,-1,-1,-1,-1
330,1,0,0.946061,10,14,1897,453,-1,-1,-1,-1
330,2,4,0.829946,907,230,312,244,-1,-1,-1,-1
331,1,0,0.945471,10,14,1898,454,-1,-1,-1,-1
331,2,4,0.828324,908,229,310,246,-1,-1,-1,-1
332,1,0,0.944273,10,14,1897,454,-1,-1,-1,-1
332,2,4,0.824522,910,229,306,245,-1,-1,-1,-1
333,1,0,0.945513,10,15,1898,453,-1,-1,-1,-1
333,2,4,0.819139,911,228,304,247,-1,-1,-1,-1
334,1,0,0.946134,9,15,1899,452,-1,-1,-1,-1
334,2,4,0.824914,911,227,305,249,-1,-1,-1,-1
335,1,0,0.947944,10,15,1897,452,-1,-1,-1,-1
335,2,4,0.813916,908,226,309,251,-1,-1,-1,-1
336,1,0,0.947974,10,15,1897,452,-1,-1,-1,-1
336,2,4,0.821241,907,227,309,250,-1,-1,-1,-1
337,1,0,0.949125,9,16,1899,451,-1,-1,-1,-1
337,2,4,0.809522,905,227,313,250,-1,-1,-1,-1
338,1,0,0.949044,10,15,1897,451,-1,-1,-1,-1
338,2,4,0.799804,905,227,312,249,-1,-1,-1,-1
339,1,0,0.949149,10,15,1897,452,-1,-1,-1,-1
339,2,4,0.795251,904,226,314,250,-1,-1,-1,-1
340,1,0,0.948787,10,14,1897,452,-1,-1,-1,-1
340,2,4,0.793105,905,226,312,249,-1,-1,-1,-1
341,1,0,0.949238,11,14,1896,452,-1,-1,-1,-1
341,2,4,0.794915,904,226,314,250,-1,-1,-1,-1
342,1,0,0.948788,10,15,1898,451,-1,-1,-1,-1
342,2,4,0.786794,906,226,310,249,-1,-1,-1,-1
343,1,0,0.949761,10,16,1898,451,-1,-1,-1,-1
343,2,4,0.789798,905,225,312,251,-1,-1,-1,-1
344,1,0,0.949916,10,16,1898,450,-1,-1,-1,-1
344,2,4,0.792976,906,225,311,251,-1,-1,-1,-1
345,1,0,0.949531,11,15,1896,451,-1,-1,-1,-1
345,2,4,0.786091,907,225,309,251,-1,-1,-1,-1
346,1,0,0.949736,10,16,1898,450,-1,-1,-1,-1
346,2,4,0.792052,909,224,306,253,-1,-1,-1,-1
347,1,0,0.949399,11,15,1896,451,-1,-1,-1,-1
347,2,4,0.781049,909,224,307,252,-1,-1,-1,-1
348,1,0,0.948004,11,16,1896,451,-1,-1,-1,-1
348,2,4,0.787551,911,223,305,254,-1,-1,-1,-1
349,1,0,0.94795,10,15,1898,451,-1,-1,-1,-1
349,2,4,0.784718,912,223,303,253,-1,-1,-1,-1
350,1,0,0.94915,11,16,1896,451,-1,-1,-1,-1
350,2,4,0.781058,909,222,308,254,-1,-1,-1,-1
351,1,0,0.951722,10,16,1898,450,-1,-1,-1,-1
351,2,4,0.784378,909,221,308,256,-1,-1,-1,-1
352,1,0,0.951701,11,15,1896,450,-1,-1,-1,-1
352,2,4,0.771419,908,221,310,256,-1,-1,-1,-1
353,1,0,0.952522,11,15,1896,450,-1,-1,-1,-1
353,2,4,0.745649,907,221,311,255,-1,-1,-1,-1
354,1,0,0.952345,10,16,1898,449,-1,-1,-1,-1
354,2,4,0.749889,908,221,309,254,-1,-1,-1,-1
355,1,0,0.952392,10,16,1898,448,-1,-1,-1,-1
355,2,4,0.754107,906,221,312,255,-1,-1,-1,-1
356,1,0,0.95155,11,16,1896,449,-1,-1,-1,-1
356,2,4,0.759578,906,221,313,255,-1,-1,-1,-1
357,1,0,0.951708,10,16,1898,450,-1,-1,-1,-1
357,2,4,0.768628,908,222,310,254,-1,-1,-1,-1
358,1,0,0.952067,9,16,1899,449,-1,-1,-1,-1
358,2,4,0.75678,907,221,310,255,-1,-1,-1,-1
359,1,0,0.953023,10,15,1896,449,-1,-1,-1,-1
359,2,4,0.744163,907,221,309,256,-1,-1,-1,-1
360,1,0,0.952297,10,15,1896,450,-1,-1,-1,-1
360,2,4,0.743973,909,221,306,255,-1,-1,-1,-1
361,1,0,0.952579,10,16,1897,450,-1,-1,-1,-1
361,2,4,0.75733,910,220,305,257,-1,-1,-1,-1
362,1,0,0.952003,10,15,1898,450,-1,-1,-1,-1
362,2,4,0.753594,912,220,301,256,-1,-1,-1,-1
363,1,0,0.952249,10,16,1897,449,-1,-1,-1,-1
363,2,4,0.755731,914,221,298,256,-1,-1,-1,-1
364,1,0,0.951539,11,15,1896,450,-1,-1,-1,-1
364,2,4,0.764876,909,227,304,247,-1,-1,-1,-1
365,1,0,0.951607,10,16,1897,449,-1,-1,-1,-1
365,2,4,0.774377,910,227,302,246,-1,-1,-1,-1
366,1,0,0.951629,10,15,1896,450,-1,-1,-1,-1
366,2,4,0.754606,910,227,302,246,-1,-1,-1,-1
367,1,0,0.952374,9,16,1898,450,-1,-1,-1,-1
367,2,4,0.721304,911,220,300,256,-1,-1,-1,-1
368,1,0,0.952326,10,15,1898,451,-1,-1,-1,-1
368,2,4,0.704302,910,219,301,257,-1,-1,-1,-1
369,1,0,0.951952,11,16,1896,450,-1,-1,-1,-1
369,2,4,0.71383,910,219,302,257,-1,-1,-1,-1
370,1,0,0.952193,10,15,1899,451,-1,-1,-1,-1
370,2,4,0.726586,910,218,302,258,-1,-1,-1,-1
371,1,0,0.9516,10,16,1898,450,-1,-1,-1,-1
371,2,4,0.729977,911,217,301,260,-1,-1,-1,-1
372,1,0,0.950479,10,15,1898,451,-1,-1,-1,-1
372,2,4,0.737253,910,217,303,261,-1,-1,-1,-1
373,1,0,0.95006,9,15,1899,451,-1,-1,-1,-1
373,2,4,0.738521,910,217,303,261,-1,-1,-1,-1
374,1,0,0.950333,10,15,1897,452,-1,-1,-1,-1
374,2,4,0.740927,911,217,301,260,-1,-1,-1,-1
375,1,0,0.949982,10,16,1898,452,-1,-1,-1,-1
375,2,4,0.737885,910,218,303,259,-1,-1,-1,-1
376,1,0,0.948913,10,15,1897,453,-1,-1,-1,-1
376,2,4,0.729131,911,218,301,260,-1,-1,-1,-1
377,1,0,0.948288,9,15,1899,452,-1,-1,-1,-1
377,2,4,0.729787,911,218,300,260,-1,-1,-1,-1
378,1,0,0.94805,9,16,1899,452,-1,-1,-1,-1
378,2,4,0.739648,914,218,296,259,-1,-1,-1,-1
379,1,0,0.947776,10,15,1898,453,-1,-1,-1,-1
379,2,4,0.742102,913,217,297,261,-1,-1,-1,-1
380,1,0,0.947566,10,15,1898,452,-1,-1,-1,-1
380,2,4,0.745386,913,217,297,260,-1,-1,-1,-1
381,1,0,0.9479,10,16,1898,452,-1,-1,-1,-1
381,2,4,0.747263,912,216,299,261,-1,-1,-1,-1
382,1,0,0.947607,10,16,1898,452,-1,-1,-1,-1
382,2,4,0.725342,911,215,299,262,-1,-1,-1,-1
383,1,0,0.947159,11,15,1896,453,-1,-1,-1,-1
383,2,4,0.717224,909,214,302,264,-1,-1,-1,-1
384,1,0,0.947871,10,16,1899,452,-1,-1,-1,-1
384,2,4,0.689886,910,214,299,262,-1,-1,-1,-1
385,1,0,0.947788,10,16,1899,452,-1,-1,-1,-1
385,2,4,0.690747,910,213,298,263,-1,-1,-1,-1
386,1,0,0.948117,10,16,1899,452,-1,-1,-1,-1
386,2,4,0.699477,910,213,299,263,-1,-1,-1,-1
387,1,0,0.948408,11,16,1898,452,-1,-1,-1,-1
387,2,4,0.704307,909,213,300,263,-1,-1,-1,-1
388,1,0,0.947019,11,16,1898,452,-1,-1,-1,-1
388,2,4,0.702468,909,214,300,262,-1,-1,-1,-1
389,1,0,0.947783,11,16,1898,452,-1,-1,-1,-1
389,2,4,0.705164,909,214,299,261,-1,-1,-1,-1
390,1,0,0.94841,11,16,1898,452,-1,-1,-1,-1
390,2,4,0.694426,909,215,298,259,-1,-1,-1,-1
391,1,0,0.947491,11,16,1898,452,-1,-1,-1,-1
391,2,4,0.70811,911,216,295,257,-1,-1,-1,-1
392,1,0,0.948111,10,15,1899,452,-1,-1,-1,-1
392,2,4,0.694371,911,216,295,257,-1,-1,-1,-1
393,1,0,0.948977,10,16,1898,451,-1,-1,-1,-1
393,2,4,0.701841,913,216,293,258,-1,-1,-1,-1
394,1,0,0.948873,11,16,1896,451,-1,-1,-1,-1
394,2,4,0.709099,913,215,293,259,-1,-1,-1,-1
395,1,0,0.949353,11,16,1896,451,-1,-1,-1,-1
395,2,4,0.730594,915,215,290,259,-1,-1,-1,-1
396,1,0,0.948101,10,16,1899,450,-1,-1,-1,-1
396,2,4,0.741174,915,214,291,260,-1,-1,-1,-1
397,1,0,0.947413,12,16,1895,451,-1,-1,-1,-1
397,2,4,0.752656,915,213,291,262,-1,-1,-1,-1
398,1,0,0.948468,10,16,1898,451,-1,-1,-1,-1
398,2,4,0.735701,913,213,293,262,-1,-1,-1,-1
399,1,0,0.948417,11,17,1897,449,-1,-1,-1,-1
399,2,4,0.735844,913,213,293,261,-1,-1,-1,-1
400,1,0,0.947557,11,17,1897,450,-1,-1,-1,-1
400,2,4,0.73481,913,212,291,262,-1,-1,-1,-1
401,1,0,0.947179,12,17,1896,450,-1,-1,-1,-1
401,2,4,0.744416,912,211,292,262,-1,-1,-1,-1
402,1,0,0.946559,12,16,1896,450,-1,-1,-1,-1
402,2,4,0.74877,910,210,295,263,-1,-1,-1,-1
403,1,0,0.946669,12,16,1897,450,-1,-1,-1,-1
403,2,4,0.749712,910,210,296,263,-1,-1,-1,-1
404,1,0,0.946612,11,16,1898,451,-1,-1,-1,-1
404,2,4,0.765557,912,210,294,264,-1,-1,-1,-1
405,1,0,0.947077,12,17,1896,450,-1,-1,-1,-1
405,2,4,0.760795,911,210,295,265,-1,-1,-1,-1
406,1,0,0.946653,12,17,1896,449,-1,-1,-1,-1
406,2,4,0.767248,911,211,296,263,-1,-1,-1,-1
407,1,0,0.946098,12,17,1896,450,-1,-1,-1,-1
407,2,4,0.769774,911,211,296,263,-1,-1,-1,-1
408,1,0,0.946355,12,17,1896,449,-1,-1,-1,-1
408,2,4,0.769839,911,212,295,262,-1,-1,-1,-1
409,1,0,0.947011,12,17,1896,449,-1,-1,-1,-1
409,2,4,0.760907,913,211,293,263,-1,-1,-1,-1
410,1,0,0.947363,11,17,1898,449,-1,-1,-1,-1
410,2,4,0.759799,911,211,296,264,-1,-1,-1,-1
411,1,0,0.947984,12,17,1896,449,-1,-1,-1,-1
411,2,4,0.750061,911,211,296,263,-1,-1,-1,-1
412,1,0,0.948302,11,16,1898,449,-1,-1,-1,-1
412,2,4,0.742295,913,211,293,263,-1,-1,-1,-1
413,1,0,0.947706,12,16,1896,449,-1,-1,-1,-1
413,2,4,0.749291,911,210,297,264,-1,-1,-1,-1
414,1,0,0.947674,12,17,1896,448,-1,-1,-1,-1
414,2,4,0.754613,910,210,298,263,-1,-1,-1,-1
415,1,0,0.948141,12,17,1896,448,-1,-1,-1,-1
415,2,4,0.747894,911,211,296,263,-1,-1,-1,-1
416,1,0,0.948513,11,16,1898,449,-1,-1,-1,-1
416,2,4,0.741586,908,214,301,259,-1,-1,-1,-1
417,1,0,0.949191,12,16,1896,449,-1,-1,-1,-1
417,2,4,0.727501,907,215,302,258,-1,-1,-1,-1
418,1,0,0.947944,12,16,1896,449,-1,-1,-1,-1
418,2,4,0.752623,907,214,302,259,-1,-1,-1,-1
419,1,0,0.947269,12,17,1896,448,-1,-1,-1,-1
419,2,4,0.75784,905,214,305,259,-1,-1,-1,-1
420,1,0,0.946945,12,16,1896,450,-1,-1,-1,-1
420,2,4,0.762486,906,213,303,260,-1,-1,-1,-1
421,1,0,0.947521,11,17,1898,450,-1,-1,-1,-1
421,2,4,0.744658,906,213,303,260,-1,-1,-1,-1
422,1,0,0.947602,11,17,1898,449,-1,-1,-1,-1
422,2,4,0.751136,907,214,302,258,-1,-1,-1,-1
423,1,0,0.947639,12,16,1896,450,-1,-1,-1,-1
423,2,4,0.733171,906,214,304,259,-1,-1,-1,-1
424,1,0,0.947284,11,17,1898,450,-1,-1,-1,-1
424,2,4,0.742495,908,215,300,257,-1,-1,-1,-1
425,1,0,0.947567,11,17,1898,449,-1,-1,-1,-1
425,2,4,0.741445,909,215,300,257,-1,-1,-1,-1
426,1,0,0.947476,12,16,1896,450,-1,-1,-1,-1
426,2,4,0.731232,910,215,297,257,-1,-1,-1,-1
427,1,0,0.947222,11,16,1898,450,-1,-1,-1,-1
427,2,4,0.72834,910,214,296,258,-1,-1,-1,-1
428,1,0,0.946242,12,16,1897,450,-1,-1,-1,-1
428,2,4,0.747841,909,213,299,259,-1,-1,-1,-1
429,1,0,0.946313,12,16,1897,450,-1,-1,-1,-1
429,2,4,0.733736,909,213,298,260,-1,-1,-1,-1
430,1,0,0.946069,12,17,1897,450,-1,-1,-1,-1
430,2,4,0.748909,907,212,302,262,-1,-1,-1,-1
431,1,0,0.946569,12,17,1897,450,-1,-1,-1,-1
431,2,4,0.750989,907,212,301,261,-1,-1,-1,-1
432,1,0,0.946282,13,17,1895,450,-1,-1,-1,-1
432,2,4,0.747267,907,212,300,261,-1,-1,-1,-1
433,1,0,0.946537,12,17,1897,450,-1,-1,-1,-1
433,2,4,0.747963,906,211,303,263,-1,-1,-1,-1
434,1,0,0.944479,12,16,1896,451,-1,-1,-1,-1
434,2,4,0.781785,907,211,301,262,-1,-1,-1,-1
435,1,0,0.94543,11,17,1898,451,-1,-1,-1,-1
435,2,4,0.767627,906,210,303,264,-1,-1,-1,-1
436,1,0,0.945324,12,16,1896,452,-1,-1,-1,-1
436,2,4,0.768823,906,210,303,264,-1,-1,-1,-1
437,1,0,0.945176,11,17,1898,451,-1,-1,-1,-1
437,2,4,0.768774,906,210,303,264,-1,-1,-1,-1
438,1,0,0.945307,11,17,1898,451,-1,-1,-1,-1
438,2,4,0.768524,905,209,305,266,-1,-1,-1,-1
439,1,0,0.945525,12,16,1896,452,-1,-1,-1,-1
439,2,4,0.755354,906,210,305,264,-1,-1,-1,-1
440,1,0,0.945613,12,16,1896,453,-1,-1,-1,-1
440,2,4,0.750238,907,210,304,263,-1,-1,-1,-1
441,1,0,0.945799,11,16,1898,453,-1,-1,-1,-1
441,2,4,0.749703,906,209,305,265,-1,-1,-1,-1
442,1,0,0.943563,12,16,1897,452,-1,-1,-1,-1
442,2,4,0.756798,906,209,303,264,-1,-1,-1,-1
443,1,0,0.944436,11,17,1898,452,-1,-1,-1,-1
443,2,4,0.748541,907,210,300,263,-1,-1,-1,-1
444,1,0,0.943922,12,17,1896,452,-1,-1,-1,-1
444,2,4,0.77941,907,209,301,264,-1,-1,-1,-1
445,1,0,0.944469,12,17,1896,452,-1,-1,-1,-1
445,2,4,0.795466,905,209,305,264,-1,-1,-1,-1
446,1,0,0.944338,12,17,1897,452,-1,-1,-1,-1
446,2,4,0.798259,904,209,305,265,-1,-1,-1,-1
447,1,0,0.945662,12,17,1897,451,-1,-1,-1,-1
447,2,4,0.803403,905,209,303,264,-1,-1,-1,-1
448,1,0,0.945376,13,16,1895,452,-1,-1,-1,-1
448,2,4,0.814407,905,209,306,265,-1,-1,-1,-1
449,1,0,0.945392,12,17,1897,451,-1,-1,-1,-1
449,2,4,0.818476,907,210,304,264,-1,-1,-1,-1
450,1,0,0.944705,12,17,1896,450,-1,-1,-1,-1
450,2,4,0.8255,906,209,307,266,-1,-1,-1,-1
451,1,0,0.94466,12,17,1896,450,-1,-1,-1,-1
451,2,4,0.828003,905,209,308,266,-1,-1,-1,-1
452,1,0,0.945252,12,17,1896,451,-1,-1,-1,-1
452,2,4,0.825153,906,209,307,265,-1,-1,-1,-1
453,1,0,0.946007,11,17,1898,451,-1,-1,-1,-1
453,2,4,0.818522,907,209,307,265,-1,-1,-1,-1
454,1,0,0.94501,12,16,1896,451,-1,-1,-1,-1
454,2,4,0.818228,906,208,308,267,-1,-1,-1,-1
455,1,0,0.944854,11,16,1898,452,-1,-1,-1,-1
455,2,4,0.809136,907,208,307,266,-1,-1,-1,-1
456,1,0,0.945233,12,17,1896,451,-1,-1,-1,-1
456,2,4,0.811709,906,208,308,266,-1,-1,-1,-1
457,1,0,0.944786,12,16,1896,452,-1,-1,-1,-1
457,2,4,0.82952,908,208,306,266,-1,-1,-1,-1
458,1,0,0.944737,11,17,1898,451,-1,-1,-1,-1
458,2,4,0.841992,909,208,306,265,-1,-1,-1,-1
459,1,0,0.944475,11,16,1898,451,-1,-1,-1,-1
459,2,4,0.841911,908,207,307,267,-1,-1,-1,-1
460,1,0,0.944265,12,16,1896,451,-1,-1,-1,-1
460,2,4,0.841487,909,208,304,266,-1,-1,-1,-1
461,1,0,0.943621,13,16,1895,452,-1,-1,-1,-1
461,2,4,0.85042,908,207,306,268,-1,-1,-1,-1
462,1,0,0.944126,12,17,1897,452,-1,-1,-1,-1
462,2,4,0.852192,907,207,308,268,-1,-1,-1,-1
463,1,0,0.943423,12,17,1897,452,-1,-1,-1,-1
463,2,4,0.856734,908,207,306,267,-1,-1,-1,-1
464,1,0,0.943152,12,17,1898,452,-1,-1,-1,-1
464,2,4,0.865352,907,206,309,269,-1,-1,-1,-1
465,1,0,0.942904,12,16,1898,453,-1,-1,-1,-1
465,2,4,0.863016,908,206,308,269,-1,-1,-1,-1
466,1,0,0.944963,11,16,1899,453,-1,-1,-1,-1
466,2,4,0.856165,907,206,309,269,-1,-1,-1,-1
467,1,0,0.944528,12,17,1898,451,-1,-1,-1,-1
467,2,4,0.856554,908,206,306,268,-1,-1,-1,-1
468,1,0,0.945581,13,17,1895,451,-1,-1,-1,-1
468,2,4,0.847847,907,206,307,269,-1,-1,-1,-1
469,1,0,0.946698,12,17,1896,451,-1,-1,-1,-1
469,2,4,0.847241,909,206,304,268,-1,-1,-1,-1
470,1,0,0.9462,12,17,1896,451,-1,-1,-1,-1
470,2,4,0.845897,908,206,306,269,-1,-1,-1,-1
471,1,0,0.946737,12,16,1896,451,-1,-1,-1,-1
471,2,4,0.831529,909,205,303,270,-1,-1,-1,-1
472,1,0,0.946051,13,16,1895,452,-1,-1,-1,-1
472,2,4,0.83604,909,204,304,272,-1,-1,-1,-1
473,1,0,0.946473,12,17,1897,451,-1,-1,-1,-1
473,2,4,0.831397,909,205,305,271,-1,-1,-1,-1
474,1,0,0.946666,13,16,1895,451,-1,-1,-1,-1
474,2,4,0.834068,909,205,305,271,-1,-1,-1,-1
475,1,0,0.947469,13,16,1895,451,-1,-1,-1,-1
475,2,4,0.83108,909,205,304,271,-1,-1,-1,-1
476,1,0,0.946235,13,16,1894,452,-1,-1,-1,-1
476,2,4,0.838078,909,205,303,270,-1,-1,-1,-1
477,1,0,0.946717,11,17,1897,451,-1,-1,-1,-1
477,2,4,0.842873,908,205,302,270,-1,-1,-1,-1
478,1,0,0.947176,12,17,1896,451,-1,-1,-1,-1
478,2,4,0.830578,907,205,303,270,-1,-1,-1,-1
479,1,0,0.946473,12,17,1895,451,-1,-1,-1,-1
479,2,4,0.836669,907,205,302,270,-1,-1,-1,-1
480,1,0,0.946731,12,17,1895,451,-1,-1,-1,-1
480,2,4,0.831683,907,206,300,269,-1,-1,-1,-1
481,1,0,0.945881,13,16,1894,452,-1,-1,-1,-1
481,2,4,0.831369,907,205,300,269,-1,-1,-1,-1
482,1,0,0.945657,12,17,1897,451,-1,-1,-1,-1
482,2,4,0.840404,906,205,302,270,-1,-1,-1,-1
483,1,0,0.945952,13,17,1895,451,-1,-1,-1,-1
483,2,4,0.832319,907,206,300,269,-1,-1,-1,-1
484,1,0,0.945836,13,16,1894,452,-1,-1,-1,-1
484,2,4,0.832292,909,206,298,269,-1,-1,-1,-1
485,1,0,0.947009,11,17,1897,451,-1,-1,-1,-1
485,2,4,0.824171,908,206,299,270,-1,-1,-1,-1
486,1,0,0.946839,12,16,1895,451,-1,-1,-1,-1
486,2,4,0.816301,909,205,298,270,-1,-1,-1,-1
487,1,0,0.947304,11,16,1897,451,-1,-1,-1,-1
487,2,4,0.793681,910,205,295,269,-1,-1,-1,-1
488,1,0,0.947802,12,17,1895,451,-1,-1,-1,-1
488,2,4,0.791637,910,204,296,271,-1,-1,-1,-1
489,1,0,0.947452,12,16,1896,451,-1,-1,-1,-1
489,2,4,0.787119,911,205,296,270,-1,-1,-1,-1
490,1,0,0.947751,11,16,1898,451,-1,-1,-1,-1
490,2,4,0.784076,911,205,294,269,-1,-1,-1,-1
491,1,0,0.94667,12,16,1896,451,-1,-1,-1,-1
491,2,4,0.808652,910,203,295,271,-1,-1,-1,-1
492,1,0,0.945741,13,16,1895,451,-1,-1,-1,-1
492,2,4,0.818968,908,202,298,272,-1,-1,-1,-1
493,1,0,0.945814,13,16,1895,452,-1,-1,-1,-1
493,2,4,0.821555,909,202,297,272,-1,-1,-1,-1
494,1,0,0.944695,12,16,1897,453,-1,-1,-1,-1
494,2,4,0.830621,908,201,299,274,-1,-1,-1,-1
495,1,0,0.944566,13,17,1895,452,-1,-1,-1,-1
495,2,4,0.831212,908,201,299,274,-1,-1,-1,-1
496,1,0,0.945716,12,17,1897,452,-1,-1,-1,-1
496,2,4,0.827348,908,202,298,273,-1,-1,-1,-1
497,1,0,0.945073,13,16,1895,452,-1,-1,-1,-1
497,2,4,0.831063,909,202,296,273,-1,-1,-1,-1
498,1,0,0.945962,12,17,1897,451,-1,-1,-1,-1
498,2,4,0.834922,908,201,299,275,-1,-1,-1,-1
499,1,0,0.945379,13,16,1895,451,-1,-1,-1,-1
499,2,4,0.840027,910,201,296,274,-1,-1,-1,-1
500,1,0,0.945513,13,16,1895,452,-1,-1,-1,-1
500,2,4,0.825062,909,200,297,276,-1,-1,-1,-1
501,1,0,0.945623,11,17,1898,452,-1,-1,-1,-1
501,2,4,0.820576,910,200,297,276,-1,-1,-1,-1
502,1,0,0.946727,11,17,1898,452,-1,-1,-1,-1
502,2,4,0.824796,911,199,296,276,-1,-1,-1,-1
503,1,0,0.94699,11,16,1898,453,-1,-1,-1,-1
503,2,4,0.810894,910,198,298,277,-1,-1,-1,-1
504,1,0,0.945728,12,17,1896,451,-1,-1,-1,-1
504,2,4,0.819075,911,199,297,276,-1,-1,-1,-1
505,1,0,0.947001,12,17,1895,451,-1,-1,-1,-1
505,2,4,0.804907,912,200,296,275,-1,-1,-1,-1
506,1,0,0.947316,11,16,1898,453,-1,-1,-1,-1
506,2,4,0.80376,912,201,296,274,-1,-1,-1,-1
507,1,0,0.946947,12,16,1897,453,-1,-1,-1,-1
507,2,4,0.824523,913,200,295,274,-1,-1,-1,-1
508,1,0,0.946581,13,17,1895,451,-1,-1,-1,-1
508,2,4,0.828573,910,199,298,275,-1,-1,-1,-1
509,1,0,0.94691,12,17,1897,451,-1,-1,-1,-1
509,2,4,0.820481,910,199,297,275,-1,-1,-1,-1
510,1,0,0.946614,13,17,1895,451,-1,-1,-1,-1
510,2,4,0.819286,909,198,299,277,-1,-1,-1,-1
511,1,0,0.945976,12,16,1897,451,-1,-1,-1,-1
511,2,4,0.832194,908,198,300,276,-1,-1,-1,-1
512,1,0,0.946201,12,16,1897,452,-1,-1,-1,-1
512,2,4,0.83454,909,197,298,277,-1,-1,-1,-1
513,1,0,0.946424,13,17,1896,450,-1,-1,-1,-1
513,2,4,0.830189,908,197,300,277,-1,-1,-1,-1
514,1,0,0.946127,13,17,1895,451,-1,-1,-1,-1
514,2,4,0.832157,909,197,299,278,-1,-1,-1,-1
515,1,0,0.946418,13,17,1895,451,-1,-1,-1,-1
515,2,4,0.838813,908,197,299,278,-1,-1,-1,-1
516,1,0,0.946746,13,17,1895,451,-1,-1,-1,-1
516,2,4,0.836332,908,197,300,278,-1,-1,-1,-1
517,1,0,0.947298,13,16,1895,451,-1,-1,-1,-1
517,2,4,0.833315,910,197,297,277,-1,-1,-1,-1
518,1,0,0.947227,13,16,1895,451,-1,-1,-1,-1
518,2,4,0.836049,910,196,298,278,-1,-1,-1,-1
519,1,0,0.947305,13,16,1895,451,-1,-1,-1,-1
519,2,4,0.832375,911,195,297,279,-1,-1,-1,-1
520,1,0,0.946952,13,16,1895,452,-1,-1,-1,-1
520,2,4,0.821204,911,195,299,280,-1,-1,-1,-1
521,1,0,0.947169,11,16,1898,452,-1,-1,-1,-1
521,2,4,0.816146,912,195,297,279,-1,-1,-1,-1
522,1,0,0.947286,12,16,1897,451,-1,-1,-1,-1
522,2,4,0.800846,912,194,297,281,-1,-1,-1,-1
523,1,0,0.946781,13,16,1895,451,-1,-1,-1,-1
523,2,4,0.814423,912,194,296,281,-1,-1,-1,-1
524,1,0,0.946034,13,16,1895,452,-1,-1,-1,-1
524,2,4,0.823955,911,195,297,280,-1,-1,-1,-1
525,1,0,0.945279,12,16,1898,453,-1,-1,-1,-1
525,2,4,0.834759,911,195,296,279,-1,-1,-1,-1
526,1,0,0.945566,13,17,1896,451,-1,-1,-1,-1
526,2,4,0.84071,909,194,300,280,-1,-1,-1,-1
527,1,0,0.945094,13,17,1896,452,-1,-1,-1,-1
527,2,4,0.846965,910,194,298,280,-1,-1,-1,-1
528,1,0,0.944776,12,17,1898,451,-1,-1,-1,-1
528,2,4,0.851756,908,193,301,282,-1,-1,-1,-1
529,1,0,0.944626,12,16,1898,451,-1,-1,-1,-1
529,2,4,0.858637,908,193,300,281,-1,-1,-1,-1
530,1,0,0.944696,12,16,1899,452,-1,-1,-1,-1
530,2,4,0.86617,908,192,302,283,-1,-1,-1,-1
531,1,0,0.944659,12,16,1898,451,-1,-1,-1,-1
531,2,4,0.870758,910,192,300,282,-1,-1,-1,-1
532,1,0,0.945722,13,16,1896,451,-1,-1,-1,-1
532,2,4,0.862666,909,191,303,283,-1,-1,-1,-1
533,1,0,0.945617,12,16,1898,452,-1,-1,-1,-1
533,2,4,0.865783,910,191,300,283,-1,-1,-1,-1
534,1,0,0.945866,13,16,1895,452,-1,-1,-1,-1
534,2,4,0.831624,910,190,299,284,-1,-1,-1,-1
535,1,0,0.946924,12,17,1896,452,-1,-1,-1,-1
535,2,4,0.817892,911,189,297,284,-1,-1,-1,-1
536,1,0,0.94662,13,16,1895,453,-1,-1,-1,-1
536,2,4,0.812033,913,188,295,286,-1,-1,-1,-1
537,1,0,0.9468,12,17,1897,452,-1,-1,-1,-1
537,2,4,0.810593,912,188,297,286,-1,-1,-1,-1
538,1,0,0.94722,13,16,1895,452,-1,-1,-1,-1
538,2,4,0.78116,912,188,298,286,-1,-1,-1,-1
539,1,0,0.946208,13,16,1895,452,-1,-1,-1,-1
539,2,4,0.798177,911,188,298,286,-1,-1,-1,-1
540,1,0,0.946715,12,16,1897,453,-1,-1,-1,-1
540,2,4,0.784769,911,189,298,285,-1,-1,-1,-1
541,1,0,0.946472,13,16,1895,453,-1,-1,-1,-1
541,2,4,0.777387,912,189,296,284,-1,-1,-1,-1
542,1,0,0.946606,12,17,1897,452,-1,-1,-1,-1
542,2,4,0.767772,911,188,297,285,-1,-1,-1,-1
543,1,0,0.946692,13,17,1895,452,-1,-1,-1,-1
543,2,4,0.783242,910,188,299,286,-1,-1,-1,-1
544,1,0,0.947648,13,17,1895,451,-1,-1,-1,-1
544,2,4,0.786698,910,188,298,285,-1,-1,-1,-1
545,1,0,0.947656,12,16,1898,452,-1,-1,-1,-1
545,2,4,0.787488,911,188,297,285,-1,-1,-1,-1
546,1,0,0.947698,12,16,1897,453,-1,-1,-1,-1
546,2,4,0.789347,911,188,298,286,-1,-1,-1,-1
547,1,0,0.948014,13,17,1896,451,-1,-1,-1,-1
547,2,4,0.776679,911,188,298,285,-1,-1,-1,-1
548,1,0,0.948631,11,17,1899,451,-1,-1,-1,-1
548,2,4,0.768075,911,188,298,286,-1,-1,-1,-1
549,1,0,0.948891,12,16,1897,451,-1,-1,-1,-1
549,2,4,0.774553,911,189,298,285,-1,-1,-1,-1
550,1,0,0.948988,11,16,1898,451,-1,-1,-1,-1
550,2,4,0.758745,918,183,288,289,-1,-1,-1,-1
551,1,0,0.948718,12,16,1896,452,-1,-1,-1,-1
551,2,4,0.761366,919,182,288,291,-1,-1,-1,-1
552,1,0,0.949173,12,15,1896,453,-1,-1,-1,-1
552,2,4,0.743158,918,182,290,292,-1,-1,-1,-1
553,1,0,0.949598,11,15,1898,453,-1,-1,-1,-1
553,2,4,0.728043,920,182,287,291,-1,-1,-1,-1
554,1,0,0.950134,11,16,1898,453,-1,-1,-1,-1
554,2,4,0.710104,918,181,290,292,-1,-1,-1,-1
555,1,0,0.948762,11,16,1898,453,-1,-1,-1,-1
555,2,4,0.712279,916,181,294,292,-1,-1,-1,-1
556,1,0,0.947879,11,16,1898,452,-1,-1,-1,-1
556,2,4,0.769887,910,186,300,287,-1,-1,-1,-1
557,1,0,0.949231,12,16,1896,453,-1,-1,-1,-1
557,2,4,0.728146,915,182,294,290,-1,-1,-1,-1
558,1,0,0.948646,11,15,1898,453,-1,-1,-1,-1
558,2,4,0.750698,914,181,296,291,-1,-1,-1,-1
559,1,0,0.949477,11,16,1898,452,-1,-1,-1,-1
559,2,4,0.760959,915,181,295,291,-1,-1,-1,-1
560,1,0,0.950326,12,16,1896,452,-1,-1,-1,-1
560,2,4,0.744255,914,181,297,291,-1,-1,-1,-1
561,1,0,0.94881,11,15,1898,452,-1,-1,-1,-1
561,2,4,0.760481,914,181,297,291,-1,-1,-1,-1
562,1,0,0.949859,12,15,1896,452,-1,-1,-1,-1
562,2,4,0.755266,914,181,297,291,-1,-1,-1,-1
563,1,0,0.948982,11,16,1898,451,-1,-1,-1,-1
563,2,4,0.765515,914,181,297,291,-1,-1,-1,-1
564,1,0,0.948631,12,16,1897,451,-1,-1,-1,-1
564,2,4,0.765888,916,181,294,291,-1,-1,-1,-1
565,1,0,0.948431,12,16,1898,451,-1,-1,-1,-1
565,2,4,0.764087,916,180,294,292,-1,-1,-1,-1
566,1,0,0.947601,11,16,1900,451,-1,-1,-1,-1
566,2,4,0.759157,917,180,294,292,-1,-1,-1,-1
567,1,0,0.947404,12,17,1898,450,-1,-1,-1,-1
567,2,4,0.782489,917,180,292,292,-1,-1,-1,-1
568,1,0,0.948488,11,17,1899,450,-1,-1,-1,-1
568,2,4,0.76245,919,180,289,292,-1,-1,-1,-1
569,1,0,0.948672,12,16,1897,451,-1,-1,-1,-1
569,2,4,0.74528,920,179,289,293,-1,-1,-1,-1
570,1,0,0.94855,12,16,1898,451,-1,-1,-1,-1
570,2,4,0.737572,921,179,287,293,-1,-1,-1,-1
571,1,0,0.947312,11,16,1899,451,-1,-1,-1,-1
571,2,4,0.780776,918,178,289,295,-1,-1,-1,-1
572,1,0,0.947218,11,17,1899,450,-1,-1,-1,-1
572,2,4,0.790157,910,183,298,291,-1,-1,-1,-1
573,1,0,0.9462,12,16,1897,451,-1,-1,-1,-1
573,2,4,0.811096,911,184,296,290,-1,-1,-1,-1
574,1,0,0.946582,12,17,1897,451,-1,-1,-1,-1
574,2,4,0.810452,910,184,298,291,-1,-1,-1,-1
575,1,0,0.946532,12,17,1897,451,-1,-1,-1,-1
575,2,4,0.795678,909,183,299,291,-1,-1,-1,-1
576,1,0,0.947007,11,17,1899,450,-1,-1,-1,-1
576,2,4,0.816874,908,183,303,291,-1,-1,-1,-1
577,1,0,0.946758,11,16,1899,450,-1,-1,-1,-1
577,2,4,0.822588,909,182,303,292,-1,-1,-1,-1
578,1,0,0.947189,12,17,1897,449,-1,-1,-1,-1
578,2,4,0.833102,908,182,304,293,-1,-1,-1,-1
579,1,0,0.946999,12,16,1897,450,-1,-1,-1,-1
579,2,4,0.836392,908,182,305,293,-1,-1,-1,-1
580,1,0,0.947775,11,17,1899,450,-1,-1,-1,-1
580,2,4,0.830348,915,179,297,295,-1,-1,-1,-1
581,1,0,0.946895,12,17,1898,449,-1,-1,-1,-1
581,2,4,0.828426,915,178,297,297,-1,-1,-1,-1
582,1,0,0.946728,12,17,1898,450,-1,-1,-1,-1
582,2,4,0.839831,909,181,304,294,-1,-1,-1,-1
583,1,0,0.946952,11,16,1900,451,-1,-1,-1,-1
583,2,4,0.827787,909,181,304,294,-1,-1,-1,-1
584,1,0,0.945458,12,16,1898,452,-1,-1,-1,-1
584,2,4,0.833047,910,181,304,293,-1,-1,-1,-1
585,1,0,0.945721,11,17,1899,451,-1,-1,-1,-1
585,2,4,0.82402,910,180,304,295,-1,-1,-1,-1
586,1,0,0.946467,12,16,1897,452,-1,-1,-1,-1
586,2,4,0.811601,911,180,303,295,-1,-1,-1,-1
587,1,0,0.946342,11,16,1899,451,-1,-1,-1,-1
587,2,4,0.789381,918,177,294,297,-1,-1,-1,-1
588,1,0,0.945607,11,16,1899,452,-1,-1,-1,-1
588,2,4,0.806117,911,180,301,295,-1,-1,-1,-1
589,1,0,0.945264,12,16,1897,452,-1,-1,-1,-1
589,2,4,0.811021,911,180,301,294,-1,-1,-1,-1
590,1,0,0.94485,12,15,1898,452,-1,-1,-1,-1
590,2,4,0.809399,911,179,301,296,-1,-1,-1,-1
591,1,0,0.944983,12,16,1897,452,-1,-1,-1,-1
591,2,4,0.810575,911,179,301,296,-1,-1,-1,-1
592,1,0,0.944719,12,15,1899,453,-1,-1,-1,-1
592,2,4,0.822299,910,179,304,297,-1,-1,-1,-1
593,1,0,0.945201,13,15,1897,453,-1,-1,-1,-1
593,2,4,0.819766,911,179,302,297,-1,-1,-1,-1
594,1,0,0.945091,11,16,1900,452,-1,-1,-1,-1
594,2,4,0.818647,911,178,303,298,-1,-1,-1,-1
595,1,0,0.944172,11,16,1899,452,-1,-1,-1,-1
595,2,4,0.833443,910,177,306,299,-1,-1,-1,-1
596,1,0,0.94429,11,17,1900,451,-1,-1,-1,-1
596,2,4,0.839961,910,177,306,299,-1,-1,-1,-1
597,1,0,0.943079,12,17,1898,451,-1,-1,-1,-1
597,2,4,0.836706,912,177,304,299,-1,-1,-1,-1
598,1,0,0.944057,12,16,1898,452,-1,-1,-1,-1
598,2,4,0.827268,912,177,302,299,-1,-1,-1,-1
599,1,0,0.943519,12,15,1899,453,-1,-1,-1,-1
599,2,4,0.827005,911,176,304,300,-1,-1,-1,-1
600,1,0,0.944461,12,16,1898,451,-1,-1,-1,-1
600,2,4,0.819076,912,176,302,300,-1,-1,-1,-1
601,1,0,0.944783,12,17,1898,451,-1,-1,-1,-1
601,2,4,0.817772,913,175,299,300,-1,-1,-1,-1
602,1,0,0.945437,13,16,1896,452,-1,-1,-1,-1
602,2,4,0.799853,911,174,303,302,-1,-1,-1,-1
603,1,0,0.945176,12,17,1898,452,-1,-1,-1,-1
603,2,4,0.812462,910,174,303,302,-1,-1,-1,-1
604,1,0,0.944743,12,17,1899,452,-1,-1,-1,-1
604,2,4,0.811601,910,174,303,302,-1,-1,-1,-1
605,1,0,0.94547,12,17,1898,451,-1,-1,-1,-1
605,2,4,0.821554,909,175,305,301,-1,-1,-1,-1
606,1,0,0.944207,13,16,1896,452,-1,-1,-1,-1
606,2,4,0.844322,909,175,306,301,-1,-1,-1,-1
607,1,0,0.944724,12,17,1898,452,-1,-1,-1,-1
607,2,4,0.841051,909,175,307,301,-1,-1,-1,-1
608,1,0,0.944246,12,17,1899,451,-1,-1,-1,-1
608,2,4,0.853596,909,175,307,301,-1,-1,-1,-1
609,1,0,0.943977,13,16,1897,452,-1,-1,-1,-1
609,2,4,0.849087,909,175,307,301,-1,-1,-1,-1
610,1,0,0.942295,12,17,1899,452,-1,-1,-1,-1
610,2,4,0.847789,909,175,307,301,-1,-1,-1,-1
611,1,0,0.943255,12,17,1899,452,-1,-1,-1,-1
611,2,4,0.842327,910,175,305,300,-1,-1,-1,-1
612,1,0,0.942641,13,17,1897,451,-1,-1,-1,-1
612,2,4,0.836208,909,174,308,301,-1,-1,-1,-1
613,1,0,0.94174,12,16,1899,452,-1,-1,-1,-1
613,2,4,0.839802,911,174,306,301,-1,-1,-1,-1
614,1,0,0.942159,13,17,1897,451,-1,-1,-1,-1
614,2,4,0.841602,909,174,310,302,-1,-1,-1,-1
615,1,0,0.94245,12,17,1899,452,-1,-1,-1,-1
615,2,4,0.836459,909,174,309,302,-1,-1,-1,-1
616,1,0,0.942819,11,17,1900,452,-1,-1,-1,-1
616,2,4,0.831353,909,174,308,301,-1,-1,-1,-1
617,1,0,0.943311,11,16,1900,453,-1,-1,-1,-1
617,2,4,0.834625,910,174,307,300,-1,-1,-1,-1
618,1,0,0.944112,11,17,1900,451,-1,-1,-1,-1
618,2,4,0.818956,910,174,306,300,-1,-1,-1,-1
619,1,0,0.943842,12,16,1898,452,-1,-1,-1,-1
619,2,4,0.824482,910,173,306,301,-1,-1,-1,-1
620,1,0,0.943721,12,16,1898,453,-1,-1,-1,-1
620,2,4,0.831706,909,172,308,302,-1,-1,-1,-1
621,1,0,0.943959,11,16,1900,452,-1,-1,-1,-1
621,2,4,0.82821,909,172,308,302,-1,-1,-1,-1
622,1,0,0.943787,12,16,1898,453,-1,-1,-1,-1
622,2,4,0.824048,908,172,309,302,-1,-1,-1,-1
623,1,0,0.944265,11,16,1900,452,-1,-1,-1,-1
623,2,4,0.823653,909,172,307,303,-1,-1,-1,-1
624,1,0,0.944076,12,16,1898,453,-1,-1,-1,-1
624,2,4,0.826318,908,172,310,304,-1,-1,-1,-1
625,1,0,0.944397,11,16,1900,452,-1,-1,-1,-1
625,2,4,0.82933,909,172,308,304,-1,-1,-1,-1
626,1,0,0.942348,12,16,1898,453,-1,-1,-1,-1
626,2,4,0.832537,908,172,311,303,-1,-1,-1,-1
627,1,0,0.942113,11,17,1901,453,-1,-1,-1,-1
627,2,4,0.829452,909,172,310,302,-1,-1,-1,-1
628,1,0,0.940567,12,16,1899,454,-1,-1,-1,-1
628,2,4,0.815094,908,171,311,303,-1,-1,-1,-1
629,1,0,0.940945,12,15,1900,454,-1,-1,-1,-1
629,2,4,0.821515,909,171,309,304,-1,-1,-1,-1
630,1,0,0.941006,11,16,1900,453,-1,-1,-1,-1
630,2,4,0.822605,908,171,311,305,-1,-1,-1,-1
631,1,0,0.9408,12,16,1898,454,-1,-1,-1,-1
631,2,4,0.817926,909,171,310,305,-1,-1,-1,-1
632,1,0,0.940662,11,15,1900,455,-1,-1,-1,-1
632,2,4,0.820303,908,171,310,305,-1,-1,-1,-1
633,1,0,0.941263,11,16,1900,454,-1,-1,-1,-1
633,2,4,0.806732,908,171,310,304,-1,-1,-1,-1
634,1,0,0.939431,10,15,1901,454,-1,-1,-1,-1
634,2,4,0.826607,910,170,308,305,-1,-1,-1,-1
635,1,0,0.940546,11,16,1900,453,-1,-1,-1,-1
635,2,4,0.833788,909,169,309,306,-1,-1,-1,-1
636,1,0,0.940359,11,15,1899,454,-1,-1,-1,-1
636,2,4,0.833491,909,169,309,307,-1,-1,-1,-1
637,1,0,0.939231,12,15,1897,454,-1,-1,-1,-1
637,2,4,0.831579,909,169,309,307,-1,-1,-1,-1
638,1,0,0.941087,11,16,1899,454,-1,-1,-1,-1
638,2,4,0.836248,909,169,308,307,-1,-1,-1,-1
639,1,0,0.942089,11,16,1899,453,-1,-1,-1,-1
639,2,4,0.829854,907,168,312,308,-1,-1,-1,-1
640,1,0,0.942077,12,16,1897,453,-1,-1,-1,-1
640,2,4,0.829373,907,168,311,308,-1,-1,-1,-1
641,1,0,0.943079,12,15,1897,453,-1,-1,-1,-1
641,2,4,0.821051,907,172,317,303,-1,-1,-1,-1
642,1,0,0.943467,11,16,1899,452,-1,-1,-1,-1
642,2,4,0.830863,909,168,309,307,-1,-1,-1,-1
643,1,0,0.943008,11,16,1900,451,-1,-1,-1,-1
643,2,4,0.834616,905,171,320,304,-1,-1,-1,-1
644,1,0,0.943241,12,16,1898,452,-1,-1,-1,-1
644,2,4,0.832606,905,172,320,302,-1,-1,-1,-1
645,1,0,0.943316,11,16,1900,451,-1,-1,-1,-1
645,2,4,0.828511,906,171,317,303,-1,-1,-1,-1
646,1,0,0.943995,11,16,1900,451,-1,-1,-1,-1
646,2,4,0.832245,906,171,318,302,-1,-1,-1,-1
647,1,0,0.944215,11,17,1900,450,-1,-1,-1,-1
647,2,4,0.837833,907,171,317,302,-1,-1,-1,-1
648,1,0,0.943742,12,16,1898,450,-1,-1,-1,-1
648,2,4,0.835535,907,171,316,303,-1,-1,-1,-1
649,1,0,0.944383,12,16,1898,450,-1,-1,-1,-1
649,2,4,0.835445,908,170,315,304,-1,-1,-1,-1
650,1,0,0.944028,12,16,1897,451,-1,-1,-1,-1
650,2,4,0.837879,907,169,316,305,-1,-1,-1,-1
651,1,0,0.944297,11,16,1898,452,-1,-1,-1,-1
651,2,4,0.825747,908,170,315,305,-1,-1,-1,-1
652,1,0,0.944946,11,17,1899,450,-1,-1,-1,-1
652,2,4,0.82399,908,170,314,306,-1,-1,-1,-1
653,1,0,0.944629,12,17,1897,449,-1,-1,-1,-1
653,2,4,0.825993,904,169,321,307,-1,-1,-1,-1
654,1,0,0.945286,12,17,1897,449,-1,-1,-1,-1
654,2,4,0.826793,902,169,323,307,-1,-1,-1,-1
655,1,0,0.945863,12,16,1897,450,-1,-1,-1,-1
655,2,4,0.831782,901,169,326,306,-1,-1,-1,-1
656,1,0,0.94547,11,16,1899,450,-1,-1,-1,-1
656,2,4,0.827658,902,168,323,306,-1,-1,-1,-1
657,1,0,0.944364,12,16,1897,451,-1,-1,-1,-1
657,2,4,0.837272,902,167,323,307,-1,-1,-1,-1
658,1,0,0.944931,11,17,1899,450,-1,-1,-1,-1
658,2,4,0.835447,902,167,323,308,-1,-1,-1,-1
659,1,0,0.945478,11,17,1899,449,-1,-1,-1,-1
659,2,4,0.831054,904,167,320,307,-1,-1,-1,-1
660,1,0,0.944606,12,16,1896,450,-1,-1,-1,-1
660,2,4,0.830003,904,166,319,308,-1,-1,-1,-1
661,1,0,0.943786,12,16,1896,451,-1,-1,-1,-1
661,2,4,0.833093,906,166,316,309,-1,-1,-1,-1
662,1,0,0.943733,11,17,1898,451,-1,-1,-1,-1
662,2,4,0.820961,908,166,313,309,-1,-1,-1,-1
663,1,0,0.943072,12,17,1896,450,-1,-1,-1,-1
663,2,4,0.815702,908,166,312,308,-1,-1,-1,-1
664,1,0,0.943635,12,16,1896,452,-1,-1,-1,-1
664,2,4,0.818547,908,165,312,310,-1,-1,-1,-1
665,1,0,0.943044,12,16,1896,453,-1,-1,-1,-1
665,2,4,0.825773,909,165,310,310,-1,-1,-1,-1
666,1,0,0.942611,11,16,1898,452,-1,-1,-1,-1
666,2,4,0.840311,907,164,313,312,-1,-1,-1,-1
667,1,0,0.941775,12,16,1896,452,-1,-1,-1,-1
667,2,4,0.833629,909,164,310,311,-1,-1,-1,-1
668,1,0,0.940804,12,17,1896,452,-1,-1,-1,-1
668,2,4,0.824733,908,164,310,310,-1,-1,-1,-1
669,1,0,0.94256,11,17,1898,451,-1,-1,-1,-1
669,2,4,0.825188,907,164,311,310,-1,-1,-1,-1
670,1,0,0.94168,12,16,1896,452,-1,-1,-1,-1
670,2,4,0.817052,907,164,310,309,-1,-1,-1,-1
671,1,0,0.941242,12,16,1898,452,-1,-1,-1,-1
671,2,4,0.822091,906,164,311,309,-1,-1,-1,-1
672,1,0,0.941055,12,16,1897,452,-1,-1,-1,-1
672,2,4,0.819169,904,163,314,310,-1,-1,-1,-1
673,1,0,0.941356,11,17,1899,451,-1,-1,-1,-1
673,2,4,0.827027,903,163,316,310,-1,-1,-1,-1
674,1,0,0.94004,13,16,1896,452,-1,-1,-1,-1
674,2,4,0.83203,904,163,315,310,-1,-1,-1,-1
675,1,0,0.939736,13,16,1896,453,-1,-1,-1,-1
675,2,4,0.833554,906,163,312,311,-1,-1,-1,-1
676,1,0,0.939498,12,15,1896,454,-1,-1,-1,-1
676,2,4,0.831044,906,162,313,312,-1,-1,-1,-1
677,1,0,0.938638,12,15,1896,455,-1,-1,-1,-1
677,2,4,0.818722,906,162,313,312,-1,-1,-1,-1
678,1,0,0.938854,11,16,1898,455,-1,-1,-1,-1
678,2,4,0.810146,905,162,314,313,-1,-1,-1,-1
679,1,0,0.937179,11,16,1899,455,-1,-1,-1,-1
679,2,4,0.811142,905,162,315,312,-1,-1,-1,-1
680,1,0,0.935606,12,15,1897,456,-1,-1,-1,-1
680,2,4,0.806774,905,162,314,312,-1,-1,-1,-1
681,1,0,0.936223,11,16,1900,456,-1,-1,-1,-1
681,2,4,0.79535,907,161,310,313,-1,-1,-1,-1
682,1,0,0.9371,11,16,1900,454,-1,-1,-1,-1
682,2,4,0.823166,908,161,308,313,-1,-1,-1,-1
683,1,0,0.933898,12,15,1898,456,-1,-1,-1,-1
683,2,4,0.812988,906,161,311,313,-1,-1,-1,-1
684,1,0,0.93551,12,16,1898,455,-1,-1,-1,-1
684,2,4,0.819949,908,161,307,312,-1,-1,-1,-1
685,1,0,0.937566,11,16,1899,455,-1,-1,-1,-1
685,2,4,0.81839,908,161,307,312,-1,-1,-1,-1
686,1,0,0.937677,11,15,1899,455,-1,-1,-1,-1
686,2,4,0.824797,908,161,306,312,-1,-1,-1,-1
687,1,0,0.939635,12,16,1897,455,-1,-1,-1,-1
687,2,4,0.81609,908,161,306,312,-1,-1,-1,-1
688,1,0,0.940535,11,16,1899,454,-1,-1,-1,-1
688,2,4,0.815815,909,161,304,313,-1,-1,-1,-1
689,1,0,0.941234,12,15,1897,454,-1,-1,-1,-1
689,2,4,0.808878,908,161,305,313,-1,-1,-1,-1
690,1,0,0.941989,11,15,1898,454,-1,-1,-1,-1
690,2,4,0.813969,909,160,303,314,-1,-1,-1,-1
691,1,0,0.940631,11,15,1898,455,-1,-1,-1,-1
691,2,4,0.816385,910,160,303,314,-1,-1,-1,-1
692,1,0,0.941454,11,15,1898,456,-1,-1,-1,-1
692,2,4,0.804696,911,159,301,315,-1,-1,-1,-1
693,1,0,0.94221,11,16,1898,455,-1,-1,-1,-1
693,2,4,0.797098,911,160,301,314,-1,-1,-1,-1
694,1,0,0.942192,11,15,1897,456,-1,-1,-1,-1
694,2,4,0.781152,911,160,301,314,-1,-1,-1,-1
695,1,0,0.941831,10,16,1900,455,-1,-1,-1,-1
695,2,4,0.766989,912,160,299,314,-1,-1,-1,-1
696,1,0,0.941425,11,15,1898,456,-1,-1,-1,-1
696,2,4,0.764909,913,160,298,313,-1,-1,-1,-1
697,1,0,0.941525,10,14,1901,456,-1,-1,-1,-1
697,2,4,0.767013,914,160,297,313,-1,-1,-1,-1
698,1,0,0.940055,10,15,1900,455,-1,-1,-1,-1
698,2,4,0.791142,913,159,299,314,-1,-1,-1,-1
699,1,0,0.938724,11,15,1898,455,-1,-1,-1,-1
699,2,4,0.790517,913,159,299,315,-1,-1,-1,-1
700,1,0,0.938691,10,15,1900,455,-1,-1,-1,-1
700,2,4,0.794372,914,159,298,315,-1,-1,-1,-1
701,1,0,0.939771,11,15,1898,455,-1,-1,-1,-1
701,2,4,0.77133,913,159,300,314,-1,-1,-1,-1
702,1,0,0.940518,10,16,1900,454,-1,-1,-1,-1
702,2,4,0.774827,913,159,300,314,-1,-1,-1,-1
703,1,0,0.939869,11,15,1898,455,-1,-1,-1,-1
703,2,4,0.769067,914,159,299,314,-1,-1,-1,-1
704,1,0,0.93863,10,14,1899,456,-1,-1,-1,-1
704,2,4,0.776695,914,159,299,314,-1,-1,-1,-1
705,1,0,0.940846,10,15,1900,455,-1,-1,-1,-1
705,2,4,0.786433,913,160,300,314,-1,-1,-1,-1
706,1,0,0.940946,11,16,1898,453,-1,-1,-1,-1
706,2,4,0.784564,913,159,299,314,-1,-1,-1,-1
707,1,0,0.941458,10,16,1900,453,-1,-1,-1,-1
707,2,4,0.782072,914,159,298,314,-1,-1,-1,-1
708,1,0,0.942379,11,15,1899,453,-1,-1,-1,-1
708,2,4,0.779155,915,159,297,315,-1,-1,-1,-1
709,1,0,0.942855,11,15,1899,453,-1,-1,-1,-1
709,2,4,0.771135,915,159,296,314,-1,-1,-1,-1
710,1,0,0.942706,11,15,1899,453,-1,-1,-1,-1
710,2,4,0.779649,915,159,297,314,-1,-1,-1,-1
711,1,0,0.94266,11,15,1899,453,-1,-1,-1,-1
711,2,4,0.77162,916,159,296,314,-1,-1,-1,-1
712,1,0,0.943441,10,16,1900,452,-1,-1,-1,-1
712,2,4,0.777443,915,159,297,315,-1,-1,-1,-1
713,1,0,0.943381,11,15,1898,452,-1,-1,-1,-1
713,2,4,0.771826,916,159,296,314,-1,-1,-1,-1
714,1,0,0.943523,10,15,1900,452,-1,-1,-1,-1
714,2,4,0.776537,915,159,298,314,-1,-1,-1,-1
715,1,0,0.943823,10,15,1901,452,-1,-1,-1,-1
715,2,4,0.781205,915,159,298,314,-1,-1,-1,-1
716,1,0,0.943678,10,16,1900,451,-1,-1,-1,-1
716,2,4,0.7779,915,159,298,314,-1,-1,-1,-1
717,1,0,0.943031,11,15,1898,452,-1,-1,-1,-1
717,2,4,0.767192,915,159,298,314,-1,-1,-1,-1
718,1,0,0.943429,11,15,1899,452,-1,-1,-1,-1
718,2,4,0.752391,916,159,296,314,-1,-1,-1,-1
719,1,0,0.943808,10,16,1900,451,-1,-1,-1,-1
719,2,4,0.750109,916,160,295,314,-1,-1,-1,-1
720,1,0,0.944927,10,15,1900,451,-1,-1,-1,-1
720,2,4,0.756725,915,159,297,315,-1,-1,-1,-1
721,1,0,0.945386,10,15,1899,452,-1,-1,-1,-1
721,2,4,0.725067,916,159,295,314,-1,-1,-1,-1
722,1,0,0.94503,10,15,1900,451,-1,-1,-1,-1
722,2,4,0.736405,917,160,293,312,-1,-1,-1,-1
723,1,0,0.945001,10,16,1899,450,-1,-1,-1,-1
723,2,4,0.735409,917,160,294,313,-1,-1,-1,-1
724,1,0,0.944996,10,16,1899,451,-1,-1,-1,-1
724,2,4,0.733803,916,160,295,313,-1,-1,-1,-1
725,1,0,0.944946,10,16,1899,450,-1,-1,-1,-1
725,2,4,0.738059,917,160,294,313,-1,-1,-1,-1
726,1,0,0.94441,9,15,1901,451,-1,-1,-1,-1
726,2,4,0.743752,917,159,294,315,-1,-1,-1,-1
727,1,0,0.944539,9,15,1901,452,-1,-1,-1,-1
727,2,4,0.747337,916,160,295,314,-1,-1,-1,-1
728,1,0,0.945655,9,16,1901,450,-1,-1,-1,-1
728,2,4,0.73917,917,160,293,313,-1,-1,-1,-1
729,1,0,0.945528,10,15,1899,451,-1,-1,-1,-1
729,2,4,0.73285,917,160,292,314,-1,-1,-1,-1
730,1,0,0.94592,9,15,1901,451,-1,-1,-1,-1
730,2,4,0.733734,918,159,292,314,-1,-1,-1,-1
731,1,0,0.945703,9,16,1901,449,-1,-1,-1,-1
731,2,4,0.73861,917,160,293,314,-1,-1,-1,-1
732,1,0,0.945852,10,15,1899,449,-1,-1,-1,-1
732,2,4,0.745369,917,159,293,315,-1,-1,-1,-1
733,1,0,0.945296,10,15,1899,449,-1,-1,-1,-1
733,2,4,0.738927,917,160,292,313,-1,-1,-1,-1
734,1,0,0.946527,10,15,1900,449,-1,-1,-1,-1
734,2,4,0.688888,916,159,294,314,-1,-1,-1,-1
735,1,0,0.946756,10,16,1900,448,-1,-1,-1,-1
735,2,4,0.681537,917,158,293,314,-1,-1,-1,-1
736,1,0,0.945978,11,15,1899,450,-1,-1,-1,-1
736,2,4,0.686354,918,158,292,314,-1,-1,-1,-1
737,1,0,0.946435,10,15,1901,450,-1,-1,-1,-1
737,2,4,0.692853,917,158,293,314,-1,-1,-1,-1
738,1,0,0.946656,11,15,1899,451,-1,-1,-1,-1
738,2,4,0.683676,917,158,293,314,-1,-1,-1,-1
739,1,0,0.94606,10,14,1901,451,-1,-1,-1,-1
739,2,4,0.681979,916,158,294,314,-1,-1,-1,-1
740,1,0,0.946007,10,15,1901,450,-1,-1,-1,-1
740,2,4,0.681176,917,158,293,315,-1,-1,-1,-1
741,1,0,0.946332,10,15,1901,450,-1,-1,-1,-1
741,2,4,0.68001,916,159,295,314,-1,-1,-1,-1
742,1,0,0.945955,10,15,1901,450,-1,-1,-1,-1
742,2,4,0.684258,917,158,293,315,-1,-1,-1,-1
743,1,0,0.945756,10,16,1901,449,-1,-1,-1,-1
743,2,4,0.699632,917,159,293,314,-1,-1,-1,-1
744,1,0,0.94602,11,16,1899,448,-1,-1,-1,-1
744,2,4,0.692572,918,158,293,315,-1,-1,-1,-1
745,1,0,0.946237,11,15,1899,449,-1,-1,-1,-1
745,2,4,0.69239,918,158,292,314,-1,-1,-1,-1
746,1,0,0.945158,11,15,1899,449,-1,-1,-1,-1
746,2,4,0.699327,918,158,292,314,-1,-1,-1,-1
747,1,0,0.945184,11,15,1899,449,-1,-1,-1,-1
747,2,4,0.712153,917,158,293,314,-1,-1,-1,-1
748,1,0,0.945093,11,15,1899,449,-1,-1,-1,-1
748,2,4,0.717708,916,158,294,314,-1,-1,-1,-1
749,1,0,0.944981,11,16,1899,449,-1,-1,-1,-1
749,2,4,0.720006,916,159,294,314,-1,-1,-1,-1
750,1,0,0.945469,11,15,1899,449,-1,-1,-1,-1
750,2,4,0.713987,917,158,293,314,-1,-1,-1,-1
751,1,0,0.946133,10,15,1901,449,-1,-1,-1,-1
751,2,4,0.704206,918,158,292,315,-1,-1,-1,-1
752,1,0,0.945968,11,16,1899,449,-1,-1,-1,-1
752,2,4,0.715358,918,159,293,315,-1,-1,-1,-1
753,1,0,0.94581,10,15,1900,450,-1,-1,-1,-1
753,2,4,0.720261,917,159,294,315,-1,-1,-1,-1
754,1,0,0.945646,11,15,1898,449,-1,-1,-1,-1
754,2,4,0.720585,917,158,294,316,-1,-1,-1,-1
755,1,0,0.945757,10,16,1900,448,-1,-1,-1,-1
755,2,4,0.716843,917,159,294,315,-1,-1,-1,-1
756,1,0,0.946122,11,15,1898,449,-1,-1,-1,-1
756,2,4,0.708621,917,158,294,316,-1,-1,-1,-1
757,1,0,0.945589,11,16,1898,448,-1,-1,-1,-1
757,2,4,0.715254,917,158,294,316,-1,-1,-1,-1
758,1,0,0.946042,10,16,1900,449,-1,-1,-1,-1
758,2,4,0.715737,917,159,294,315,-1,-1,-1,-1
759,1,0,0.945954,10,15,1899,449,-1,-1,-1,-1
759,2,4,0.715934,917,158,294,315,-1,-1,-1,-1
760,1,0,0.946257,9,16,1901,449,-1,-1,-1,-1
760,2,4,0.712851,917,159,294,315,-1,-1,-1,-1
761,1,0,0.946446,9,15,1901,450,-1,-1,-1,-1
761,2,4,0.716245,917,158,294,316,-1,-1,-1,-1
762,1,0,0.94651,10,16,1899,449,-1,-1,-1,-1
762,2,4,0.71448,918,159,293,315,-1,-1,-1,-1
763,1,0,0.946774,9,16,1901,448,-1,-1,-1,-1
763,2,4,0.715364,917,158,294,316,-1,-1,-1,-1
764,1,0,0.946596,10,16,1899,447,-1,-1,-1,-1
764,2,4,0.711569,918,159,294,315,-1,-1,-1,-1
765,1,0,0.9466,10,15,1900,448,-1,-1,-1,-1
765,2,4,0.704313,918,158,294,315,-1,-1,-1,-1
766,1,0,0.946624,10,15,1900,448,-1,-1,-1,-1
766,2,4,0.709203,917,159,295,315,-1,-1,-1,-1
767,1,0,0.946807,9,15,1901,449,-1,-1,-1,-1
767,2,4,0.694992,918,159,294,315,-1,-1,-1,-1
768,1,0,0.946673,8,16,1903,448,-1,-1,-1,-1
768,2,4,0.699343,917,159,295,315,-1,-1,-1,-1
769,1,0,0.947115,8,15,1902,448,-1,-1,-1,-1
769,2,4,0.695737,916,158,295,315,-1,-1,-1,-1
770,1,0,0.947766,8,16,1903,448,-1,-1,-1,-1
770,2,4,0.692574,916,158,296,316,-1,-1,-1,-1
771,1,0,0.947193,8,17,1903,448,-1,-1,-1,-1
771,2,4,0.692073,917,159,294,315,-1,-1,-1,-1
772,1,0,0.947525,9,16,1901,449,-1,-1,-1,-1
772,2,4,0.686959,916,158,294,315,-1,-1,-1,-1
773,1,0,0.947585,9,15,1901,449,-1,-1,-1,-1
773,2,4,0.686733,916,158,294,315,-1,-1,-1,-1
774,1,0,0.947026,8,16,1902,448,-1,-1,-1,-1
774,2,4,0.697927,916,158,295,316,-1,-1,-1,-1
775,1,0,0.947185,9,16,1900,449,-1,-1,-1,-1
775,2,4,0.692668,917,159,294,315,-1,-1,-1,-1
776,1,0,0.946693,8,16,1902,448,-1,-1,-1,-1
776,2,4,0.718261,915,158,296,315,-1,-1,-1,-1
777,1,0,0.946402,8,17,1903,447,-1,-1,-1,-1
777,2,4,0.723627,916,159,294,314,-1,-1,-1,-1
778,1,0,0.946248,9,16,1900,448,-1,-1,-1,-1
778,2,4,0.72675,916,159,294,315,-1,-1,-1,-1
779,1,0,0.946473,8,17,1903,447,-1,-1,-1,-1
779,2,4,0.72755,915,158,295,315,-1,-1,-1,-1
780,1,0,0.946565,10,16,1899,448,-1,-1,-1,-1
780,2,4,0.712352,916,159,294,315,-1,-1,-1,-1
781,1,0,0.946981,9,17,1900,448,-1,-1,-1,-1
781,2,4,0.712926,916,158,294,315,-1,-1,-1,-1
782,1,0,0.946688,8,17,1902,448,-1,-1,-1,-1
782,2,4,0.71238,917,159,294,315,-1,-1,-1,-1
783,1,0,0.946731,9,16,1900,449,-1,-1,-1,-1
783,2,4,0.709547,917,158,293,315,-1,-1,-1,-1
784,1,0,0.946649,9,15,1901,450,-1,-1,-1,-1
784,2,4,0.69214,916,159,295,314,-1,-1,-1,-1
785,1,0,0.947201,8,16,1902,450,-1,-1,-1,-1
785,2,4,0.671985,917,160,293,313,-1,-1,-1,-1
786,1,0,0.947534,8,16,1902,449,-1,-1,-1,-1
786,2,4,0.678805,917,160,292,312,-1,-1,-1,-1
787,1,0,0.947261,8,15,1903,449,-1,-1,-1,-1
787,2,4,0.677281,917,159,293,313,-1,-1,-1,-1
788,1,0,0.946951,8,15,1903,449,-1,-1,-1,-1
788,2,4,0.676243,916,159,294,313,-1,-1,-1,-1
789,1,0,0.947672,9,15,1901,450,-1,-1,-1,-1
789,2,4,0.651823,916,159,294,313,-1,-1,-1,-1
790,1,0,0.947697,8,15,1903,450,-1,-1,-1,-1
790,2,4,0.652812,917,159,293,313,-1,-1,-1,-1
791,1,0,0.947765,9,16,1901,450,-1,-1,-1,-1
791,2,4,0.649654,917,160,293,312,-1,-1,-1,-1
792,1,0,0.946906,8,15,1903,450,-1,-1,-1,-1
792,2,4,0.667867,917,159,293,313,-1,-1,-1,-1
793,1,0,0.947184,9,16,1901,450,-1,-1,-1,-1
793,2,4,0.649911,917,160,293,312,-1,-1,-1,-1
794,1,0,0.947003,9,15,1900,451,-1,-1,-1,-1
794,2,4,0.644547,916,159,295,313,-1,-1,-1,-1
795,1,0,0.947376,9,15,1901,451,-1,-1,-1,-1
795,2,4,0.642848,917,160,293,311,-1,-1,-1,-1
796,1,0,0.94758,8,15,1902,452,-1,-1,-1,-1
796,2,4,0.625949,918,159,291,312,-1,-1,-1,-1
797,1,0,0.947578,9,15,1900,451,-1,-1,-1,-1
797,2,4,0.64164,917,160,293,312,-1,-1,-1,-1
798,1,0,0.947222,8,14,1903,453,-1,-1,-1,-1
798,2,4,0.637818,917,159,293,313,-1,-1,-1,-1
799,1,0,0.946991,9,15,1901,452,-1,-1,-1,-1
799,2,4,0.624994,917,160,294,312,-1,-1,-1,-1
800,1,0,0.946974,8,14,1903,452,-1,-1,-1,-1
800,2,4,0.633886,918,159,292,313,-1,-1,-1,-1
801,1,0,0.946652,9,14,1901,453,-1,-1,-1,-1
801,2,4,0.638707,918,160,292,312,-1,-1,-1,-1
802,1,0,0.946272,9,14,1901,454,-1,-1,-1,-1
802,2,4,0.623089,918,159,292,313,-1,-1,-1,-1
803,1,0,0.945947,9,15,1902,453,-1,-1,-1,-1
803,2,4,0.636411,918,159,292,312,-1,-1,-1,-1
804,1,0,0.945848,10,14,1900,454,-1,-1,-1,-1
804,2,4,0.636238,918,159,291,312,-1,-1,-1,-1
805,1,0,0.94563,9,14,1902,455,-1,-1,-1,-1
805,2,4,0.650004,918,159,291,312,-1,-1,-1,-1
806,1,0,0.945262,9,15,1902,453,-1,-1,-1,-1
806,2,4,0.650813,918,159,291,313,-1,-1,-1,-1
807,1,0,0.945417,10,15,1900,454,-1,-1,-1,-1
807,2,4,0.656906,917,159,293,313,-1,-1,-1,-1
808,1,0,0.94437,9,14,1902,455,-1,-1,-1,-1
808,2,4,0.654367,917,159,294,314,-1,-1,-1,-1
809,1,0,0.944395,9,15,1902,454,-1,-1,-1,-1
809,2,4,0.65535,917,160,294,313,-1,-1,-1,-1
810,1,0,0.944753,9,15,1902,454,-1,-1,-1,-1
810,2,4,0.662491,917,160,294,313,-1,-1,-1,-1
811,1,0,0.944405,10,14,1900,455,-1,-1,-1,-1
811,2,4,0.659922,916,160,296,313,-1,-1,-1,-1
812,1,0,0.944302,9,15,1902,455,-1,-1,-1,-1
812,2,4,0.658385,917,160,294,313,-1,-1,-1,-1
813,1,0,0.944017,10,15,1901,454,-1,-1,-1,-1
813,2,4,0.670546,918,160,293,313,-1,-1,-1,-1
814,1,0,0.944442,10,15,1901,453,-1,-1,-1,-1
814,2,4,0.677653,918,159,293,313,-1,-1,-1,-1
815,1,0,0.944331,10,15,1900,454,-1,-1,-1,-1
815,2,4,0.682158,916,159,296,313,-1,-1,-1,-1
816,1,0,0.944483,10,14,1900,455,-1,-1,-1,-1
816,2,4,0.673114,916,159,295,313,-1,-1,-1,-1
817,1,0,0.944229,9,14,1902,456,-1,-1,-1,-1
817,2,4,0.678028,917,159,294,313,-1,-1,-1,-1
818,1,0,0.94395,9,15,1902,454,-1,-1,-1,-1
818,2,4,0.689897,916,159,296,313,-1,-1,-1,-1
819,1,0,0.943414,9,14,1902,454,-1,-1,-1,-1
819,2,4,0.684903,917,159,296,313,-1,-1,-1,-1
820,1,0,0.943101,9,14,1902,454,-1,-1,-1,-1
820,2,4,0.682715,916,159,297,313,-1,-1,-1,-1
821,1,0,0.944086,10,15,1900,454,-1,-1,-1,-1
821,2,4,0.688874,917,160,296,313,-1,-1,-1,-1
822,1,0,0.943768,9,15,1902,454,-1,-1,-1,-1
822,2,4,0.683779,917,160,295,313,-1,-1,-1,-1
823,1,0,0.943044,9,15,1902,454,-1,-1,-1,-1
823,2,4,0.680798,917,160,296,313,-1,-1,-1,-1
824,1,0,0.943571,10,15,1901,454,-1,-1,-1,-1
824,2,4,0.673033,917,160,296,313,-1,-1,-1,-1
825,1,0,0.943208,10,15,1900,454,-1,-1,-1,-1
825,2,4,0.679703,917,160,295,313,-1,-1,-1,-1
826,1,0,0.943318,9,15,1902,453,-1,-1,-1,-1
826,2,4,0.713963,916,159,297,314,-1,-1,-1,-1
827,1,0,0.94325,10,15,1900,453,-1,-1,-1,-1
827,2,4,0.7144,915,159,299,314,-1,-1,-1,-1
828,1,0,0.943846,9,15,1902,454,-1,-1,-1,-1
828,2,4,0.693747,915,160,298,313,-1,-1,-1,-1
829,1,0,0.943637,10,14,1900,454,-1,-1,-1,-1
829,2,4,0.697263,915,159,297,313,-1,-1,-1,-1
830,1,0,0.943776,9,14,1902,454,-1,-1,-1,-1
830,2,4,0.705417,915,159,298,313,-1,-1,-1,-1
