3,1,1,0.965009,1341,56,362,641,-1,-1,-1,-1
3,2,0,0.937111,208,53,1711,426,-1,-1,-1,-1
4,1,1,0.965219,1342,56,358,643,-1,-1,-1,-1
4,2,0,0.935633,208,54,1711,426,-1,-1,-1,-1
5,1,1,0.96604,1339,58,361,638,-1,-1,-1,-1
5,2,0,0.937046,208,54,1711,426,-1,-1,-1,-1
6,1,1,0.965433,1339,58,360,637,-1,-1,-1,-1
6,2,0,0.93758,207,54,1712,425,-1,-1,-1,-1
7,1,1,0.964959,1338,58,359,635,-1,-1,-1,-1
7,2,0,0.934991,207,54,1712,424,-1,-1,-1,-1
8,1,1,0.964613,1336,60,361,632,-1,-1,-1,-1
8,2,0,0.935735,209,55,1710,424,-1,-1,-1,-1
9,1,1,0.965191,1336,59,358,632,-1,-1,-1,-1
9,2,0,0.935016,209,55,1710,424,-1,-1,-1,-1
10,1,1,0.965806,1333,59,359,632,-1,-1,-1,-1
10,2,0,0.934844,209,55,1710,424,-1,-1,-1,-1
11,1,1,0.966166,1333,60,357,630,-1,-1,-1,-1
11,2,0,0.934446,209,55,1710,424,-1,-1,-1,-1
12,1,1,0.965891,1330,61,357,627,-1,-1,-1,-1
12,2,0,0.931984,208,55,1711,423,-1,-1,-1,-1
13,1,1,0.966224,1330,63,355,623,-1,-1,-1,-1
13,2,0,0.931653,210,55,1709,424,-1,-1,-1,-1
14,1,1,0.965626,1331,63,352,623,-1,-1,-1,-1
14,2,0,0.932643,209,55,1710,423,-1,-1,-1,-1
15,1,1,0.964779,1327,64,355,620,-1,-1,-1,-1
15,2,0,0.934883,209,56,1710,422,-1,-1,-1,-1
16,1,1,0.963714,1327,65,352,619,-1,-1,-1,-1
16,2,0,0.935774,209,57,1710,421,-1,-1,-1,-1
17,1,1,0.96413,1326,66,352,617,-1,-1,-1,-1
17,2,0,0.935949,210,57,1709,422,-1,-1,-1,-1
18,1,1,0.964666,1324,66,352,618,-1,-1,-1,-1
18,2,0,0.934416,210,57,1709,421,-1,-1,-1,-1
19,1,1,0.964432,1321,67,355,615,-1,-1,-1,-1
19,2,0,0.934444,211,58,1708,421,-1,-1,-1,-1
20,1,1,0.963948,1319,67,355,614,-1,-1,-1,-1
20,2,0,0.934988,210,58,1709,420,-1,-1,-1,-1
21,1,1,0.964345,1318,68,356,613,-1,-1,-1,-1
21,2,0,0.933138,210,59,1709,419,-1,-1,-1,-1
22,1,1,0.96242,1314,68,359,612,-1,-1,-1,-1
22,2,0,0.932789,211,58,1708,421,-1,-1,-1,-1
23,1,1,0.961253,1313,68,359,611,-1,-1,-1,-1
23,2,0,0.931554,211,58,1708,421,-1,-1,-1,-1
24,1,1,0.95914,1311,66,359,614,-1,-1,-1,-1
24,2,0,0.931881,211,58,1708,421,-1,-1,-1,-1
25,1,1,0.957692,1308,66,362,613,-1,-1,-1,-1
25,2,0,0.931148,211,57,1708,422,-1,-1,-1,-1
26,1,1,0.954786,1311,62,354,618,-1,-1,-1,-1
26,2,0,0.930603,210,57,1709,421,-1,-1,-1,-1
27,1,1,0.954943,1307,62,359,617,-1,-1,-1,-1
27,2,0,0.933253,210,59,1709,419,-1,-1,-1,-1
28,1,1,0.955185,1307,63,357,616,-1,-1,-1,-1
28,2,0,0.929886,211,60,1708,419,-1,-1,-1,-1
29,1,1,0.954018,1305,63,359,614,-1,-1,-1,-1
29,2,0,0.932988,211,59,1708,420,-1,-1,-1,-1
30,1,1,0.955613,1299,70,363,605,-1,-1,-1,-1
30,2,0,0.928626,211,58,1708,421,-1,-1,-1,-1
31,1,1,0.957161,1298,72,362,602,-1,-1,-1,-1
31,2,0,0.931193,211,58,1708,421,-1,-1,-1,-1
32,1,1,0.957594,1297,74,361,599,-1,-1,-1,-1
32,2,0,0.932514,211,58,1708,421,-1,-1,-1,-1
33,1,1,0.960963,1297,74,359,599,-1,-1,-1,-1
33,2,0,0.930957,210,58,1709,420,-1,-1,-1,-1
34,1,1,0.95965,1296,75,358,596,-1,-1,-1,-1
34,2,0,0.931337,211,59,1708,419,-1,-1,-1,-1
35,1,1,0.959903,1294,76,358,593,-1,-1,-1,-1
35,2,0,0.930531,212,60,1707,419,-1,-1,-1,-1
36,1,1,0.960788,1293,76,358,592,-1,-1,-1,-1
36,2,0,0.92984,212,60,1707,419,-1,-1,-1,-1
37,1,1,0.959401,1290,77,361,589,-1,-1,-1,-1
37,2,0,0.93047,211,60,1708,418,-1,-1,-1,-1
38,1,1,0.95844,1289,74,360,590,-1,-1,-1,-1
38,2,0,0.929552,212,59,1707,419,-1,-1,-1,-1
39,1,1,0.958389,1285,74,365,588,-1,-1,-1,-1
39,2,0,0.929394,212,59,1707,420,-1,-1,-1,-1
40,1,1,0.959667,1285,74,360,588,-1,-1,-1,-1
40,2,0,0.932323,212,59,1707,420,-1,-1,-1,-1
41,1,1,0.959387,1283,75,362,586,-1,-1,-1,-1
41,2,0,0.931798,212,59,1707,420,-1,-1,-1,-1
42,1,1,0.95883,1282,76,360,583,-1,-1,-1,-1
42,2,0,0.930476,212,59,1707,419,-1,-1,-1,-1
43,1,1,0.959711,1279,76,361,582,-1,-1,-1,-1
43,2,0,0.928037,212,58,1707,421,-1,-1,-1,-1
44,1,1,0.958867,1279,77,360,580,-1,-1,-1,-1
44,2,0,0.929835,212,58,1707,420,-1,-1,-1,-1
45,1,1,0.960061,1277,77,362,579,-1,-1,-1,-1
45,2,0,0.930061,213,59,1706,419,-1,-1,-1,-1
46,1,1,0.959271,1274,78,364,577,-1,-1,-1,-1
46,2,0,0.929441,212,58,1707,421,-1,-1,-1,-1
47,1,1,0.958159,1272,79,366,575,-1,-1,-1,-1
47,2,0,0.928104,212,57,1707,422,-1,-1,-1,-1
48,1,1,0.959011,1271,79,364,573,-1,-1,-1,-1
48,2,0,0.928113,211,56,1708,422,-1,-1,-1,-1
49,1,1,0.959778,1267,79,365,575,-1,-1,-1,-1
49,2,0,0.927808,211,56,1708,422,-1,-1,-1,-1
50,1,1,0.959559,1267,79,363,574,-1,-1,-1,-1
50,2,0,0.927904,212,56,1707,422,-1,-1,-1,-1
51,1,1,0.95835,1262,80,368,571,-1,-1,-1,-1
51,2,0,0.926275,211,57,1708,422,-1,-1,-1,-1
52,1,1,0.956898,1260,79,367,571,-1,-1,-1,-1
52,2,0,0.927964,211,57,1708,422,-1,-1,-1,-1
53,1,1,0.956243,1258,80,368,570,-1,-1,-1,-1
53,2,0,0.928392,211,57,1708,421,-1,-1,-1,-1
54,1,1,0.952175,1255,81,369,569,-1,-1,-1,-1
54,2,0,0.92714,211,57,1708,421,-1,-1,-1,-1
55,1,1,0.94966,1252,82,372,567,-1,-1,-1,-1
55,2,0,0.928076,212,57,1707,422,-1,-1,-1,-1
56,1,1,0.945735,1252,83,370,565,-1,-1,-1,-1
56,2,0,0.929372,211,58,1708,421,-1,-1,-1,-1
57,1,1,0.944616,1251,83,371,565,-1,-1,-1,-1
57,2,0,0.927346,212,57,1707,422,-1,-1,-1,-1
58,1,1,0.947061,1249,78,372,578,-1,-1,-1,-1
58,2,0,0.924991,210,56,1709,422,-1,-1,-1,-1
59,1,1,0.947355,1247,79,373,575,-1,-1,-1,-1
59,2,0,0.92685,210,57,1709,421,-1,-1,-1,-1
60,1,1,0.947525,1247,78,372,575,-1,-1,-1,-1
60,2,0,0.923705,211,56,1708,422,-1,-1,-1,-1
61,1,1,0.950661,1244,84,372,562,-1,-1,-1,-1
61,2,0,0.923967,211,55,1708,423,-1,-1,-1,-1
62,1,1,0.951379,1241,86,377,558,-1,-1,-1,-1
62,2,0,0.925467,211,55,1708,424,-1,-1,-1,-1
63,1,1,0.954852,1240,87,375,556,-1,-1,-1,-1
63,2,0,0.923627,210,54,1709,424,-1,-1,-1,-1
64,1,1,0.954102,1238,87,377,556,-1,-1,-1,-1
64,2,0,0.923137,210,53,1709,426,-1,-1,-1,-1
65,1,1,0.955131,1235,88,379,554,-1,-1,-1,-1
65,2,0,0.922925,210,55,1709,423,-1,-1,-1,-1
66,1,1,0.955758,1233,88,378,553,-1,-1,-1,-1
66,2,0,0.920759,211,54,1708,425,-1,-1,-1,-1
67,1,1,0.955623,1231,88,379,550,-1,-1,-1,-1
67,2,0,0.923895,210,53,1709,425,-1,-1,-1,-1
68,1,1,0.956554,1229,88,378,548,-1,-1,-1,-1
68,2,0,0.922962,210,53,1709,426,-1,-1,-1,-1
69,1,1,0.955966,1227,88,379,549,-1,-1,-1,-1
69,2,0,0.922968,209,52,1710,427,-1,-1,-1,-1
70,1,1,0.95622,1224,88,380,549,-1,-1,-1,-1
70,2,0,0.92328,209,52,1710,427,-1,-1,-1,-1
71,1,1,0.956402,1223,88,379,548,-1,-1,-1,-1
71,2,0,0.920395,209,52,1710,427,-1,-1,-1,-1
72,1,1,0.954787,1217,88,386,546,-1,-1,-1,-1
72,2,0,0.922936,209,52,1710,427,-1,-1,-1,-1
73,1,1,0.955689,1216,89,384,545,-1,-1,-1,-1
73,2,0,0.922353,208,52,1711,427,-1,-1,-1,-1
74,1,1,0.955906,1214,90,384,544,-1,-1,-1,-1
74,2,0,0.922596,208,53,1711,426,-1,-1,-1,-1
75,1,1,0.956553,1210,91,387,543,-1,-1,-1,-1
75,2,0,0.923094,209,53,1710,425,-1,-1,-1,-1
76,1,1,0.956011,1207,91,390,542,-1,-1,-1,-1
76,2,0,0.926898,209,54,1710,424,-1,-1,-1,-1
77,1,1,0.955335,1207,92,388,540,-1,-1,-1,-1
77,2,0,0.924801,210,54,1709,425,-1,-1,-1,-1
78,1,1,0.956113,1208,84,386,553,-1,-1,-1,-1
78,2,0,0.92442,210,55,1709,425,-1,-1,-1,-1
79,1,1,0.955991,1204,84,390,554,-1,-1,-1,-1
79,2,0,0.925856,210,55,1709,425,-1,-1,-1,-1
80,1,1,0.95759,1204,85,389,552,-1,-1,-1,-1
80,2,0,0.92599,210,54,1709,426,-1,-1,-1,-1
81,1,1,0.956307,1202,85,389,551,-1,-1,-1,-1
81,2,0,0.925007,208,54,1711,426,-1,-1,-1,-1
82,1,1,0.956567,1200,86,388,549,-1,-1,-1,-1
82,2,0,0.924228,208,53,1711,427,-1,-1,-1,-1
83,1,1,0.955084,1199,86,388,548,-1,-1,-1,-1
83,2,0,0.921771,208,51,1711,429,-1,-1,-1,-1
84,1,1,0.953686,1196,87,389,546,-1,-1,-1,-1
84,2,0,0.920369,208,50,1711,430,-1,-1,-1,-1
85,1,1,0.953102,1192,88,392,542,-1,-1,-1,-1
85,2,0,0.923095,207,51,1712,428,-1,-1,-1,-1
86,1,1,0.952477,1192,88,390,542,-1,-1,-1,-1
86,2,0,0.921924,207,51,1712,428,-1,-1,-1,-1
87,1,1,0.952999,1186,94,396,534,-1,-1,-1,-1
87,2,0,0.923009,208,51,1711,429,-1,-1,-1,-1
88,1,1,0.955446,1184,95,396,532,-1,-1,-1,-1
88,2,0,0.925025,207,51,1712,428,-1,-1,-1,-1
89,1,1,0.9564,1182,95,398,532,-1,-1,-1,-1
89,2,0,0.923162,207,50,1712,428,-1,-1,-1,-1
90,1,1,0.95834,1179,95,402,532,-1,-1,-1,-1
90,2,0,0.922933,208,49,1711,432,-1,-1,-1,-1
91,1,1,0.957867,1178,96,401,530,-1,-1,-1,-1
91,2,0,0.924044,208,49,1711,433,-1,-1,-1,-1
92,1,1,0.958196,1176,95,402,531,-1,-1,-1,-1
92,2,0,0.924415,207,50,1712,432,-1,-1,-1,-1
93,1,1,0.959647,1175,95,403,531,-1,-1,-1,-1
93,2,0,0.923397,208,49,1711,433,-1,-1,-1,-1
94,1,1,0.960228,1172,95,405,529,-1,-1,-1,-1
94,2,0,0.924977,208,48,1711,434,-1,-1,-1,-1
95,1,1,0.96031,1169,95,408,528,-1,-1,-1,-1
95,2,0,0.922803,208,49,1711,432,-1,-1,-1,-1
96,1,1,0.960483,1168,95,407,526,-1,-1,-1,-1
96,2,0,0.92274,208,48,1711,432,-1,-1,-1,-1
97,1,1,0.959777,1164,96,409,523,-1,-1,-1,-1
97,2,0,0.921385,209,48,1710,433,-1,-1,-1,-1
98,1,1,0.959852,1164,96,406,524,-1,-1,-1,-1
98,2,0,0.922464,208,47,1711,433,-1,-1,-1,-1
99,1,1,0.959436,1162,97,407,523,-1,-1,-1,-1
99,2,0,0.922011,208,47,1711,433,-1,-1,-1,-1
100,1,1,0.95888,1161,96,405,525,-1,-1,-1,-1
100,2,0,0.922585,212,46,1707,439,-1,-1,-1,-1
101,1,1,0.957886,1157,97,410,523,-1,-1,-1,-1
101,2,0,0.922336,209,48,1710,433,-1,-1,-1,-1
102,1,1,0.958271,1156,97,409,522,-1,-1,-1,-1
102,2,0,0.922851,213,46,1706,440,-1,-1,-1,-1
103,1,1,0.957585,1155,97,407,521,-1,-1,-1,-1
103,2,0,0.922183,209,50,1710,430,-1,-1,-1,-1
104,1,1,0.958141,1153,97,410,521,-1,-1,-1,-1
104,2,0,0.922118,210,49,1709,431,-1,-1,-1,-1
105,1,1,0.957807,1153,96,409,521,-1,-1,-1,-1
105,2,0,0.92195,209,50,1710,430,-1,-1,-1,-1
106,1,1,0.9562,1152,97,408,520,-1,-1,-1,-1
106,2,0,0.920834,210,49,1709,430,-1,-1,-1,-1
107,1,1,0.956941,1152,98,405,518,-1,-1,-1,-1
107,2,0,0.920647,210,48,1709,431,-1,-1,-1,-1
108,1,1,0.955314,1151,98,405,518,-1,-1,-1,-1
108,2,0,0.923427,210,53,1709,425,-1,-1,-1,-1
109,1,1,0.955902,1150,99,406,517,-1,-1,-1,-1
109,2,0,0.92441,211,53,1708,426,-1,-1,-1,-1
110,1,1,0.954859,1148,99,407,516,-1,-1,-1,-1
110,2,0,0.922992,210,53,1709,425,-1,-1,-1,-1
111,1,1,0.95203,1147,99,406,515,-1,-1,-1,-1
111,2,0,0.922564,211,53,1708,425,-1,-1,-1,-1
112,1,1,0.952179,1148,99,404,515,-1,-1,-1,-1
112,2,0,0.92371,211,52,1708,426,-1,-1,-1,-1
113,1,1,0.950444,1146,99,407,515,-1,-1,-1,-1
113,2,0,0.922863,211,52,1708,427,-1,-1,-1,-1
114,1,1,0.948631,1145,100,407,513,-1,-1,-1,-1
114,2,0,0.922998,211,52,1708,426,-1,-1,-1,-1
115,1,1,0.947722,1144,100,408,513,-1,-1,-1,-1
115,2,0,0.922881,210,52,1709,426,-1,-1,-1,-1
116,1,1,0.947736,1143,99,409,515,-1,-1,-1,-1
116,2,0,0.924095,211,52,1708,427,-1,-1,-1,-1
117,1,1,0.944583,1143,100,407,514,-1,-1,-1,-1
117,2,0,0.921721,211,53,1708,426,-1,-1,-1,-1
118,1,1,0.943372,1142,100,408,514,-1,-1,-1,-1
118,2,0,0.922202,211,53,1708,425,-1,-1,-1,-1
119,1,1,0.942795,1141,100,410,514,-1,-1,-1,-1
119,2,0,0.922469,212,54,1707,425,-1,-1,-1,-1
120,1,1,0.9426,1141,100,409,514,-1,-1,-1,-1
120,2,0,0.924152,211,54,1708,424,-1,-1,-1,-1
121,1,1,0.94278,1141,99,409,516,-1,-1,-1,-1
121,2,0,0.924774,213,53,1706,425,-1,-1,-1,-1
122,1,1,0.940002,1140,100,411,515,-1,-1,-1,-1
122,2,0,0.925527,212,54,1707,424,-1,-1,-1,-1
123,1,1,0.93657,1138,100,412,514,-1,-1,-1,-1
123,2,0,0.926684,213,54,1706,423,-1,-1,-1,-1
124,1,1,0.936182,1139,101,410,513,-1,-1,-1,-1
124,2,0,0.927512,212,54,1707,423,-1,-1,-1,-1
125,1,1,0.93559,1139,101,410,513,-1,-1,-1,-1
125,2,0,0.926524,213,53,1706,425,-1,-1,-1,-1
126,1,1,0.933939,1137,100,412,515,-1,-1,-1,-1
126,2,0,0.924816,213,52,1706,425,-1,-1,-1,-1
127,1,1,0.935513,1136,101,413,515,-1,-1,-1,-1
127,2,0,0.923628,212,52,1707,425,-1,-1,-1,-1
128,1,1,0.935467,1136,101,413,515,-1,-1,-1,-1
128,2,0,0.923385,212,52,1707,425,-1,-1,-1,-1
129,1,1,0.936273,1135,101,413,515,-1,-1,-1,-1
129,2,0,0.924108,211,52,1708,424,-1,-1,-1,-1
130,1,1,0.934147,1137,100,411,516,-1,-1,-1,-1
130,2,0,0.924619,212,52,1707,425,-1,-1,-1,-1
131,1,1,0.934678,1136,99,412,517,-1,-1,-1,-1
131,2,0,0.924229,211,51,1708,426,-1,-1,-1,-1
132,1,1,0.934097,1136,99,412,517,-1,-1,-1,-1
132,2,0,0.925048,211,51,1708,426,-1,-1,-1,-1
133,1,1,0.933872,1136,100,413,515,-1,-1,-1,-1
133,2,0,0.924,211,51,1708,426,-1,-1,-1,-1
134,1,1,0.934208,1137,99,412,516,-1,-1,-1,-1
134,2,0,0.924262,211,52,1708,425,-1,-1,-1,-1
135,1,1,0.934711,1136,100,414,515,-1,-1,-1,-1
135,2,0,0.924011,212,51,1707,426,-1,-1,-1,-1
136,1,1,0.934654,1137,101,412,515,-1,-1,-1,-1
136,2,0,0.923745,211,52,1708,425,-1,-1,-1,-1
137,1,1,0.934592,1137,101,412,515,-1,-1,-1,-1
137,2,0,0.923831,212,53,1707,425,-1,-1,-1,-1
138,1,1,0.934767,1136,101,412,515,-1,-1,-1,-1
138,2,0,0.923788,212,53,1707,425,-1,-1,-1,-1
139,1,1,0.932472,1137,101,411,515,-1,-1,-1,-1
139,2,0,0.925049,212,53,1707,425,-1,-1,-1,-1
140,1,1,0.934066,1138,101,410,515,-1,-1,-1,-1
140,2,0,0.924078,214,52,1705,426,-1,-1,-1,-1
141,1,1,0.934771,1138,101,410,514,-1,-1,-1,-1
141,2,0,0.925181,213,51,1706,428,-1,-1,-1,-1
142,1,1,0.933589,1139,101,408,513,-1,-1,-1,-1
142,2,0,0.926959,213,52,1706,426,-1,-1,-1,-1
143,1,1,0.933382,1139,101,408,513,-1,-1,-1,-1
143,2,0,0.92606,213,53,1706,426,-1,-1,-1,-1
144,1,1,0.936262,1139,101,408,513,-1,-1,-1,-1
144,2,0,0.926698,213,53,1706,426,-1,-1,-1,-1
145,1,1,0.936223,1140,101,407,513,-1,-1,-1,-1
145,2,0,0.926568,212,53,1707,425,-1,-1,-1,-1
146,1,1,0.935336,1140,101,407,513,-1,-1,-1,-1
146,2,0,0.926952,212,53,1707,424,-1,-1,-1,-1
147,1,1,0.936341,1140,101,407,513,-1,-1,-1,-1
147,2,0,0.926533,213,53,1706,425,-1,-1,-1,-1
148,1,1,0.937552,1140,101,407,513,-1,-1,-1,-1
148,2,0,0.926386,212,53,1707,426,-1,-1,-1,-1
149,1,1,0.936326,1140,101,408,513,-1,-1,-1,-1
149,2,0,0.92666,212,53,1707,426,-1,-1,-1,-1
150,1,1,0.93501,1140,101,407,513,-1,-1,-1,-1
150,2,0,0.926727,212,53,1707,426,-1,-1,-1,-1
151,1,1,0.933958,1139,101,409,513,-1,-1,-1,-1
151,2,0,0.925892,212,53,1707,425,-1,-1,-1,-1
152,1,1,0.93373,1139,100,409,513,-1,-1,-1,-1
152,2,0,0.925742,213,52,1706,425,-1,-1,-1,-1
153,1,1,0.933563,1139,100,408,513,-1,-1,-1,-1
153,2,0,0.92591,213,52,1706,425,-1,-1,-1,-1
154,1,1,0.932602,1139,100,408,513,-1,-1,-1,-1
154,2,0,0.925972,212,53,1707,424,-1,-1,-1,-1
155,1,1,0.932891,1139,100,408,513,-1,-1,-1,-1
155,2,0,0.924697,213,52,1706,425,-1,-1,-1,-1
156,1,1,0.932138,1139,100,408,514,-1,-1,-1,-1
156,2,0,0.925285,212,52,1707,425,-1,-1,-1,-1
157,1,1,0.931662,1138,99,405,519,-1,-1,-1,-1
157,2,0,0.925058,213,51,1706,425,-1,-1,-1,-1
158,1,1,0.931938,1138,100,407,519,-1,-1,-1,-1
158,2,0,0.922401,213,51,1706,426,-1,-1,-1,-1
159,1,1,0.932037,1138,100,410,514,-1,-1,-1,-1
159,2,0,0.922585,212,51,1707,426,-1,-1,-1,-1
160,1,1,0.931575,1139,99,408,514,-1,-1,-1,-1
160,2,0,0.92188,213,50,1706,427,-1,-1,-1,-1
161,1,1,0.931817,1139,99,408,514,-1,-1,-1,-1
161,2,0,0.922172,212,51,1707,426,-1,-1,-1,-1
162,1,1,0.932243,1139,99,408,514,-1,-1,-1,-1
162,2,0,0.921749,213,50,1706,427,-1,-1,-1,-1
163,1,1,0.932796,1139,99,408,514,-1,-1,-1,-1
163,2,0,0.920818,212,50,1707,427,-1,-1,-1,-1
164,1,1,0.933177,1140,99,407,514,-1,-1,-1,-1
164,2,0,0.92204,212,51,1707,425,-1,-1,-1,-1
165,1,1,0.932576,1139,99,409,514,-1,-1,-1,-1
165,2,0,0.921244,213,51,1706,426,-1,-1,-1,-1
166,1,1,0.931826,1139,100,409,515,-1,-1,-1,-1
166,2,0,0.922604,213,50,1706,426,-1,-1,-1,-1
167,1,1,0.932033,1138,101,411,515,-1,-1,-1,-1
167,2,0,0.922412,214,50,1705,427,-1,-1,-1,-1
168,1,1,0.93283,1139,101,408,513,-1,-1,-1,-1
168,2,0,0.922337,213,50,1706,426,-1,-1,-1,-1
169,1,1,0.934488,1140,100,406,514,-1,-1,-1,-1
169,2,0,0.922992,213,50,1706,426,-1,-1,-1,-1
170,1,1,0.933542,1139,101,408,514,-1,-1,-1,-1
170,2,0,0.923988,214,50,1705,426,-1,-1,-1,-1
171,1,1,0.933223,1140,101,407,514,-1,-1,-1,-1
171,2,0,0.923499,214,50,1705,427,-1,-1,-1,-1
172,1,1,0.933528,1139,101,408,513,-1,-1,-1,-1
172,2,0,0.923293,212,49,1707,427,-1,-1,-1,-1
173,1,1,0.933571,1139,101,408,512,-1,-1,-1,-1
173,2,0,0.922857,213,49,1706,428,-1,-1,-1,-1
174,1,1,0.933182,1140,101,407,512,-1,-1,-1,-1
174,2,0,0.924393,213,50,1706,427,-1,-1,-1,-1
175,1,1,0.932971,1140,101,407,512,-1,-1,-1,-1
175,2,0,0.923876,213,50,1706,427,-1,-1,-1,-1
176,1,1,0.932632,1140,101,407,512,-1,-1,-1,-1
176,2,0,0.924034,212,50,1707,427,-1,-1,-1,-1
177,1,1,0.932784,1139,100,409,515,-1,-1,-1,-1
177,2,0,0.922893,212,49,1707,427,-1,-1,-1,-1
178,1,1,0.931757,1138,101,411,515,-1,-1,-1,-1
178,2,0,0.922034,212,50,1707,427,-1,-1,-1,-1
179,1,1,0.932987,1139,100,409,515,-1,-1,-1,-1
179,2,0,0.920886,213,50,1706,428,-1,-1,-1,-1
180,1,1,0.932779,1139,99,409,516,-1,-1,-1,-1
180,2,0,0.920818,211,50,1708,427,-1,-1,-1,-1
181,1,1,0.932053,1139,99,409,515,-1,-1,-1,-1
181,2,0,0.921849,212,50,1707,426,-1,-1,-1,-1
182,1,1,0.932199,1137,100,412,515,-1,-1,-1,-1
182,2,0,0.921095,213,50,1706,427,-1,-1,-1,-1
183,1,1,0.932132,1137,101,412,515,-1,-1,-1,-1
183,2,0,0.92346,212,51,1707,426,-1,-1,-1,-1
184,1,1,0.93058,1138,100,410,516,-1,-1,-1,-1
184,2,0,0.923997,213,52,1706,425,-1,-1,-1,-1
185,1,1,0.931869,1137,99,412,517,-1,-1,-1,-1
185,2,0,0.924313,213,52,1706,425,-1,-1,-1,-1
186,1,1,0.932495,1138,99,411,517,-1,-1,-1,-1
186,2,0,0.922641,213,51,1706,426,-1,-1,-1,-1
187,1,1,0.931942,1137,99,412,517,-1,-1,-1,-1
187,2,0,0.924493,212,51,1707,425,-1,-1,-1,-1
188,1,1,0.931776,1137,99,413,517,-1,-1,-1,-1
188,2,0,0.925678,213,52,1706,425,-1,-1,-1,-1
189,1,1,0.933058,1137,100,413,515,-1,-1,-1,-1
189,2,0,0.924507,212,52,1707,425,-1,-1,-1,-1
190,1,1,0.933174,1138,101,410,513,-1,-1,-1,-1
190,2,0,0.923805,212,51,1707,427,-1,-1,-1,-1
191,1,1,0.933456,1139,101,408,512,-1,-1,-1,-1
191,2,0,0.924214,211,52,1708,427,-1,-1,-1,-1
192,1,1,0.9339,1139,101,408,512,-1,-1,-1,-1
192,2,0,0.923051,211,52,1708,427,-1,-1,-1,-1
193,1,1,0.93518,1139,101,408,512,-1,-1,-1,-1
193,2,0,0.923183,212,51,1707,428,-1,-1,-1,-1
194,1,1,0.934367,1140,101,407,512,-1,-1,-1,-1
194,2,0,0.923469,211,51,1708,427,-1,-1,-1,-1
195,1,1,0.932974,1140,101,407,512,-1,-1,-1,-1
195,2,0,0.92333,212,51,1707,428,-1,-1,-1,-1
196,1,1,0.933624,1140,100,407,514,-1,-1,-1,-1
196,2,0,0.923574,211,51,1708,428,-1,-1,-1,-1
197,1,1,0.933788,1140,101,407,514,-1,-1,-1,-1
197,2,0,0.922775,211,50,1708,429,-1,-1,-1,-1
198,1,1,0.934061,1140,101,407,514,-1,-1,-1,-1
198,2,0,0.923112,211,50,1708,429,-1,-1,-1,-1
199,1,1,0.933683,1139,101,407,514,-1,-1,-1,-1
199,2,0,0.9232,211,50,1708,429,-1,-1,-1,-1
200,1,1,0.932883,1140,100,406,515,-1,-1,-1,-1
200,2,0,0.924,210,51,1709,427,-1,-1,-1,-1
201,1,1,0.934184,1138,100,410,514,-1,-1,-1,-1
201,2,0,0.925827,211,51,1708,427,-1,-1,-1,-1
202,1,1,0.934488,1138,101,409,514,-1,-1,-1,-1
202,2,0,0.925192,212,52,1707,427,-1,-1,-1,-1
203,1,1,0.933598,1139,100,409,515,-1,-1,-1,-1
203,2,0,0.924193,212,52,1707,427,-1,-1,-1,-1
204,1,1,0.932745,1138,101,411,515,-1,-1,-1,-1
204,2,0,0.92517,212,52,1707,427,-1,-1,-1,-1
205,1,1,0.934569,1138,100,410,516,-1,-1,-1,-1
205,2,0,0.923979,210,52,1709,426,-1,-1,-1,-1
206,1,1,0.934521,1137,101,412,515,-1,-1,-1,-1
206,2,0,0.92397,211,52,1708,425,-1,-1,-1,-1
207,1,1,0.934815,1138,100,410,516,-1,-1,-1,-1
207,2,0,0.92442,212,52,1707,426,-1,-1,-1,-1
208,1,1,0.934546,1137,101,412,515,-1,-1,-1,-1
208,2,0,0.923701,212,52,1707,425,-1,-1,-1,-1
209,1,1,0.93359,1137,101,412,515,-1,-1,-1,-1
209,2,0,0.924319,212,52,1707,425,-1,-1,-1,-1
210,1,1,0.934129,1137,101,412,515,-1,-1,-1,-1
210,2,0,0.924877,212,52,1707,425,-1,-1,-1,-1
211,1,1,0.934412,1138,100,410,516,-1,-1,-1,-1
211,2,0,0.924972,213,52,1706,426,-1,-1,-1,-1
212,1,1,0.934075,1137,101,412,515,-1,-1,-1,-1
212,2,0,0.925301,212,52,1707,425,-1,-1,-1,-1
213,1,1,0.934689,1137,101,412,515,-1,-1,-1,-1
213,2,0,0.926066,213,52,1706,426,-1,-1,-1,-1
214,1,1,0.934879,1137,101,412,515,-1,-1,-1,-1
214,2,0,0.925479,213,51,1706,428,-1,-1,-1,-1
215,1,1,0.934577,1136,101,412,515,-1,-1,-1,-1
215,2,0,0.92579,212,50,1707,429,-1,-1,-1,-1
216,1,1,0.934014,1137,101,411,515,-1,-1,-1,-1
216,2,0,0.925237,212,50,1707,429,-1,-1,-1,-1
217,1,1,0.933625,1139,99,404,519,-1,-1,-1,-1
217,2,0,0.924083,211,50,1708,429,-1,-1,-1,-1
218,1,1,0.933431,1137,100,407,519,-1,-1,-1,-1
218,2,0,0.923955,212,51,1707,427,-1,-1,-1,-1
219,1,1,0.932856,1137,100,407,519,-1,-1,-1,-1
219,2,0,0.924402,212,52,1707,427,-1,-1,-1,-1
220,1,1,0.934102,1137,100,407,519,-1,-1,-1,-1
220,2,0,0.923132,213,51,1706,428,-1,-1,-1,-1
221,1,1,0.933579,1137,100,407,519,-1,-1,-1,-1
221,2,0,0.924992,212,51,1707,427,-1,-1,-1,-1
222,1,1,0.934083,1137,100,407,519,-1,-1,-1,-1
222,2,0,0.923698,213,51,1706,427,-1,-1,-1,-1
223,1,1,0.933838,1137,100,407,519,-1,-1,-1,-1
223,2,0,0.924111,212,52,1707,427,-1,-1,-1,-1
224,1,1,0.933864,1137,101,412,515,-1,-1,-1,-1
224,2,0,0.922725,211,52,1708,427,-1,-1,-1,-1
225,1,1,0.933724,1138,101,410,514,-1,-1,-1,-1
225,2,0,0.923552,211,52,1708,426,-1,-1,-1,-1
226,1,1,0.933439,1138,99,405,519,-1,-1,-1,-1
226,2,0,0.922582,212,51,1707,427,-1,-1,-1,-1
227,1,1,0.934046,1137,99,407,520,-1,-1,-1,-1
227,2,0,0.923533,211,51,1708,427,-1,-1,-1,-1
228,1,1,0.933598,1137,100,407,519,-1,-1,-1,-1
228,2,0,0.922976,212,51,1707,428,-1,-1,-1,-1
229,1,1,0.933226,1137,100,407,519,-1,-1,-1,-1
229,2,0,0.923809,211,50,1708,429,-1,-1,-1,-1
230,1,1,0.933499,1137,100,412,516,-1,-1,-1,-1
230,2,0,0.924118,211,51,1708,427,-1,-1,-1,-1
231,1,1,0.933764,1137,100,412,515,-1,-1,-1,-1
231,2,0,0.92376,212,50,1707,428,-1,-1,-1,-1
232,1,1,0.93402,1138,101,410,514,-1,-1,-1,-1
232,2,0,0.922412,211,51,1708,427,-1,-1,-1,-1
233,1,1,0.933529,1138,101,410,514,-1,-1,-1,-1
233,2,0,0.922385,212,50,1707,429,-1,-1,-1,-1
234,1,1,0.933638,1138,101,410,514,-1,-1,-1,-1
234,2,0,0.921934,211,49,1708,429,-1,-1,-1,-1
235,1,1,0.933161,1138,100,410,516,-1,-1,-1,-1
235,2,0,0.922917,211,50,1708,428,-1,-1,-1,-1
236,1,1,0.933762,1138,99,410,516,-1,-1,-1,-1
236,2,0,0.922897,211,50,1708,429,-1,-1,-1,-1
237,1,1,0.933749,1138,99,410,516,-1,-1,-1,-1
237,2,0,0.922465,211,50,1708,429,-1,-1,-1,-1
238,1,1,0.933275,1138,99,410,516,-1,-1,-1,-1
238,2,0,0.922906,211,50,1708,429,-1,-1,-1,-1
239,1,1,0.93292,1138,99,410,516,-1,-1,-1,-1
239,2,0,0.921374,211,50,1708,429,-1,-1,-1,-1
240,1,1,0.935596,1138,100,411,514,-1,-1,-1,-1
240,2,0,0.92388,210,50,1709,428,-1,-1,-1,-1
241,1,1,0.935401,1139,100,409,513,-1,-1,-1,-1
241,2,0,0.923885,210,50,1709,429,-1,-1,-1,-1
242,1,1,0.934672,1139,100,408,513,-1,-1,-1,-1
242,2,0,0.923073,210,51,1709,428,-1,-1,-1,-1
243,1,1,0.934368,1139,100,408,513,-1,-1,-1,-1
243,2,0,0.923194,211,51,1708,427,-1,-1,-1,-1
244,1,1,0.934429,1139,100,408,514,-1,-1,-1,-1
244,2,0,0.923305,211,52,1708,425,-1,-1,-1,-1
245,1,1,0.935339,1139,99,408,514,-1,-1,-1,-1
245,2,0,0.923425,212,52,1707,425,-1,-1,-1,-1
246,1,1,0.935881,1139,100,410,513,-1,-1,-1,-1
246,2,0,0.924441,212,52,1707,425,-1,-1,-1,-1
247,1,1,0.935544,1140,101,408,512,-1,-1,-1,-1
247,2,0,0.92467,212,52,1707,425,-1,-1,-1,-1
248,1,1,0.936202,1140,100,408,514,-1,-1,-1,-1
248,2,0,0.923858,211,52,1708,425,-1,-1,-1,-1
249,1,1,0.936739,1139,100,409,513,-1,-1,-1,-1
249,2,0,0.924364,211,52,1708,425,-1,-1,-1,-1
250,1,1,0.936223,1139,101,409,512,-1,-1,-1,-1
250,2,0,0.923714,212,51,1707,427,-1,-1,-1,-1
251,1,1,0.93632,1138,101,410,512,-1,-1,-1,-1
251,2,0,0.924974,211,52,1708,426,-1,-1,-1,-1
252,1,1,0.935847,1139,101,409,512,-1,-1,-1,-1
252,2,0,0.922565,211,52,1708,426,-1,-1,-1,-1
253,1,1,0.935939,1139,101,409,512,-1,-1,-1,-1
253,2,0,0.923497,210,52,1709,425,-1,-1,-1,-1
254,1,1,0.935813,1139,101,409,512,-1,-1,-1,-1
254,2,0,0.924382,212,52,1707,426,-1,-1,-1,-1
255,1,1,0.935572,1139,101,409,512,-1,-1,-1,-1
255,2,0,0.924584,211,52,1708,427,-1,-1,-1,-1
256,1,1,0.934965,1139,101,409,512,-1,-1,-1,-1
256,2,0,0.924457,211,52,1708,427,-1,-1,-1,-1
257,1,1,0.934753,1139,101,409,512,-1,-1,-1,-1
257,2,0,0.924441,211,52,1708,426,-1,-1,-1,-1
258,1,1,0.934933,1139,101,409,512,-1,-1,-1,-1
258,2,0,0.923072,212,51,1707,427,-1,-1,-1,-1
259,1,1,0.933876,1139,101,409,512,-1,-1,-1,-1
259,2,0,0.922955,211,50,1708,427,-1,-1,-1,-1
260,1,1,0.933314,1139,101,409,512,-1,-1,-1,-1
260,2,0,0.922969,211,50,1708,427,-1,-1,-1,-1
261,1,1,0.933371,1139,101,409,512,-1,-1,-1,-1
261,2,0,0.922507,211,50,1708,427,-1,-1,-1,-1
262,1,1,0.933104,1139,101,409,512,-1,-1,-1,-1
262,2,0,0.922855,211,50,1708,427,-1,-1,-1,-1
263,1,1,0.932641,1139,101,409,512,-1,-1,-1,-1
263,2,0,0.922853,212,49,1707,429,-1,-1,-1,-1
264,1,1,0.933012,1139,101,409,512,-1,-1,-1,-1
264,2,0,0.922593,211,50,1708,427,-1,-1,-1,-1
265,1,1,0.932783,1139,101,408,512,-1,-1,-1,-1
265,2,0,0.922699,212,50,1707,428,-1,-1,-1,-1
266,1,1,0.933684,1139,101,408,512,-1,-1,-1,-1
266,2,0,0.922181,211,50,1708,427,-1,-1,-1,-1
267,1,1,0.93239,1139,101,408,512,-1,-1,-1,-1
267,2,0,0.920803,212,50,1707,428,-1,-1,-1,-1
268,1,1,0.933137,1139,101,408,512,-1,-1,-1,-1
268,2,0,0.922012,211,50,1708,427,-1,-1,-1,-1
269,1,1,0.932837,1139,100,408,514,-1,-1,-1,-1
269,2,0,0.921884,211,51,1708,426,-1,-1,-1,-1
270,1,1,0.932735,1138,100,410,513,-1,-1,-1,-1
270,2,0,0.922436,212,51,1707,427,-1,-1,-1,-1
271,1,1,0.933746,1139,101,408,512,-1,-1,-1,-1
271,2,0,0.923171,211,51,1708,426,-1,-1,-1,-1
272,1,1,0.933217,1139,101,408,512,-1,-1,-1,-1
272,2,0,0.923041,211,50,1708,427,-1,-1,-1,-1
273,1,1,0.933486,1139,101,408,512,-1,-1,-1,-1
273,2,0,0.924098,212,50,1707,427,-1,-1,-1,-1
274,1,1,0.932748,1139,101,408,512,-1,-1,-1,-1
274,2,0,0.924905,211,51,1708,426,-1,-1,-1,-1
275,1,1,0.933331,1138,99,406,519,-1,-1,-1,-1
275,2,0,0.924936,212,50,1707,426,-1,-1,-1,-1
276,1,1,0.933726,1138,101,410,513,-1,-1,-1,-1
276,2,0,0.92339,211,50,1708,427,-1,-1,-1,-1
277,1,1,0.933477,1139,101,408,512,-1,-1,-1,-1
277,2,0,0.922541,210,49,1709,428,-1,-1,-1,-1
278,1,1,0.933129,1138,99,406,519,-1,-1,-1,-1
278,2,0,0.923129,211,49,1708,429,-1,-1,-1,-1
279,1,1,0.932888,1138,100,410,514,-1,-1,-1,-1
279,2,0,0.924029,210,49,1709,429,-1,-1,-1,-1
280,1,1,0.932967,1138,99,406,519,-1,-1,-1,-1
280,2,0,0.921605,211,49,1708,430,-1,-1,-1,-1
281,1,1,0.932941,1137,100,408,519,-1,-1,-1,-1
281,2,0,0.921618,210,49,1709,429,-1,-1,-1,-1
282,1,1,0.93311,1137,100,408,519,-1,-1,-1,-1
282,2,0,0.921643,211,49,1708,430,-1,-1,-1,-1
283,1,1,0.932835,1137,100,408,519,-1,-1,-1,-1
283,2,0,0.923208,210,50,1709,428,-1,-1,-1,-1
284,1,1,0.932343,1137,101,412,515,-1,-1,-1,-1
284,2,0,0.924598,210,51,1709,427,-1,-1,-1,-1
285,1,1,0.932639,1138,100,406,518,-1,-1,-1,-1
285,2,0,0.924418,211,51,1708,427,-1,-1,-1,-1
286,1,1,0.932265,1138,100,410,515,-1,-1,-1,-1
286,2,0,0.923629,210,52,1709,426,-1,-1,-1,-1
287,1,1,0.931148,1138,99,410,515,-1,-1,-1,-1
287,2,0,0.924252,211,52,1708,426,-1,-1,-1,-1
288,1,1,0.931043,1139,99,408,516,-1,-1,-1,-1
288,2,0,0.923707,211,51,1708,427,-1,-1,-1,-1
289,1,1,0.931888,1138,99,410,515,-1,-1,-1,-1
289,2,0,0.923595,210,51,1709,427,-1,-1,-1,-1
290,1,1,0.932534,1138,99,411,516,-1,-1,-1,-1
290,2,0,0.923365,212,51,1707,426,-1,-1,-1,-1
291,1,1,0.931969,1138,99,412,516,-1,-1,-1,-1
291,2,0,0.923927,211,52,1708,425,-1,-1,-1,-1
292,1,1,0.930852,1138,99,411,517,-1,-1,-1,-1
292,2,0,0.922509,212,52,1707,426,-1,-1,-1,-1
293,1,1,0.933174,1137,99,413,516,-1,-1,-1,-1
293,2,0,0.924226,211,52,1708,425,-1,-1,-1,-1
294,1,1,0.935361,1136,100,414,515,-1,-1,-1,-1
294,2,0,0.924718,212,53,1707,425,-1,-1,-1,-1
295,1,1,0.935292,1136,101,413,515,-1,-1,-1,-1
295,2,0,0.924311,212,52,1707,426,-1,-1,-1,-1
296,1,1,0.93508,1136,100,412,515,-1,-1,-1,-1
296,2,0,0.92189,212,51,1707,427,-1,-1,-1,-1
297,1,1,0.9365,1136,99,412,515,-1,-1,-1,-1
297,2,0,0.921996,211,52,1708,426,-1,-1,-1,-1
298,1,1,0.937216,1135,99,413,515,-1,-1,-1,-1
298,2,0,0.920279,212,52,1707,425,-1,-1,-1,-1
299,1,1,0.937268,1134,99,414,515,-1,-1,-1,-1
299,2,0,0.922188,212,52,1707,425,-1,-1,-1,-1
300,1,1,0.937607,1134,99,413,515,-1,-1,-1,-1
300,2,0,0.921817,212,52,1707,425,-1,-1,-1,-1
301,1,1,0.940135,1133,99,414,515,-1,-1,-1,-1
301,2,0,0.922023,212,51,1707,427,-1,-1,-1,-1
302,1,1,0.941486,1132,99,414,515,-1,-1,-1,-1
302,2,0,0.921301,212,50,1707,429,-1,-1,-1,-1
303,1,1,0.940904,1132,99,414,515,-1,-1,-1,-1
303,2,0,0.92206,212,51,1707,427,-1,-1,-1,-1
304,1,1,0.944338,1132,99,414,515,-1,-1,-1,-1
304,2,0,0.92101,212,51,1707,428,-1,-1,-1,-1
305,1,1,0.947598,1130,99,416,515,-1,-1,-1,-1
305,2,0,0.924358,212,51,1707,427,-1,-1,-1,-1
306,1,1,0.946926,1130,99,414,515,-1,-1,-1,-1
306,2,0,0.924131,212,51,1707,428,-1,-1,-1,-1
307,1,1,0.94928,1129,99,416,515,-1,-1,-1,-1
307,2,0,0.925444,211,52,1708,427,-1,-1,-1,-1
308,1,1,0.950475,1128,99,416,515,-1,-1,-1,-1
308,2,0,0.925405,211,52,1708,427,-1,-1,-1,-1
309,1,1,0.95079,1127,99,416,515,-1,-1,-1,-1
309,2,0,0.926493,211,52,1708,427,-1,-1,-1,-1
310,1,1,0.951358,1127,99,415,515,-1,-1,-1,-1
310,2,0,0.926131,211,52,1708,427,-1,-1,-1,-1
311,1,1,0.953688,1125,100,417,514,-1,-1,-1,-1
311,2,0,0.926416,211,52,1708,427,-1,-1,-1,-1
312,1,1,0.955205,1125,99,416,514,-1,-1,-1,-1
312,2,0,0.926975,211,52,1708,427,-1,-1,-1,-1
313,1,1,0.955654,1122,100,418,513,-1,-1,-1,-1
313,2,0,0.927619,212,51,1707,428,-1,-1,-1,-1
314,1,1,0.955461,1122,99,417,513,-1,-1,-1,-1
314,2,0,0.925303,211,51,1708,427,-1,-1,-1,-1
315,1,1,0.954898,1122,99,417,512,-1,-1,-1,-1
315,2,0,0.923802,212,50,1707,428,-1,-1,-1,-1
316,1,1,0.954697,1122,100,413,510,-1,-1,-1,-1
316,2,0,0.925141,211,51,1708,427,-1,-1,-1,-1
317,1,1,0.956102,1122,99,410,510,-1,-1,-1,-1
317,2,0,0.924889,212,50,1707,428,-1,-1,-1,-1
318,1,1,0.958572,1118,100,413,509,-1,-1,-1,-1
318,2,0,0.922772,210,50,1709,427,-1,-1,-1,-1
319,1,1,0.957454,1119,99,410,510,-1,-1,-1,-1
319,2,0,0.924592,211,50,1708,427,-1,-1,-1,-1
320,1,1,0.96041,1115,100,415,509,-1,-1,-1,-1
320,2,0,0.92372,210,51,1709,426,-1,-1,-1,-1
321,1,1,0.959807,1115,100,413,508,-1,-1,-1,-1
321,2,0,0.926053,211,51,1708,427,-1,-1,-1,-1
322,1,1,0.960034,1112,101,416,507,-1,-1,-1,-1
322,2,0,0.924643,211,51,1708,427,-1,-1,-1,-1
323,1,1,0.959227,1112,100,413,507,-1,-1,-1,-1
323,2,0,0.925956,212,51,1707,428,-1,-1,-1,-1
324,1,1,0.959777,1112,100,412,507,-1,-1,-1,-1
324,2,0,0.925113,211,52,1708,427,-1,-1,-1,-1
325,1,1,0.959953,1108,101,416,506,-1,-1,-1,-1
325,2,0,0.925698,211,51,1708,428,-1,-1,-1,-1
326,1,1,0.959572,1107,102,415,504,-1,-1,-1,-1
326,2,0,0.925211,211,51,1708,429,-1,-1,-1,-1
327,1,1,0.959812,1105,102,416,503,-1,-1,-1,-1
327,2,0,0.926792,210,52,1709,427,-1,-1,-1,-1
328,1,1,0.95934,1107,101,412,504,-1,-1,-1,-1
328,2,0,0.926416,211,51,1708,429,-1,-1,-1,-1
329,1,1,0.95993,1104,102,413,503,-1,-1,-1,-1
329,2,0,0.92685,209,51,1710,429,-1,-1,-1,-1
330,1,1,0.959297,1103,102,412,503,-1,-1,-1,-1
330,2,0,0.928875,209,52,1710,428,-1,-1,-1,-1
331,1,1,0.959537,1101,103,413,502,-1,-1,-1,-1
331,2,0,0.926524,209,52,1710,428,-1,-1,-1,-1
332,1,1,0.961467,1101,102,410,502,-1,-1,-1,-1
332,2,0,0.925852,209,52,1710,428,-1,-1,-1,-1
333,1,1,0.959868,1099,101,411,502,-1,-1,-1,-1
333,2,0,0.923439,210,50,1709,430,-1,-1,-1,-1
334,1,1,0.960898,1096,101,413,502,-1,-1,-1,-1
334,2,0,0.920293,210,49,1709,431,-1,-1,-1,-1
335,1,1,0.96115,1095,100,413,503,-1,-1,-1,-1
335,2,0,0.919666,210,48,1709,432,-1,-1,-1,-1
336,1,1,0.960618,1093,101,414,503,-1,-1,-1,-1
336,2,0,0.919924,210,48,1709,433,-1,-1,-1,-1
337,1,1,0.957784,1090,101,414,505,-1,-1,-1,-1
337,2,0,0.92047,210,49,1709,431,-1,-1,-1,-1
338,1,1,0.955235,1084,102,417,505,-1,-1,-1,-1
338,2,0,0.918284,210,50,1709,430,-1,-1,-1,-1
339,1,1,0.95551,1082,102,417,505,-1,-1,-1,-1
339,2,0,0.91787,210,49,1709,431,-1,-1,-1,-1
340,1,1,0.954935,1078,102,419,503,-1,-1,-1,-1
340,2,0,0.920737,215,51,1704,434,-1,-1,-1,-1
341,1,1,0.953812,1077,103,418,501,-1,-1,-1,-1
341,2,0,0.921128,214,52,1705,433,-1,-1,-1,-1
342,1,1,0.954465,1074,103,418,501,-1,-1,-1,-1
342,2,0,0.923541,215,52,1704,433,-1,-1,-1,-1
343,1,1,0.954199,1072,104,419,499,-1,-1,-1,-1
343,2,0,0.919306,218,43,1701,441,-1,-1,-1,-1
344,1,1,0.953936,1070,104,419,498,-1,-1,-1,-1
344,2,0,0.921097,214,42,1705,442,-1,-1,-1,-1
345,1,1,0.954457,1068,103,417,499,-1,-1,-1,-1
345,2,0,0.923404,214,42,1705,442,-1,-1,-1,-1
346,1,1,0.954609,1066,102,415,499,-1,-1,-1,-1
346,2,0,0.923739,207,47,1712,435,-1,-1,-1,-1
347,1,1,0.95605,1062,103,423,495,-1,-1,-1,-1
347,2,0,0.92409,208,47,1711,435,-1,-1,-1,-1
348,1,1,0.957217,1060,105,423,491,-1,-1,-1,-1
348,2,0,0.923412,208,47,1711,436,-1,-1,-1,-1
349,1,1,0.956328,1059,106,421,490,-1,-1,-1,-1
349,2,0,0.922466,215,50,1704,434,-1,-1,-1,-1
350,1,1,0.955535,1057,105,420,490,-1,-1,-1,-1
350,2,0,0.925429,216,50,1701,435,-1,-1,-1,-1
351,1,1,0.954158,1055,104,420,492,-1,-1,-1,-1
351,2,0,0.925387,216,50,1702,434,-1,-1,-1,-1
352,1,1,0.953852,1050,108,421,485,-1,-1,-1,-1
352,2,0,0.927132,217,51,1699,433,-1,-1,-1,-1
353,1,1,0.951732,1048,110,419,481,-1,-1,-1,-1
353,2,0,0.929161,218,51,1697,433,-1,-1,-1,-1
354,1,1,0.952932,1047,111,418,480,-1,-1,-1,-1
354,2,0,0.927566,217,51,1699,432,-1,-1,-1,-1
355,1,1,0.950059,1045,111,419,479,-1,-1,-1,-1
355,2,0,0.928369,218,50,1697,433,-1,-1,-1,-1
356,1,1,0.935469,1043,111,417,477,-1,-1,-1,-1
356,2,0,0.928762,217,50,1700,432,-1,-1,-1,-1
357,1,1,0.927872,1042,110,416,478,-1,-1,-1,-1
357,2,0,0.927552,218,49,1698,432,-1,-1,-1,-1
358,1,1,0.927622,1040,110,415,477,-1,-1,-1,-1
358,2,0,0.882474,217,51,1700,431,-1,-1,-1,-1
359,1,1,0.928158,1035,105,417,487,-1,-1,-1,-1
359,2,0,0.86033,217,52,1700,430,-1,-1,-1,-1
360,1,1,0.926723,1033,104,418,488,-1,-1,-1,-1
360,2,0,0.888057,218,53,1698,429,-1,-1,-1,-1
361,1,1,0.926161,1031,106,422,485,-1,-1,-1,-1
361,2,0,0.919582,218,52,1699,430,-1,-1,-1,-1
362,1,1,0.929709,1028,107,423,482,-1,-1,-1,-1
362,2,0,0.927259,217,52,1700,429,-1,-1,-1,-1
363,1,1,0.941733,1028,105,417,486,-1,-1,-1,-1
363,2,0,0.926055,217,53,1700,428,-1,-1,-1,-1
364,1,1,0.947193,1027,105,416,487,-1,-1,-1,-1
364,2,0,0.925605,218,53,1698,427,-1,-1,-1,-1
365,1,1,0.945149,1024,106,419,486,-1,-1,-1,-1
365,2,0,0.925992,218,53,1698,427,-1,-1,-1,-1
366,1,1,0.947858,1020,107,423,482,-1,-1,-1,-1
366,2,0,0.925502,217,53,1699,427,-1,-1,-1,-1
367,1,1,0.947763,1018,107,422,481,-1,-1,-1,-1
367,2,0,0.926499,217,53,1700,427,-1,-1,-1,-1
368,1,1,0.948982,1017,108,421,480,-1,-1,-1,-1
368,2,0,0.925662,217,52,1699,428,-1,-1,-1,-1
369,1,1,0.949452,1016,107,418,480,-1,-1,-1,-1
369,2,0,0.925518,217,53,1700,427,-1,-1,-1,-1
370,1,1,0.950969,1015,108,418,479,-1,-1,-1,-1
370,2,0,0.925055,217,54,1700,425,-1,-1,-1,-1
371,1,1,0.948221,1012,109,419,477,-1,-1,-1,-1
371,2,0,0.926026,217,53,1698,426,-1,-1,-1,-1
372,1,1,0.946016,1011,109,417,475,-1,-1,-1,-1
372,2,0,0.925792,217,53,1699,427,-1,-1,-1,-1
373,1,1,0.942424,1008,109,417,474,-1,-1,-1,-1
373,2,0,0.925723,216,53,1701,426,-1,-1,-1,-1
374,1,1,0.944588,1008,110,412,472,-1,-1,-1,-1
374,2,0,0.925945,217,52,1698,426,-1,-1,-1,-1
375,1,1,0.937949,1006,110,411,472,-1,-1,-1,-1
375,2,0,0.926259,217,52,1698,427,-1,-1,-1,-1
376,1,1,0.939948,1004,110,413,472,-1,-1,-1,-1
376,2,0,0.925917,216,51,1699,427,-1,-1,-1,-1
377,1,1,0.942747,1015,111,397,472,-1,-1,-1,-1
377,2,0,0.924109,216,51,1699,427,-1,-1,-1,-1
378,1,1,0.935974,1013,114,398,470,-1,-1,-1,-1
378,2,0,0.925395,215,51,1702,426,-1,-1,-1,-1
379,1,1,0.93361,1013,115,395,469,-1,-1,-1,-1
379,2,0,0.925501,216,52,1700,425,-1,-1,-1,-1
380,1,1,0.931565,1009,117,396,469,-1,-1,-1,-1
380,2,0,0.926497,217,51,1698,425,-1,-1,-1,-1
381,1,1,0.931794,1006,118,397,469,-1,-1,-1,-1
381,2,0,0.926631,218,51,1697,426,-1,-1,-1,-1
382,1,1,0.933332,1003,118,396,470,-1,-1,-1,-1
382,2,0,0.927329,205,45,1714,443,-1,-1,-1,-1
383,1,1,0.932058,1000,118,396,470,-1,-1,-1,-1
383,2,0,0.927956,205,44,1714,446,-1,-1,-1,-1
384,1,1,0.93051,999,118,395,470,-1,-1,-1,-1
384,2,0,0.927702,204,43,1715,447,-1,-1,-1,-1
385,1,1,0.932629,995,117,398,469,-1,-1,-1,-1
385,2,0,0.930418,206,44,1713,446,-1,-1,-1,-1
386,1,1,0.931148,987,113,407,467,-1,-1,-1,-1
386,2,0,0.930145,203,45,1716,445,-1,-1,-1,-1
387,1,1,0.935013,985,112,408,467,-1,-1,-1,-1
387,2,0,0.931439,204,45,1715,444,-1,-1,-1,-1
388,1,1,0.937676,985,112,404,466,-1,-1,-1,-1
388,2,0,0.933066,203,44,1716,445,-1,-1,-1,-1
389,1,1,0.938753,985,113,404,467,-1,-1,-1,-1
389,2,0,0.929378,204,44,1715,445,-1,-1,-1,-1
390,1,1,0.940166,982,115,407,462,-1,-1,-1,-1
390,2,0,0.931627,205,45,1714,444,-1,-1,-1,-1
391,1,1,0.943073,981,116,404,459,-1,-1,-1,-1
391,2,0,0.934979,207,44,1712,445,-1,-1,-1,-1
392,1,1,0.938146,980,115,403,459,-1,-1,-1,-1
392,2,0,0.936099,207,44,1712,445,-1,-1,-1,-1
393,1,1,0.940498,978,116,402,458,-1,-1,-1,-1
393,2,0,0.935654,208,44,1711,445,-1,-1,-1,-1
394,1,1,0.938897,976,116,401,457,-1,-1,-1,-1
394,2,0,0.935732,207,44,1712,446,-1,-1,-1,-1
395,1,1,0.938077,974,117,401,456,-1,-1,-1,-1
395,2,0,0.929909,207,44,1712,445,-1,-1,-1,-1
396,1,1,0.942156,973,117,399,455,-1,-1,-1,-1
396,2,0,0.9325,207,45,1712,445,-1,-1,-1,-1
397,1,1,0.943674,969,118,400,452,-1,-1,-1,-1
397,2,0,0.923112,209,46,1710,445,-1,-1,-1,-1
398,1,1,0.945906,966,117,402,448,-1,-1,-1,-1
398,2,0,0.914822,209,46,1710,444,-1,-1,-1,-1
399,1,1,0.944342,965,117,400,446,-1,-1,-1,-1
399,2,0,0.930293,212,46,1707,444,-1,-1,-1,-1
400,1,1,0.944685,966,117,398,446,-1,-1,-1,-1
400,2,0,0.930226,211,46,1708,443,-1,-1,-1,-1
401,1,1,0.94416,965,117,396,446,-1,-1,-1,-1
401,2,0,0.938966,214,45,1704,444,-1,-1,-1,-1
402,1,1,0.945344,966,118,393,446,-1,-1,-1,-1
402,2,0,0.925496,212,47,1707,440,-1,-1,-1,-1
403,1,1,0.948467,960,118,397,446,-1,-1,-1,-1
403,2,0,0.923295,215,47,1702,439,-1,-1,-1,-1
404,1,1,0.949107,959,118,396,445,-1,-1,-1,-1
404,2,0,0.926413,216,46,1700,439,-1,-1,-1,-1
405,1,1,0.951335,958,119,395,444,-1,-1,-1,-1
405,2,0,0.928337,218,46,1697,439,-1,-1,-1,-1
406,1,1,0.953594,957,118,393,444,-1,-1,-1,-1
406,2,0,0.92669,219,46,1694,439,-1,-1,-1,-1
407,1,1,0.955288,952,117,396,445,-1,-1,-1,-1
407,2,0,0.899953,218,47,1696,437,-1,-1,-1,-1
408,1,1,0.957817,949,117,397,445,-1,-1,-1,-1
408,2,0,0.923778,221,47,1692,436,-1,-1,-1,-1
409,1,1,0.959745,947,118,399,444,-1,-1,-1,-1
409,2,0,0.929639,220,48,1694,435,-1,-1,-1,-1
410,1,1,0.961495,947,118,395,443,-1,-1,-1,-1
410,2,0,0.941471,223,48,1688,435,-1,-1,-1,-1
411,1,1,0.963375,945,118,395,442,-1,-1,-1,-1
411,2,0,0.941565,220,49,1695,434,-1,-1,-1,-1
412,1,1,0.962626,946,118,392,443,-1,-1,-1,-1
412,2,0,0.939084,222,49,1691,433,-1,-1,-1,-1
413,1,1,0.964531,944,119,393,442,-1,-1,-1,-1
413,2,0,0.939539,221,49,1693,433,-1,-1,-1,-1
414,1,1,0.965756,944,120,391,440,-1,-1,-1,-1
414,2,0,0.943018,220,49,1696,433,-1,-1,-1,-1
415,1,1,0.966103,944,121,391,439,-1,-1,-1,-1
415,2,0,0.94486,219,49,1698,433,-1,-1,-1,-1
416,1,1,0.965982,943,120,392,439,-1,-1,-1,-1
416,2,0,0.94798,219,49,1698,432,-1,-1,-1,-1
417,1,1,0.965885,944,120,389,438,-1,-1,-1,-1
417,2,0,0.94831,221,49,1695,433,-1,-1,-1,-1
418,1,1,0.965984,944,119,387,438,-1,-1,-1,-1
418,2,0,0.950934,219,49,1699,433,-1,-1,-1,-1
419,1,1,0.966744,945,119,384,439,-1,-1,-1,-1
419,2,0,0.939952,220,49,1696,433,-1,-1,-1,-1
420,1,1,0.967419,943,120,381,441,-1,-1,-1,-1
420,2,0,0.937773,219,49,1698,432,-1,-1,-1,-1
421,1,1,0.969617,941,121,380,441,-1,-1,-1,-1
421,2,0,0.938511,218,50,1701,431,-1,-1,-1,-1
422,1,1,0.971361,939,122,379,441,-1,-1,-1,-1
422,2,0,0.934169,218,50,1701,430,-1,-1,-1,-1
423,1,1,0.972247,934,122,381,440,-1,-1,-1,-1
423,2,0,0.93192,218,50,1701,430,-1,-1,-1,-1
424,1,1,0.973025,935,122,379,439,-1,-1,-1,-1
424,2,0,0.934447,218,49,1701,432,-1,-1,-1,-1
425,1,1,0.972794,933,122,379,438,-1,-1,-1,-1
425,2,0,0.934742,217,50,1702,431,-1,-1,-1,-1
426,1,1,0.97535,933,122,376,437,-1,-1,-1,-1
426,2,0,0.930914,215,51,1704,430,-1,-1,-1,-1
427,1,1,0.976393,932,125,375,434,-1,-1,-1,-1
427,2,0,0.923219,217,51,1702,428,-1,-1,-1,-1
428,1,1,0.975602,932,129,374,428,-1,-1,-1,-1
428,2,0,0.917697,221,51,1698,427,-1,-1,-1,-1
429,1,1,0.975718,933,122,374,434,-1,-1,-1,-1
429,2,0,0.924598,222,52,1697,426,-1,-1,-1,-1
430,1,1,0.975627,932,123,375,431,-1,-1,-1,-1
430,2,0,0.915656,222,52,1697,426,-1,-1,-1,-1
431,1,1,0.975346,931,124,373,430,-1,-1,-1,-1
431,2,0,0.922445,222,52,1697,426,-1,-1,-1,-1
432,1,1,0.976049,932,123,369,431,-1,-1,-1,-1
432,2,0,0.925104,223,51,1696,427,-1,-1,-1,-1
433,1,1,0.976511,932,123,366,431,-1,-1,-1,-1
433,2,0,0.920973,224,52,1695,426,-1,-1,-1,-1
434,1,1,0.97714,929,124,365,429,-1,-1,-1,-1
434,2,0,0.921747,225,51,1694,428,-1,-1,-1,-1
435,1,1,0.976417,929,123,364,429,-1,-1,-1,-1
435,2,0,0.925899,225,52,1694,428,-1,-1,-1,-1
436,1,1,0.977216,927,123,365,429,-1,-1,-1,-1
436,2,0,0.923207,225,52,1694,428,-1,-1,-1,-1
437,1,1,0.976696,928,124,364,427,-1,-1,-1,-1
437,2,0,0.921684,225,52,1694,428,-1,-1,-1,-1
438,1,1,0.976367,926,124,363,427,-1,-1,-1,-1
438,2,0,0.924201,227,52,1692,428,-1,-1,-1,-1
439,1,1,0.976901,926,124,363,427,-1,-1,-1,-1
439,2,0,0.926291,227,52,1692,428,-1,-1,-1,-1
440,1,1,0.976994,924,125,361,426,-1,-1,-1,-1
440,2,0,0.912328,228,52,1691,429,-1,-1,-1,-1
441,1,1,0.977279,917,124,367,426,-1,-1,-1,-1
441,2,0,0.91681,228,53,1691,429,-1,-1,-1,-1
442,1,1,0.977608,915,124,369,426,-1,-1,-1,-1
442,2,0,0.91447,228,53,1691,429,-1,-1,-1,-1
443,1,1,0.97796,917,125,361,425,-1,-1,-1,-1
443,2,0,0.922696,229,53,1690,429,-1,-1,-1,-1
444,1,1,0.978314,916,125,362,425,-1,-1,-1,-1
444,2,0,0.925152,229,54,1690,429,-1,-1,-1,-1
445,1,1,0.978586,913,125,364,425,-1,-1,-1,-1
445,2,0,0.92801,230,53,1689,430,-1,-1,-1,-1
446,1,1,0.978587,913,126,361,423,-1,-1,-1,-1
446,2,0,0.933425,229,53,1690,429,-1,-1,-1,-1
447,1,1,0.978784,915,127,355,422,-1,-1,-1,-1
447,2,0,0.934237,230,53,1689,428,-1,-1,-1,-1
448,1,1,0.978473,914,127,355,422,-1,-1,-1,-1
448,2,0,0.93252,231,53,1688,429,-1,-1,-1,-1
449,1,1,0.978437,916,127,351,422,-1,-1,-1,-1
449,2,0,0.930544,230,54,1689,429,-1,-1,-1,-1
450,1,1,0.978234,912,127,353,421,-1,-1,-1,-1
450,2,0,0.930957,231,54,1688,428,-1,-1,-1,-1
451,1,1,0.978006,913,128,350,421,-1,-1,-1,-1
451,2,0,0.925903,232,53,1687,429,-1,-1,-1,-1
452,1,1,0.978098,912,128,350,421,-1,-1,-1,-1
452,2,0,0.927755,232,52,1687,430,-1,-1,-1,-1
453,1,1,0.978299,912,129,347,419,-1,-1,-1,-1
453,2,0,0.924068,232,53,1687,429,-1,-1,-1,-1
454,1,1,0.978408,912,130,346,418,-1,-1,-1,-1
454,2,0,0.923618,232,54,1687,427,-1,-1,-1,-1
455,1,1,0.978835,912,131,343,416,-1,-1,-1,-1
455,2,0,0.922777,233,54,1686,426,-1,-1,-1,-1
456,1,1,0.978675,911,131,343,415,-1,-1,-1,-1
456,2,0,0.927569,234,53,1685,427,-1,-1,-1,-1
457,1,1,0.978629,908,136,344,408,-1,-1,-1,-1
457,2,0,0.922985,234,54,1684,426,-1,-1,-1,-1
458,1,1,0.978793,908,136,342,407,-1,-1,-1,-1
458,2,0,0.92564,235,54,1683,426,-1,-1,-1,-1
459,1,1,0.97863,907,136,341,408,-1,-1,-1,-1
459,2,0,0.925289,234,54,1685,426,-1,-1,-1,-1
460,1,1,0.978951,906,136,338,408,-1,-1,-1,-1
460,2,0,0.920465,235,53,1682,427,-1,-1,-1,-1
461,1,1,0.979081,905,136,337,409,-1,-1,-1,-1
461,2,0,0.922751,236,54,1681,426,-1,-1,-1,-1
462,1,1,0.978905,902,136,339,408,-1,-1,-1,-1
462,2,0,0.927035,235,54,1681,426,-1,-1,-1,-1
463,1,1,0.979046,903,136,335,409,-1,-1,-1,-1
463,2,0,0.925174,237,54,1679,426,-1,-1,-1,-1
464,1,1,0.978867,902,132,339,412,-1,-1,-1,-1
464,2,0,0.930157,236,54,1679,425,-1,-1,-1,-1
465,1,1,0.978543,901,132,339,412,-1,-1,-1,-1
465,2,0,0.928663,236,55,1679,424,-1,-1,-1,-1
466,1,1,0.978432,902,133,337,411,-1,-1,-1,-1
466,2,0,0.928994,237,55,1678,424,-1,-1,-1,-1
467,1,1,0.977979,902,134,334,409,-1,-1,-1,-1
467,2,0,0.926481,237,54,1677,426,-1,-1,-1,-1
468,1,1,0.977797,901,134,333,409,-1,-1,-1,-1
468,2,0,0.927261,236,55,1678,426,-1,-1,-1,-1
469,1,1,0.977944,901,135,331,408,-1,-1,-1,-1
469,2,0,0.927654,237,54,1676,427,-1,-1,-1,-1
470,1,1,0.978305,898,135,333,407,-1,-1,-1,-1
470,2,0,0.924699,235,54,1679,427,-1,-1,-1,-1
471,1,1,0.978122,899,134,329,408,-1,-1,-1,-1
471,2,0,0.927132,237,54,1675,427,-1,-1,-1,-1
472,1,1,0.977977,896,134,331,407,-1,-1,-1,-1
472,2,0,0.928999,236,54,1677,426,-1,-1,-1,-1
473,1,1,0.978141,898,135,328,403,-1,-1,-1,-1
473,2,0,0.929252,236,55,1677,425,-1,-1,-1,-1
474,1,1,0.977576,897,135,326,403,-1,-1,-1,-1
474,2,0,0.92677,236,54,1676,426,-1,-1,-1,-1
475,1,1,0.977441,894,135,327,404,-1,-1,-1,-1
475,2,0,0.929945,235,55,1678,426,-1,-1,-1,-1
476,1,1,0.977719,892,136,327,402,-1,-1,-1,-1
476,2,0,0.925415,236,54,1676,427,-1,-1,-1,-1
477,1,1,0.977598,889,135,329,403,-1,-1,-1,-1
477,2,0,0.920646,235,54,1679,428,-1,-1,-1,-1
478,1,1,0.977577,889,135,329,403,-1,-1,-1,-1
478,2,0,0.923113,234,55,1680,428,-1,-1,-1,-1
479,1,1,0.978046,890,134,326,404,-1,-1,-1,-1
479,2,0,0.92892,234,55,1681,428,-1,-1,-1,-1
480,1,1,0.978141,889,135,326,402,-1,-1,-1,-1
480,2,0,0.933313,234,55,1681,427,-1,-1,-1,-1
481,1,1,0.977087,889,136,325,400,-1,-1,-1,-1
481,2,0,0.926977,234,54,1681,428,-1,-1,-1,-1
482,1,1,0.976829,889,136,323,400,-1,-1,-1,-1
482,2,0,0.931265,234,54,1681,429,-1,-1,-1,-1
483,1,1,0.976959,887,136,324,399,-1,-1,-1,-1
483,2,0,0.938667,232,53,1685,430,-1,-1,-1,-1
484,1,1,0.977032,888,137,320,398,-1,-1,-1,-1
484,2,0,0.938412,233,53,1684,430,-1,-1,-1,-1
485,1,1,0.976757,888,141,321,395,-1,-1,-1,-1
485,2,0,0.942759,233,54,1684,429,-1,-1,-1,-1
486,1,1,0.976674,885,138,321,399,-1,-1,-1,-1
486,2,0,0.940885,232,55,1685,428,-1,-1,-1,-1
487,1,1,0.976604,884,137,321,400,-1,-1,-1,-1
487,2,0,0.944646,233,54,1683,429,-1,-1,-1,-1
488,1,1,0.976059,884,136,320,401,-1,-1,-1,-1
488,2,0,0.943278,231,54,1686,429,-1,-1,-1,-1
489,1,1,0.975997,887,140,319,397,-1,-1,-1,-1
489,2,0,0.944174,232,54,1684,429,-1,-1,-1,-1
490,1,1,0.975853,885,141,321,395,-1,-1,-1,-1
490,2,0,0.944101,231,54,1686,428,-1,-1,-1,-1
491,1,1,0.975706,880,138,322,398,-1,-1,-1,-1
491,2,0,0.942154,231,53,1686,428,-1,-1,-1,-1
492,1,1,0.975001,878,137,323,399,-1,-1,-1,-1
492,2,0,0.941202,230,53,1687,428,-1,-1,-1,-1
493,1,1,0.97552,878,138,324,398,-1,-1,-1,-1
493,2,0,0.942392,229,53,1687,428,-1,-1,-1,-1
494,1,1,0.975989,878,139,323,396,-1,-1,-1,-1
494,2,0,0.942243,229,54,1688,427,-1,-1,-1,-1
495,1,1,0.976101,883,139,317,395,-1,-1,-1,-1
495,2,0,0.94302,230,55,1685,426,-1,-1,-1,-1
496,1,1,0.975482,881,140,317,393,-1,-1,-1,-1
496,2,0,0.941729,230,54,1686,427,-1,-1,-1,-1
497,1,1,0.97535,876,139,322,396,-1,-1,-1,-1
497,2,0,0.941911,230,53,1685,427,-1,-1,-1,-1
498,1,1,0.975231,875,139,324,396,-1,-1,-1,-1
498,2,0,0.94252,229,53,1687,427,-1,-1,-1,-1
499,1,1,0.976062,878,139,319,393,-1,-1,-1,-1
499,2,0,0.944196,230,53,1685,427,-1,-1,-1,-1
500,1,1,0.975394,879,139,316,393,-1,-1,-1,-1
500,2,0,0.94757,230,53,1685,428,-1,-1,-1,-1
501,1,1,0.975693,876,139,319,392,-1,-1,-1,-1
501,2,0,0.949903,229,54,1686,427,-1,-1,-1,-1
502,1,1,0.975376,877,138,317,393,-1,-1,-1,-1
502,2,0,0.947627,230,53,1685,427,-1,-1,-1,-1
503,1,1,0.975723,876,138,319,393,-1,-1,-1,-1
503,2,0,0.948058,229,53,1685,428,-1,-1,-1,-1
504,1,1,0.97551,876,138,318,393,-1,-1,-1,-1
504,2,0,0.947502,228,53,1687,429,-1,-1,-1,-1
505,1,1,0.975391,877,138,317,394,-1,-1,-1,-1
505,2,0,0.947389,228,54,1687,427,-1,-1,-1,-1
506,1,1,0.975622,877,138,317,394,-1,-1,-1,-1
506,2,0,0.948422,229,53,1685,428,-1,-1,-1,-1
507,1,1,0.975642,877,139,318,393,-1,-1,-1,-1
507,2,0,0.948446,228,54,1687,427,-1,-1,-1,-1
508,1,1,0.975165,879,138,315,394,-1,-1,-1,-1
508,2,0,0.948099,229,54,1685,427,-1,-1,-1,-1
509,1,1,0.975292,879,138,315,395,-1,-1,-1,-1
509,2,0,0.947837,229,53,1686,429,-1,-1,-1,-1
510,1,1,0.975303,878,138,316,394,-1,-1,-1,-1
510,2,0,0.948714,229,53,1686,429,-1,-1,-1,-1
511,1,1,0.975286,879,138,314,394,-1,-1,-1,-1
511,2,0,0.949584,229,53,1686,429,-1,-1,-1,-1
512,1,1,0.975485,878,138,315,393,-1,-1,-1,-1
512,2,0,0.949788,229,53,1686,429,-1,-1,-1,-1
513,1,1,0.975129,879,139,313,392,-1,-1,-1,-1
513,2,0,0.948532,230,53,1684,429,-1,-1,-1,-1
514,1,1,0.975316,879,138,313,394,-1,-1,-1,-1
514,2,0,0.946933,229,53,1686,428,-1,-1,-1,-1
515,1,1,0.975322,878,139,314,394,-1,-1,-1,-1
515,2,0,0.946406,229,54,1686,428,-1,-1,-1,-1
516,1,1,0.974938,878,139,314,394,-1,-1,-1,-1
516,2,0,0.946715,229,54,1686,428,-1,-1,-1,-1
517,1,1,0.975293,877,139,314,394,-1,-1,-1,-1
517,2,0,0.947089,229,54,1686,427,-1,-1,-1,-1
518,1,1,0.97479,877,138,314,395,-1,-1,-1,-1
518,2,0,0.946561,229,53,1685,428,-1,-1,-1,-1
519,1,1,0.974863,877,138,314,396,-1,-1,-1,-1
519,2,0,0.946039,228,54,1687,428,-1,-1,-1,-1
520,1,1,0.97444,875,137,317,397,-1,-1,-1,-1
520,2,0,0.947115,227,54,1688,428,-1,-1,-1,-1
521,1,1,0.973938,874,138,317,395,-1,-1,-1,-1
521,2,0,0.946766,228,54,1687,427,-1,-1,-1,-1
522,1,1,0.973796,874,139,316,395,-1,-1,-1,-1
522,2,0,0.945994,228,53,1686,427,-1,-1,-1,-1
523,1,1,0.974098,873,139,316,395,-1,-1,-1,-1
523,2,0,0.945782,229,53,1684,427,-1,-1,-1,-1
524,1,1,0.97438,872,139,316,395,-1,-1,-1,-1
524,2,0,0.944446,217,50,1702,432,-1,-1,-1,-1
525,1,1,0.973857,872,139,315,395,-1,-1,-1,-1
525,2,0,0.94513,227,52,1687,428,-1,-1,-1,-1
526,1,1,0.974437,872,139,315,395,-1,-1,-1,-1
526,2,0,0.945658,218,50,1701,431,-1,-1,-1,-1
527,1,1,0.974425,873,138,313,396,-1,-1,-1,-1
527,2,0,0.946588,217,49,1702,433,-1,-1,-1,-1
528,1,1,0.974363,872,138,314,395,-1,-1,-1,-1
528,2,0,0.945841,217,49,1702,434,-1,-1,-1,-1
529,1,1,0.974641,872,139,314,395,-1,-1,-1,-1
529,2,0,0.946126,216,49,1703,433,-1,-1,-1,-1
530,1,1,0.974708,872,139,314,395,-1,-1,-1,-1
530,2,0,0.946333,216,49,1703,434,-1,-1,-1,-1
531,1,1,0.974744,872,139,315,394,-1,-1,-1,-1
531,2,0,0.945905,217,49,1702,434,-1,-1,-1,-1
532,1,1,0.974747,873,138,313,395,-1,-1,-1,-1
532,2,0,0.946058,216,50,1703,433,-1,-1,-1,-1
533,1,1,0.974991,872,139,315,394,-1,-1,-1,-1
533,2,0,0.948103,216,51,1703,432,-1,-1,-1,-1
534,1,1,0.975081,871,139,316,393,-1,-1,-1,-1
534,2,0,0.948515,215,52,1704,431,-1,-1,-1,-1
535,1,1,0.974769,872,138,313,394,-1,-1,-1,-1
535,2,0,0.948261,217,51,1702,432,-1,-1,-1,-1
536,1,1,0.974373,871,138,316,394,-1,-1,-1,-1
536,2,0,0.946977,216,52,1703,432,-1,-1,-1,-1
537,1,1,0.974449,871,139,314,393,-1,-1,-1,-1
537,2,0,0.946155,216,52,1703,431,-1,-1,-1,-1
538,1,1,0.974314,871,140,313,392,-1,-1,-1,-1
538,2,0,0.945659,217,52,1702,431,-1,-1,-1,-1
539,1,1,0.974737,871,140,312,392,-1,-1,-1,-1
539,2,0,0.946784,216,51,1703,432,-1,-1,-1,-1
540,1,1,0.97483,869,140,314,392,-1,-1,-1,-1
540,2,0,0.946235,214,52,1705,432,-1,-1,-1,-1
541,1,1,0.974863,870,141,311,392,-1,-1,-1,-1
541,2,0,0.946166,214,52,1705,432,-1,-1,-1,-1
542,1,1,0.97507,870,140,310,393,-1,-1,-1,-1
542,2,0,0.946287,214,52,1705,432,-1,-1,-1,-1
543,1,1,0.975727,869,140,311,392,-1,-1,-1,-1
543,2,0,0.945047,214,52,1705,432,-1,-1,-1,-1
544,1,1,0.975812,870,140,308,393,-1,-1,-1,-1
544,2,0,0.945153,214,52,1705,432,-1,-1,-1,-1
545,1,1,0.975718,869,140,310,392,-1,-1,-1,-1
545,2,0,0.946162,214,52,1705,432,-1,-1,-1,-1
546,1,1,0.975959,870,140,308,391,-1,-1,-1,-1
546,2,0,0.945717,215,51,1704,433,-1,-1,-1,-1
547,1,1,0.975663,868,140,311,391,-1,-1,-1,-1
547,2,0,0.943901,214,52,1705,432,-1,-1,-1,-1
548,1,1,0.975894,869,140,307,392,-1,-1,-1,-1
548,2,0,0.943978,214,52,1705,432,-1,-1,-1,-1
549,1,1,0.976015,868,141,309,391,-1,-1,-1,-1
549,2,0,0.94457,213,52,1706,432,-1,-1,-1,-1
550,1,1,0.975886,868,141,314,390,-1,-1,-1,-1
550,2,0,0.94555,214,51,1705,433,-1,-1,-1,-1
551,1,1,0.975977,868,142,314,388,-1,-1,-1,-1
551,2,0,0.947637,213,51,1706,434,-1,-1,-1,-1
552,1,1,0.975961,869,141,312,388,-1,-1,-1,-1
552,2,0,0.948785,213,51,1706,434,-1,-1,-1,-1
553,1,1,0.97567,868,141,312,387,-1,-1,-1,-1
553,2,0,0.949294,213,50,1706,435,-1,-1,-1,-1
554,1,1,0.976049,870,142,310,386,-1,-1,-1,-1
554,2,0,0.947699,213,51,1706,433,-1,-1,-1,-1
555,1,1,0.975664,869,141,309,388,-1,-1,-1,-1
555,2,0,0.947596,214,51,1705,434,-1,-1,-1,-1
556,1,1,0.975415,868,142,310,387,-1,-1,-1,-1
556,2,0,0.948693,212,50,1707,435,-1,-1,-1,-1
557,1,1,0.975527,868,141,309,389,-1,-1,-1,-1
557,2,0,0.950977,213,50,1706,435,-1,-1,-1,-1
558,1,1,0.975753,867,142,310,388,-1,-1,-1,-1
558,2,0,0.949396,212,51,1707,434,-1,-1,-1,-1
559,1,1,0.975979,866,141,309,389,-1,-1,-1,-1
559,2,0,0.948508,213,50,1706,435,-1,-1,-1,-1
560,1,1,0.975678,866,142,309,389,-1,-1,-1,-1
560,2,0,0.948852,212,51,1707,435,-1,-1,-1,-1
561,1,1,0.97542,865,142,310,388,-1,-1,-1,-1
561,2,0,0.948128,212,50,1707,436,-1,-1,-1,-1
562,1,1,0.975326,866,142,308,387,-1,-1,-1,-1
562,2,0,0.94745,211,49,1708,437,-1,-1,-1,-1
563,1,1,0.975158,866,141,301,389,-1,-1,-1,-1
563,2,0,0.948435,211,49,1708,437,-1,-1,-1,-1
564,1,1,0.975469,864,141,308,389,-1,-1,-1,-1
564,2,0,0.946604,209,49,1710,437,-1,-1,-1,-1
565,1,1,0.975659,866,141,299,389,-1,-1,-1,-1
565,2,0,0.947027,210,50,1709,436,-1,-1,-1,-1
566,1,1,0.975822,865,141,307,388,-1,-1,-1,-1
566,2,0,0.948469,210,51,1709,435,-1,-1,-1,-1
567,1,1,0.975509,865,141,299,389,-1,-1,-1,-1
567,2,0,0.950207,210,50,1709,436,-1,-1,-1,-1
568,1,1,0.975484,864,140,300,391,-1,-1,-1,-1
568,2,0,0.946792,208,51,1711,435,-1,-1,-1,-1
569,1,1,0.975627,864,142,306,386,-1,-1,-1,-1
569,2,0,0.946004,209,51,1710,435,-1,-1,-1,-1
570,1,1,0.975687,864,143,307,384,-1,-1,-1,-1
570,2,0,0.94891,208,51,1711,435,-1,-1,-1,-1
571,1,1,0.975455,864,142,297,386,-1,-1,-1,-1
571,2,0,0.948696,208,50,1711,436,-1,-1,-1,-1
572,1,1,0.975042,864,143,295,385,-1,-1,-1,-1
572,2,0,0.949009,206,51,1713,436,-1,-1,-1,-1
573,1,1,0.974298,863,143,296,385,-1,-1,-1,-1
573,2,0,0.948554,206,51,1713,436,-1,-1,-1,-1
574,1,1,0.974145,862,144,295,384,-1,-1,-1,-1
574,2,0,0.945579,206,51,1713,436,-1,-1,-1,-1
575,1,1,0.973195,860,144,298,384,-1,-1,-1,-1
575,2,0,0.945776,206,49,1713,438,-1,-1,-1,-1
576,1,1,0.973337,861,145,295,383,-1,-1,-1,-1
576,2,0,0.946284,205,50,1714,438,-1,-1,-1,-1
577,1,1,0.973411,862,145,294,383,-1,-1,-1,-1
577,2,0,0.945344,205,50,1714,437,-1,-1,-1,-1
578,1,1,0.973404,862,145,292,382,-1,-1,-1,-1
578,2,0,0.945997,204,50,1715,437,-1,-1,-1,-1
579,1,1,0.972892,859,146,299,381,-1,-1,-1,-1
579,2,0,0.945196,204,51,1715,437,-1,-1,-1,-1
580,1,1,0.970946,861,146,294,380,-1,-1,-1,-1
580,2,0,0.947397,205,50,1714,438,-1,-1,-1,-1
581,1,1,0.97068,860,146,295,380,-1,-1,-1,-1
581,2,0,0.949285,204,49,1715,440,-1,-1,-1,-1
582,1,1,0.970799,860,146,294,380,-1,-1,-1,-1
582,2,0,0.951528,202,50,1717,440,-1,-1,-1,-1
583,1,1,0.969023,859,146,295,380,-1,-1,-1,-1
583,2,0,0.952097,204,48,1715,441,-1,-1,-1,-1
584,1,1,0.969484,859,146,294,379,-1,-1,-1,-1
584,2,0,0.952267,203,47,1716,442,-1,-1,-1,-1
585,1,1,0.969572,859,146,293,379,-1,-1,-1,-1
585,2,0,0.952811,202,47,1717,442,-1,-1,-1,-1
586,1,1,0.969022,857,146,295,379,-1,-1,-1,-1
586,2,0,0.955933,201,47,1718,444,-1,-1,-1,-1
587,1,1,0.969861,857,146,294,378,-1,-1,-1,-1
587,2,0,0.957144,201,48,1718,443,-1,-1,-1,-1
588,1,1,0.970009,858,146,292,377,-1,-1,-1,-1
588,2,0,0.957276,201,47,1718,444,-1,-1,-1,-1
589,1,1,0.968697,858,146,291,377,-1,-1,-1,-1
589,2,0,0.958594,201,47,1718,444,-1,-1,-1,-1
590,1,1,0.970222,858,146,289,377,-1,-1,-1,-1
590,2,0,0.95872,202,48,1717,442,-1,-1,-1,-1
591,1,1,0.970384,857,146,290,378,-1,-1,-1,-1
591,2,0,0.958883,203,47,1716,443,-1,-1,-1,-1
592,1,1,0.969498,857,146,290,379,-1,-1,-1,-1
592,2,0,0.958192,203,46,1716,444,-1,-1,-1,-1
593,1,1,0.969672,856,145,289,379,-1,-1,-1,-1
593,2,0,0.956967,201,46,1718,445,-1,-1,-1,-1
594,1,1,0.969558,855,144,289,379,-1,-1,-1,-1
594,2,0,0.957119,200,46,1719,445,-1,-1,-1,-1
595,1,1,0.970069,855,144,288,379,-1,-1,-1,-1
595,2,0,0.957499,200,46,1719,445,-1,-1,-1,-1
596,1,1,0.96954,854,145,289,378,-1,-1,-1,-1
596,2,0,0.957694,202,46,1717,445,-1,-1,-1,-1
597,1,1,0.968737,853,145,290,377,-1,-1,-1,-1
597,2,0,0.958641,202,45,1717,446,-1,-1,-1,-1
598,1,1,0.968479,853,144,287,378,-1,-1,-1,-1
598,2,0,0.956822,200,46,1719,445,-1,-1,-1,-1
599,1,1,0.969156,851,145,289,377,-1,-1,-1,-1
599,2,0,0.955729,200,47,1719,444,-1,-1,-1,-1
600,1,1,0.969033,850,146,288,375,-1,-1,-1,-1
600,2,0,0.956118,198,46,1721,445,-1,-1,-1,-1
601,1,1,0.968242,850,147,287,373,-1,-1,-1,-1
601,2,0,0.955251,199,46,1720,445,-1,-1,-1,-1
602,1,1,0.967934,850,147,285,373,-1,-1,-1,-1
602,2,0,0.95414,199,45,1720,446,-1,-1,-1,-1
603,1,1,0.966962,848,147,287,373,-1,-1,-1,-1
603,2,0,0.953373,199,45,1720,447,-1,-1,-1,-1
604,1,1,0.967921,848,147,286,372,-1,-1,-1,-1
604,2,0,0.953734,198,45,1721,446,-1,-1,-1,-1
605,1,1,0.968311,847,147,286,372,-1,-1,-1,-1
605,2,0,0.954674,197,45,1722,446,-1,-1,-1,-1
606,1,1,0.96853,846,147,286,372,-1,-1,-1,-1
606,2,0,0.954743,199,45,1720,447,-1,-1,-1,-1
607,1,1,0.96626,847,146,285,374,-1,-1,-1,-1
607,2,0,0.953948,200,45,1719,449,-1,-1,-1,-1
608,1,1,0.969757,847,147,284,373,-1,-1,-1,-1
608,2,0,0.954018,199,47,1720,446,-1,-1,-1,-1
609,1,1,0.970198,845,146,286,374,-1,-1,-1,-1
609,2,0,0.954749,199,48,1720,444,-1,-1,-1,-1
610,1,1,0.969175,845,145,283,375,-1,-1,-1,-1
610,2,0,0.954403,200,47,1719,445,-1,-1,-1,-1
611,1,1,0.969168,844,145,284,375,-1,-1,-1,-1
611,2,0,0.953818,201,47,1718,446,-1,-1,-1,-1
612,1,1,0.968961,842,146,285,374,-1,-1,-1,-1
612,2,0,0.955326,199,47,1720,446,-1,-1,-1,-1
613,1,1,0.969514,842,145,283,374,-1,-1,-1,-1
613,2,0,0.955229,200,47,1719,446,-1,-1,-1,-1
614,1,1,0.970541,841,145,282,374,-1,-1,-1,-1
614,2,0,0.954666,201,47,1718,445,-1,-1,-1,-1
615,1,1,0.971359,839,146,284,373,-1,-1,-1,-1
615,2,0,0.956035,202,48,1717,444,-1,-1,-1,-1
616,1,1,0.971519,839,146,282,372,-1,-1,-1,-1
616,2,0,0.958198,201,48,1718,443,-1,-1,-1,-1
617,1,1,0.971083,838,145,282,372,-1,-1,-1,-1
617,2,0,0.958707,203,48,1716,442,-1,-1,-1,-1
618,1,1,0.97147,838,145,280,372,-1,-1,-1,-1
618,2,0,0.958804,203,47,1716,444,-1,-1,-1,-1
619,1,1,0.971689,835,146,283,371,-1,-1,-1,-1
619,2,0,0.95978,201,48,1718,443,-1,-1,-1,-1
620,1,1,0.972069,835,146,283,371,-1,-1,-1,-1
620,2,0,0.959643,202,48,1717,442,-1,-1,-1,-1
621,1,1,0.972434,833,146,285,370,-1,-1,-1,-1
621,2,0,0.960383,204,47,1715,442,-1,-1,-1,-1
622,1,1,0.971782,834,147,283,369,-1,-1,-1,-1
622,2,0,0.960359,204,47,1715,443,-1,-1,-1,-1
623,1,1,0.971435,834,147,281,369,-1,-1,-1,-1
623,2,0,0.961946,203,48,1716,442,-1,-1,-1,-1
624,1,1,0.971112,831,147,284,369,-1,-1,-1,-1
624,2,0,0.961714,204,49,1715,442,-1,-1,-1,-1
625,1,1,0.969196,830,148,284,367,-1,-1,-1,-1
625,2,0,0.961818,206,47,1713,444,-1,-1,-1,-1
626,1,1,0.969427,831,149,282,366,-1,-1,-1,-1
626,2,0,0.962664,205,46,1714,446,-1,-1,-1,-1
627,1,1,0.968729,831,150,281,365,-1,-1,-1,-1
627,2,0,0.962736,208,46,1711,446,-1,-1,-1,-1
628,1,1,0.969779,831,151,280,364,-1,-1,-1,-1
628,2,0,0.962288,206,47,1713,444,-1,-1,-1,-1
629,1,1,0.969751,829,152,281,363,-1,-1,-1,-1
629,2,0,0.962455,206,47,1713,443,-1,-1,-1,-1
630,1,1,0.966145,829,152,279,362,-1,-1,-1,-1
630,2,0,0.962435,211,46,1708,444,-1,-1,-1,-1
631,1,1,0.963855,829,152,279,361,-1,-1,-1,-1
631,2,0,0.961477,210,46,1709,447,-1,-1,-1,-1
632,1,1,0.962108,829,152,276,361,-1,-1,-1,-1
632,2,0,0.961203,211,46,1708,448,-1,-1,-1,-1
633,1,1,0.96215,825,153,280,361,-1,-1,-1,-1
633,2,0,0.96122,211,47,1708,447,-1,-1,-1,-1
634,1,1,0.962232,825,154,281,359,-1,-1,-1,-1
634,2,0,0.962087,211,47,1708,447,-1,-1,-1,-1
635,1,1,0.962084,825,153,280,360,-1,-1,-1,-1
635,2,0,0.958862,212,46,1707,449,-1,-1,-1,-1
636,1,1,0.960989,824,153,280,360,-1,-1,-1,-1
636,2,0,0.959145,211,46,1708,450,-1,-1,-1,-1
637,1,1,0.959688,822,154,282,359,-1,-1,-1,-1
637,2,0,0.959617,212,45,1707,451,-1,-1,-1,-1
638,1,1,0.959128,823,154,280,358,-1,-1,-1,-1
638,2,0,0.95838,211,46,1708,450,-1,-1,-1,-1
639,1,1,0.95782,822,154,279,358,-1,-1,-1,-1
639,2,0,0.956881,210,45,1709,451,-1,-1,-1,-1
640,1,1,0.953529,821,154,279,359,-1,-1,-1,-1
640,2,0,0.952362,209,44,1710,454,-1,-1,-1,-1
641,1,1,0.954282,820,154,280,359,-1,-1,-1,-1
641,2,0,0.950893,206,43,1713,456,-1,-1,-1,-1
642,1,1,0.954933,821,154,278,358,-1,-1,-1,-1
642,2,0,0.953109,207,43,1712,456,-1,-1,-1,-1
643,1,1,0.955134,821,154,277,358,-1,-1,-1,-1
643,2,0,0.952353,207,42,1712,457,-1,-1,-1,-1
644,1,1,0.953135,819,154,279,358,-1,-1,-1,-1
644,2,0,0.950345,205,42,1714,458,-1,-1,-1,-1
645,1,1,0.951048,820,154,277,357,-1,-1,-1,-1
645,2,0,0.94984,203,42,1716,460,-1,-1,-1,-1
646,1,1,0.953732,820,148,280,365,-1,-1,-1,-1
646,2,0,0.950207,203,43,1716,457,-1,-1,-1,-1
647,1,1,0.955806,819,147,281,366,-1,-1,-1,-1
647,2,0,0.951102,204,43,1715,456,-1,-1,-1,-1
648,1,1,0.957573,819,147,280,366,-1,-1,-1,-1
648,2,0,0.951191,205,44,1714,455,-1,-1,-1,-1
649,1,1,0.955599,817,147,282,367,-1,-1,-1,-1
649,2,0,0.954266,203,43,1716,457,-1,-1,-1,-1
650,1,1,0.955786,817,147,281,367,-1,-1,-1,-1
650,2,0,0.955351,203,43,1716,457,-1,-1,-1,-1
651,1,1,0.955734,816,147,282,367,-1,-1,-1,-1
651,2,0,0.953961,203,42,1716,459,-1,-1,-1,-1
652,1,1,0.957295,815,147,282,367,-1,-1,-1,-1
652,2,0,0.954529,201,43,1718,458,-1,-1,-1,-1
653,1,1,0.957504,815,148,281,365,-1,-1,-1,-1
653,2,0,0.95372,201,43,1718,458,-1,-1,-1,-1
654,1,1,0.957848,815,148,279,366,-1,-1,-1,-1
654,2,0,0.955606,202,43,1717,457,-1,-1,-1,-1
655,1,1,0.957086,815,148,280,366,-1,-1,-1,-1
655,2,0,0.956987,203,43,1716,457,-1,-1,-1,-1
656,1,1,0.95704,814,149,279,364,-1,-1,-1,-1
656,2,0,0.956517,202,43,1717,456,-1,-1,-1,-1
657,1,1,0.958038,814,150,277,364,-1,-1,-1,-1
657,2,0,0.957014,201,44,1718,454,-1,-1,-1,-1
658,1,1,0.959028,812,150,280,363,-1,-1,-1,-1
658,2,0,0.955963,203,43,1716,455,-1,-1,-1,-1
659,1,1,0.959467,814,149,277,363,-1,-1,-1,-1
659,2,0,0.955112,201,42,1718,456,-1,-1,-1,-1
660,1,1,0.960987,813,148,276,364,-1,-1,-1,-1
660,2,0,0.954958,201,42,1718,457,-1,-1,-1,-1
661,1,1,0.961572,812,149,277,363,-1,-1,-1,-1
661,2,0,0.955209,200,42,1719,457,-1,-1,-1,-1
662,1,1,0.962445,812,149,276,363,-1,-1,-1,-1
662,2,0,0.956227,199,42,1720,456,-1,-1,-1,-1
663,1,1,0.962607,810,149,276,362,-1,-1,-1,-1
663,2,0,0.955138,200,42,1719,457,-1,-1,-1,-1
664,1,1,0.961998,810,149,274,362,-1,-1,-1,-1
664,2,0,0.958187,198,42,1721,456,-1,-1,-1,-1
665,1,1,0.961866,809,148,274,363,-1,-1,-1,-1
665,2,0,0.959346,199,43,1720,453,-1,-1,-1,-1
666,1,1,0.96209,808,148,273,364,-1,-1,-1,-1
666,2,0,0.958844,200,42,1719,454,-1,-1,-1,-1
667,1,1,0.961355,807,149,274,363,-1,-1,-1,-1
667,2,0,0.960474,200,43,1719,453,-1,-1,-1,-1
668,1,1,0.962308,806,148,272,363,-1,-1,-1,-1
668,2,0,0.961436,199,43,1720,452,-1,-1,-1,-1
669,1,1,0.962395,805,148,272,363,-1,-1,-1,-1
669,2,0,0.960738,199,42,1720,452,-1,-1,-1,-1
670,1,1,0.962735,805,148,272,363,-1,-1,-1,-1
670,2,0,0.961416,199,43,1720,451,-1,-1,-1,-1
671,1,1,0.962407,805,149,273,362,-1,-1,-1,-1
671,2,0,0.96185,199,44,1720,450,-1,-1,-1,-1
672,1,1,0.963119,804,148,272,363,-1,-1,-1,-1
672,2,0,0.96135,198,44,1721,449,-1,-1,-1,-1
673,1,1,0.962349,802,148,274,363,-1,-1,-1,-1
673,2,0,0.962344,199,43,1720,450,-1,-1,-1,-1
674,1,1,0.962835,802,148,275,363,-1,-1,-1,-1
674,2,0,0.962553,200,43,1719,450,-1,-1,-1,-1
675,1,1,0.962497,802,149,274,362,-1,-1,-1,-1
675,2,0,0.962343,200,43,1719,450,-1,-1,-1,-1
676,1,1,0.963264,802,150,272,361,-1,-1,-1,-1
676,2,0,0.962873,199,44,1720,448,-1,-1,-1,-1
677,1,1,0.964623,800,150,274,361,-1,-1,-1,-1
677,2,0,0.961396,200,44,1719,447,-1,-1,-1,-1
678,1,1,0.96365,799,150,276,361,-1,-1,-1,-1
678,2,0,0.961958,200,44,1719,447,-1,-1,-1,-1
679,1,1,0.963949,799,150,274,361,-1,-1,-1,-1
679,2,0,0.961552,199,44,1720,447,-1,-1,-1,-1
680,1,1,0.963769,799,150,273,360,-1,-1,-1,-1
680,2,0,0.961628,198,45,1721,446,-1,-1,-1,-1
681,1,1,0.965213,799,151,274,359,-1,-1,-1,-1
681,2,0,0.963252,199,44,1720,447,-1,-1,-1,-1
682,1,1,0.965048,797,152,274,358,-1,-1,-1,-1
682,2,0,0.962328,198,45,1721,446,-1,-1,-1,-1
683,1,1,0.966461,795,158,269,350,-1,-1,-1,-1
683,2,0,0.961107,194,45,1725,445,-1,-1,-1,-1
684,1,1,0.967532,794,159,270,347,-1,-1,-1,-1
684,2,0,0.960212,194,46,1725,443,-1,-1,-1,-1
685,1,1,0.967763,795,159,268,348,-1,-1,-1,-1
685,2,0,0.960232,195,45,1724,444,-1,-1,-1,-1
686,1,1,0.966902,795,159,268,348,-1,-1,-1,-1
686,2,0,0.961705,196,46,1723,443,-1,-1,-1,-1
687,1,1,0.967886,794,159,266,347,-1,-1,-1,-1
687,2,0,0.96335,193,46,1726,443,-1,-1,-1,-1
688,1,1,0.968141,794,159,265,347,-1,-1,-1,-1
688,2,0,0.964073,193,45,1726,443,-1,-1,-1,-1
689,1,1,0.96841,793,159,266,347,-1,-1,-1,-1
689,2,0,0.96247,192,45,1727,443,-1,-1,-1,-1
690,1,1,0.966381,793,159,265,348,-1,-1,-1,-1
690,2,0,0.962064,193,46,1726,442,-1,-1,-1,-1
691,1,1,0.966644,792,159,266,348,-1,-1,-1,-1
691,2,0,0.961853,193,45,1726,442,-1,-1,-1,-1
692,1,1,0.967059,790,159,266,347,-1,-1,-1,-1
692,2,0,0.962004,192,45,1727,442,-1,-1,-1,-1
693,1,1,0.966466,790,159,264,348,-1,-1,-1,-1
693,2,0,0.963677,192,45,1727,442,-1,-1,-1,-1
694,1,1,0.966717,789,159,266,348,-1,-1,-1,-1
694,2,0,0.963252,192,45,1727,442,-1,-1,-1,-1
695,1,1,0.967327,790,159,264,347,-1,-1,-1,-1
695,2,0,0.963466,192,46,1727,441,-1,-1,-1,-1
696,1,1,0.967003,788,159,265,347,-1,-1,-1,-1
696,2,0,0.962937,191,45,1728,441,-1,-1,-1,-1
697,1,1,0.966594,787,158,265,348,-1,-1,-1,-1
697,2,0,0.963088,189,46,1730,440,-1,-1,-1,-1
698,1,1,0.966562,786,158,266,348,-1,-1,-1,-1
698,2,0,0.964103,190,46,1729,439,-1,-1,-1,-1
699,1,1,0.967055,787,159,265,347,-1,-1,-1,-1
699,2,0,0.963919,190,46,1729,439,-1,-1,-1,-1
700,1,1,0.967093,786,158,266,348,-1,-1,-1,-1
700,2,0,0.964472,190,46,1729,439,-1,-1,-1,-1
701,1,1,0.966774,785,158,267,348,-1,-1,-1,-1
701,2,0,0.964426,190,46,1729,440,-1,-1,-1,-1
702,1,1,0.966913,786,157,262,349,-1,-1,-1,-1
702,2,0,0.963875,189,47,1730,439,-1,-1,-1,-1
703,1,1,0.967162,784,158,265,348,-1,-1,-1,-1
703,2,0,0.963185,189,46,1730,439,-1,-1,-1,-1
704,1,1,0.967085,783,158,267,348,-1,-1,-1,-1
704,2,0,0.962373,187,47,1732,438,-1,-1,-1,-1
705,1,1,0.967311,783,158,266,347,-1,-1,-1,-1
705,2,0,0.961855,188,48,1731,437,-1,-1,-1,-1
706,1,1,0.967169,783,158,268,347,-1,-1,-1,-1
706,2,0,0.96218,188,47,1731,439,-1,-1,-1,-1
707,1,1,0.967177,784,159,267,345,-1,-1,-1,-1
707,2,0,0.962428,190,46,1729,440,-1,-1,-1,-1
708,1,1,0.966894,784,159,267,346,-1,-1,-1,-1
708,2,0,0.962651,189,47,1730,440,-1,-1,-1,-1
709,1,1,0.967325,783,159,269,346,-1,-1,-1,-1
709,2,0,0.963107,189,47,1730,440,-1,-1,-1,-1
710,1,1,0.966339,782,159,270,346,-1,-1,-1,-1
710,2,0,0.963183,188,47,1731,439,-1,-1,-1,-1
711,1,1,0.966754,782,159,269,346,-1,-1,-1,-1
711,2,0,0.962829,189,46,1730,439,-1,-1,-1,-1
712,1,1,0.965593,782,159,269,346,-1,-1,-1,-1
712,2,0,0.962048,189,46,1730,439,-1,-1,-1,-1
713,1,1,0.964694,781,159,270,346,-1,-1,-1,-1
713,2,0,0.961797,187,47,1732,438,-1,-1,-1,-1
714,1,1,0.964422,781,159,268,346,-1,-1,-1,-1
714,2,0,0.961827,187,47,1732,437,-1,-1,-1,-1
715,1,1,0.964217,781,159,268,346,-1,-1,-1,-1
715,2,0,0.96188,188,47,1731,438,-1,-1,-1,-1
716,1,1,0.963482,781,159,269,346,-1,-1,-1,-1
716,2,0,0.961042,188,48,1731,438,-1,-1,-1,-1
717,1,1,0.963299,780,159,269,346,-1,-1,-1,-1
717,2,0,0.96135,188,48,1731,438,-1,-1,-1,-1
718,1,1,0.963265,780,159,269,346,-1,-1,-1,-1
718,2,0,0.961092,187,48,1732,438,-1,-1,-1,-1
719,1,1,0.962815,781,158,267,347,-1,-1,-1,-1
719,2,0,0.961636,187,48,1732,438,-1,-1,-1,-1
720,1,1,0.962358,780,159,268,346,-1,-1,-1,-1
720,2,0,0.961497,187,48,1732,438,-1,-1,-1,-1
721,1,1,0.961607,785,152,264,355,-1,-1,-1,-1
721,2,0,0.961331,187,48,1732,438,-1,-1,-1,-1
722,1,1,0.961415,778,158,271,348,-1,-1,-1,-1
722,2,0,0.961064,185,48,1734,437,-1,-1,-1,-1
723,1,1,0.961014,784,152,265,355,-1,-1,-1,-1
723,2,0,0.960642,187,47,1732,437,-1,-1,-1,-1
724,1,1,0.961423,783,151,267,357,-1,-1,-1,-1
724,2,0,0.961157,187,47,1732,437,-1,-1,-1,-1
725,1,1,0.961383,778,158,271,348,-1,-1,-1,-1
725,2,0,0.960932,187,47,1732,438,-1,-1,-1,-1
726,1,1,0.961378,784,152,265,354,-1,-1,-1,-1
726,2,0,0.96104,186,47,1733,437,-1,-1,-1,-1
727,1,1,0.961147,784,151,265,356,-1,-1,-1,-1
727,2,0,0.960452,187,48,1732,436,-1,-1,-1,-1
728,1,1,0.961425,784,150,265,357,-1,-1,-1,-1
728,2,0,0.960376,188,47,1731,438,-1,-1,-1,-1
729,1,1,0.961053,783,150,267,358,-1,-1,-1,-1
729,2,0,0.960971,187,48,1732,438,-1,-1,-1,-1
730,1,1,0.961523,783,150,267,358,-1,-1,-1,-1
730,2,0,0.961146,186,48,1733,437,-1,-1,-1,-1
731,1,1,0.961233,783,151,267,357,-1,-1,-1,-1
731,2,0,0.960799,188,47,1731,437,-1,-1,-1,-1
732,1,1,0.961143,783,151,266,356,-1,-1,-1,-1
732,2,0,0.960581,188,47,1731,437,-1,-1,-1,-1
733,1,1,0.960749,782,151,267,355,-1,-1,-1,-1
733,2,0,0.958818,188,47,1731,438,-1,-1,-1,-1
734,1,1,0.961151,783,151,265,356,-1,-1,-1,-1
734,2,0,0.959485,188,46,1731,439,-1,-1,-1,-1
735,1,1,0.961362,783,150,266,356,-1,-1,-1,-1
735,2,0,0.960762,187,47,1732,438,-1,-1,-1,-1
736,1,1,0.96343,785,151,264,355,-1,-1,-1,-1
736,2,0,0.961715,187,48,1732,438,-1,-1,-1,-1
737,1,1,0.963478,785,151,264,355,-1,-1,-1,-1
737,2,0,0.961453,187,48,1732,438,-1,-1,-1,-1
738,1,1,0.963825,785,151,264,355,-1,-1,-1,-1
738,2,0,0.961387,188,47,1731,439,-1,-1,-1,-1
739,1,1,0.963009,785,151,263,356,-1,-1,-1,-1
739,2,0,0.961426,186,46,1733,440,-1,-1,-1,-1
740,1,1,0.962275,786,152,262,356,-1,-1,-1,-1
740,2,0,0.961455,188,46,1731,440,-1,-1,-1,-1
741,1,1,0.96236,786,153,262,355,-1,-1,-1,-1
741,2,0,0.961201,189,46,1730,440,-1,-1,-1,-1
742,1,1,0.961479,785,153,263,354,-1,-1,-1,-1
742,2,0,0.961285,188,45,1731,440,-1,-1,-1,-1
743,1,1,0.963321,781,159,268,347,-1,-1,-1,-1
743,2,0,0.961741,188,45,1731,440,-1,-1,-1,-1
744,1,1,0.961502,786,153,261,354,-1,-1,-1,-1
744,2,0,0.961032,187,46,1732,439,-1,-1,-1,-1
745,1,1,0.960552,786,152,260,356,-1,-1,-1,-1
745,2,0,0.958682,187,47,1732,438,-1,-1,-1,-1
746,1,1,0.96006,784,151,263,357,-1,-1,-1,-1
746,2,0,0.95668,188,46,1731,438,-1,-1,-1,-1
747,1,1,0.960183,784,151,262,356,-1,-1,-1,-1
747,2,0,0.955553,188,46,1731,438,-1,-1,-1,-1
748,1,1,0.959219,784,151,261,356,-1,-1,-1,-1
748,2,0,0.953151,188,46,1731,438,-1,-1,-1,-1
749,1,1,0.959105,784,151,261,357,-1,-1,-1,-1
749,2,0,0.951857,188,46,1731,438,-1,-1,-1,-1
750,1,1,0.958708,783,151,262,357,-1,-1,-1,-1
750,2,0,0.94907,187,47,1732,437,-1,-1,-1,-1
751,1,1,0.958721,781,151,264,357,-1,-1,-1,-1
751,2,0,0.947498,188,46,1731,438,-1,-1,-1,-1
752,1,1,0.958739,781,151,266,357,-1,-1,-1,-1
752,2,0,0.949249,188,46,1731,438,-1,-1,-1,-1
753,1,1,0.958457,778,151,269,356,-1,-1,-1,-1
753,2,0,0.944747,187,47,1732,437,-1,-1,-1,-1
754,1,1,0.95878,779,151,267,355,-1,-1,-1,-1
754,2,0,0.947324,189,46,1730,438,-1,-1,-1,-1
755,1,1,0.958562,779,151,267,355,-1,-1,-1,-1
755,2,0,0.946577,189,45,1730,438,-1,-1,-1,-1
756,1,1,0.958478,780,151,266,355,-1,-1,-1,-1
756,2,0,0.949028,187,46,1732,437,-1,-1,-1,-1
757,1,1,0.958264,781,151,265,356,-1,-1,-1,-1
757,2,0,0.948777,188,46,1731,438,-1,-1,-1,-1
758,1,1,0.957694,779,152,268,355,-1,-1,-1,-1
758,2,0,0.94953,189,46,1730,439,-1,-1,-1,-1
759,1,1,0.957224,780,151,266,355,-1,-1,-1,-1
759,2,0,0.94483,187,46,1732,438,-1,-1,-1,-1
760,1,1,0.954581,777,151,268,356,-1,-1,-1,-1
760,2,0,0.940345,187,46,1732,437,-1,-1,-1,-1
761,1,1,0.955149,776,150,271,356,-1,-1,-1,-1
761,2,0,0.940828,188,45,1731,437,-1,-1,-1,-1
762,1,1,0.956789,777,151,270,354,-1,-1,-1,-1
762,2,0,0.942779,189,45,1730,437,-1,-1,-1,-1
763,1,1,0.95513,776,151,270,354,-1,-1,-1,-1
763,2,0,0.940583,189,45,1730,438,-1,-1,-1,-1
764,1,1,0.955782,775,151,272,355,-1,-1,-1,-1
764,2,0,0.942796,188,45,1731,437,-1,-1,-1,-1
765,1,1,0.95609,776,151,270,356,-1,-1,-1,-1
765,2,0,0.941417,189,45,1730,437,-1,-1,-1,-1
766,1,1,0.954987,774,150,272,356,-1,-1,-1,-1
766,2,0,0.939756,189,45,1730,437,-1,-1,-1,-1
767,1,1,0.954305,776,150,268,355,-1,-1,-1,-1
767,2,0,0.936679,188,46,1731,436,-1,-1,-1,-1
768,1,1,0.953504,774,149,270,355,-1,-1,-1,-1
768,2,0,0.933023,188,45,1731,436,-1,-1,-1,-1
769,1,1,0.953956,774,150,271,354,-1,-1,-1,-1
769,2,0,0.938642,188,45,1731,437,-1,-1,-1,-1
770,1,1,0.954394,774,151,272,353,-1,-1,-1,-1
770,2,0,0.943484,188,45,1731,437,-1,-1,-1,-1
771,1,1,0.954438,775,152,271,352,-1,-1,-1,-1
771,2,0,0.940837,188,45,1731,437,-1,-1,-1,-1
772,1,1,0.956486,774,152,276,353,-1,-1,-1,-1
772,2,0,0.95051,189,45,1730,438,-1,-1,-1,-1
773,1,1,0.956931,775,153,275,353,-1,-1,-1,-1
773,2,0,0.948825,188,46,1731,437,-1,-1,-1,-1
774,1,1,0.9544,775,152,272,354,-1,-1,-1,-1
774,2,0,0.940332,189,46,1730,437,-1,-1,-1,-1
775,1,1,0.953201,776,152,266,353,-1,-1,-1,-1
775,2,0,0.932356,189,45,1730,437,-1,-1,-1,-1
776,1,1,0.953229,776,152,265,352,-1,-1,-1,-1
776,2,0,0.932897,188,45,1731,436,-1,-1,-1,-1
777,1,1,0.952707,774,152,269,352,-1,-1,-1,-1
777,2,0,0.93201,189,45,1730,436,-1,-1,-1,-1
778,1,1,0.953424,774,153,270,350,-1,-1,-1,-1
778,2,0,0.934859,189,45,1730,436,-1,-1,-1,-1
779,1,1,0.955537,775,153,271,350,-1,-1,-1,-1
779,2,0,0.942228,189,46,1730,436,-1,-1,-1,-1
780,1,1,0.95483,775,153,270,350,-1,-1,-1,-1
780,2,0,0.940936,189,46,1730,437,-1,-1,-1,-1
781,1,1,0.954892,775,153,270,350,-1,-1,-1,-1
781,2,0,0.938747,188,46,1731,436,-1,-1,-1,-1
782,1,1,0.953141,774,152,267,350,-1,-1,-1,-1
782,2,0,0.92964,214,55,1705,419,-1,-1,-1,-1
783,1,1,0.954257,774,152,270,351,-1,-1,-1,-1
783,2,0,0.934388,189,48,1730,432,-1,-1,-1,-1
784,1,1,0.954976,772,153,274,350,-1,-1,-1,-1
784,2,0,0.939943,189,47,1730,434,-1,-1,-1,-1
785,1,1,0.954202,773,152,272,352,-1,-1,-1,-1
785,2,0,0.936431,188,48,1731,434,-1,-1,-1,-1
786,1,1,0.95332,773,153,271,352,-1,-1,-1,-1
786,2,0,0.930358,189,47,1730,435,-1,-1,-1,-1
787,1,1,0.952764,774,152,267,352,-1,-1,-1,-1
787,2,0,0.931,214,55,1705,420,-1,-1,-1,-1
788,1,1,0.953719,774,152,264,351,-1,-1,-1,-1
788,2,0,0.93145,215,56,1704,418,-1,-1,-1,-1
789,1,1,0.954318,775,152,260,350,-1,-1,-1,-1
789,2,0,0.930913,215,56,1704,418,-1,-1,-1,-1
790,1,1,0.953677,773,152,264,350,-1,-1,-1,-1
790,2,0,0.929767,214,56,1705,418,-1,-1,-1,-1
791,1,1,0.953294,775,152,262,351,-1,-1,-1,-1
791,2,0,0.930691,214,56,1705,418,-1,-1,-1,-1
792,1,1,0.952009,774,153,262,351,-1,-1,-1,-1
792,2,0,0.930813,215,55,1704,419,-1,-1,-1,-1
793,1,1,0.952575,774,152,261,351,-1,-1,-1,-1
793,2,0,0.930976,215,54,1704,420,-1,-1,-1,-1
794,1,1,0.952893,772,152,262,350,-1,-1,-1,-1
794,2,0,0.930546,215,55,1704,419,-1,-1,-1,-1
795,1,1,0.953234,770,159,262,341,-1,-1,-1,-1
795,2,0,0.930676,214,55,1705,419,-1,-1,-1,-1
796,1,1,0.955003,771,160,260,339,-1,-1,-1,-1
796,2,0,0.930718,215,56,1704,417,-1,-1,-1,-1
797,1,1,0.954002,771,160,261,339,-1,-1,-1,-1
797,2,0,0.930606,215,55,1704,419,-1,-1,-1,-1
798,1,1,0.95503,770,160,262,339,-1,-1,-1,-1
798,2,0,0.929537,215,55,1704,420,-1,-1,-1,-1
799,1,1,0.95675,770,160,259,339,-1,-1,-1,-1
799,2,0,0.929502,215,55,1704,419,-1,-1,-1,-1
800,1,1,0.956163,770,159,258,340,-1,-1,-1,-1
800,2,0,0.93071,214,55,1705,419,-1,-1,-1,-1
801,1,1,0.954645,770,159,259,340,-1,-1,-1,-1
801,2,0,0.931651,215,55,1704,419,-1,-1,-1,-1
802,1,1,0.954754,769,159,260,340,-1,-1,-1,-1
802,2,0,0.931707,215,56,1704,418,-1,-1,-1,-1
803,1,1,0.95512,769,159,260,340,-1,-1,-1,-1
803,2,0,0.931629,215,56,1704,419,-1,-1,-1,-1
804,1,1,0.955557,768,159,262,340,-1,-1,-1,-1
804,2,0,0.931227,214,55,1705,420,-1,-1,-1,-1
805,1,1,0.955718,768,159,261,340,-1,-1,-1,-1
805,2,0,0.931157,214,55,1705,419,-1,-1,-1,-1
806,1,1,0.955504,768,160,261,339,-1,-1,-1,-1
806,2,0,0.931433,214,55,1705,420,-1,-1,-1,-1
807,1,1,0.956551,767,160,262,339,-1,-1,-1,-1
807,2,0,0.931941,213,55,1706,419,-1,-1,-1,-1
808,1,1,0.957245,768,159,259,339,-1,-1,-1,-1
808,2,0,0.932762,214,56,1705,419,-1,-1,-1,-1
809,1,1,0.955915,767,159,261,339,-1,-1,-1,-1
809,2,0,0.93194,214,56,1705,418,-1,-1,-1,-1
810,1,1,0.955558,768,159,259,338,-1,-1,-1,-1
810,2,0,0.93292,215,56,1704,417,-1,-1,-1,-1
811,1,1,0.954948,768,159,259,338,-1,-1,-1,-1
811,2,0,0.932518,215,56,1704,417,-1,-1,-1,-1
812,1,1,0.955046,767,159,260,338,-1,-1,-1,-1
812,2,0,0.932916,215,56,1704,417,-1,-1,-1,-1
813,1,1,0.955073,767,159,261,339,-1,-1,-1,-1
813,2,0,0.931819,215,56,1704,417,-1,-1,-1,-1
814,1,1,0.95545,765,159,262,339,-1,-1,-1,-1
814,2,0,0.931822,215,56,1704,417,-1,-1,-1,-1
815,1,1,0.955694,765,159,262,338,-1,-1,-1,-1
815,2,0,0.931343,215,56,1704,417,-1,-1,-1,-1
816,1,1,0.955533,765,158,261,340,-1,-1,-1,-1
816,2,0,0.930908,215,56,1704,417,-1,-1,-1,-1
817,1,1,0.955891,764,159,260,339,-1,-1,-1,-1
817,2,0,0.931434,215,55,1704,419,-1,-1,-1,-1
818,1,1,0.954612,764,159,259,338,-1,-1,-1,-1
818,2,0,0.932326,214,55,1705,418,-1,-1,-1,-1
819,1,1,0.954754,765,158,259,339,-1,-1,-1,-1
819,2,0,0.9318,215,56,1704,417,-1,-1,-1,-1
820,1,1,0.955598,765,159,257,338,-1,-1,-1,-1
820,2,0,0.932562,215,55,1704,419,-1,-1,-1,-1
821,1,1,0.954888,765,158,256,340,-1,-1,-1,-1
821,2,0,0.931968,214,54,1705,419,-1,-1,-1,-1
822,1,1,0.955559,769,151,249,349,-1,-1,-1,-1
822,2,0,0.93409,214,55,1705,418,-1,-1,-1,-1
823,1,1,0.956699,764,158,252,340,-1,-1,-1,-1
823,2,0,0.933823,216,56,1703,417,-1,-1,-1,-1
824,1,1,0.956332,763,159,253,338,-1,-1,-1,-1
824,2,0,0.934179,216,55,1703,419,-1,-1,-1,-1
825,1,1,0.955254,768,152,251,346,-1,-1,-1,-1
825,2,0,0.932831,215,54,1704,419,-1,-1,-1,-1
826,1,1,0.955692,767,151,254,348,-1,-1,-1,-1
826,2,0,0.932612,216,54,1703,420,-1,-1,-1,-1
827,1,1,0.955394,767,151,255,348,-1,-1,-1,-1
827,2,0,0.931386,214,55,1705,419,-1,-1,-1,-1
828,1,1,0.955145,766,151,257,348,-1,-1,-1,-1
828,2,0,0.932579,214,56,1705,419,-1,-1,-1,-1
829,1,1,0.955189,762,158,263,339,-1,-1,-1,-1
829,2,0,0.933221,214,56,1705,419,-1,-1,-1,-1
830,1,1,0.954108,762,159,263,337,-1,-1,-1,-1
830,2,0,0.932593,214,56,1705,418,-1,-1,-1,-1
831,1,1,0.955448,766,152,253,345,-1,-1,-1,-1
831,2,0,0.933411,215,56,1704,417,-1,-1,-1,-1
832,1,1,0.956721,761,158,256,338,-1,-1,-1,-1
832,2,0,0.932938,215,56,1704,417,-1,-1,-1,-1
833,1,1,0.956927,763,159,251,336,-1,-1,-1,-1
833,2,0,0.931495,216,55,1703,419,-1,-1,-1,-1
834,1,1,0.956742,764,159,250,336,-1,-1,-1,-1
834,2,0,0.93139,214,54,1705,419,-1,-1,-1,-1
835,1,1,0.957365,764,159,249,336,-1,-1,-1,-1
835,2,0,0.932135,215,54,1704,419,-1,-1,-1,-1
836,1,1,0.956927,764,160,249,335,-1,-1,-1,-1
836,2,0,0.931414,215,54,1704,419,-1,-1,-1,-1
837,1,1,0.957462,762,160,252,335,-1,-1,-1,-1
837,2,0,0.931642,215,54,1704,419,-1,-1,-1,-1
838,1,1,0.956731,761,160,253,334,-1,-1,-1,-1
838,2,0,0.93085,216,54,1703,420,-1,-1,-1,-1
839,1,1,0.958246,761,160,252,335,-1,-1,-1,-1
839,2,0,0.930938,215,53,1704,420,-1,-1,-1,-1
840,1,1,0.960375,761,161,250,334,-1,-1,-1,-1
840,2,0,0.930037,217,53,1702,421,-1,-1,-1,-1
841,1,1,0.960206,760,161,252,335,-1,-1,-1,-1
841,2,0,0.931192,216,53,1703,422,-1,-1,-1,-1
842,1,1,0.961773,760,161,251,336,-1,-1,-1,-1
842,2,0,0.929815,216,53,1703,422,-1,-1,-1,-1
843,1,1,0.961354,759,161,251,335,-1,-1,-1,-1
843,2,0,0.931035,216,54,1703,420,-1,-1,-1,-1
844,1,1,0.960404,760,161,250,335,-1,-1,-1,-1
844,2,0,0.931366,216,55,1703,420,-1,-1,-1,-1
845,1,1,0.9609,759,161,251,335,-1,-1,-1,-1
845,2,0,0.931808,217,54,1702,421,-1,-1,-1,-1
846,1,1,0.961227,759,161,251,334,-1,-1,-1,-1
846,2,0,0.931681,216,54,1703,420,-1,-1,-1,-1
847,1,1,0.962103,760,161,249,333,-1,-1,-1,-1
847,2,0,0.932107,216,55,1703,420,-1,-1,-1,-1
848,1,1,0.961808,761,161,247,333,-1,-1,-1,-1
848,2,0,0.932101,216,55,1703,420,-1,-1,-1,-1
849,1,1,0.962035,760,161,248,333,-1,-1,-1,-1
849,2,0,0.932117,216,55,1703,420,-1,-1,-1,-1
850,1,1,0.96166,760,161,247,333,-1,-1,-1,-1
850,2,0,0.931366,217,54,1702,421,-1,-1,-1,-1
851,1,1,0.962324,761,161,245,334,-1,-1,-1,-1
851,2,0,0.932366,216,54,1703,420,-1,-1,-1,-1
852,1,1,0.961593,760,161,247,335,-1,-1,-1,-1
852,2,0,0.933703,216,55,1703,420,-1,-1,-1,-1
853,1,1,0.962848,759,161,247,335,-1,-1,-1,-1
853,2,0,0.932562,216,54,1703,421,-1,-1,-1,-1
854,1,1,0.963019,758,161,247,335,-1,-1,-1,-1
854,2,0,0.931788,216,53,1703,421,-1,-1,-1,-1
855,1,1,0.963051,758,161,247,335,-1,-1,-1,-1
855,2,0,0.932053,216,54,1703,420,-1,-1,-1,-1
856,1,1,0.963096,757,161,248,334,-1,-1,-1,-1
856,2,0,0.931366,217,54,1702,419,-1,-1,-1,-1
857,1,1,0.963799,758,161,245,333,-1,-1,-1,-1
857,2,0,0.931013,217,54,1702,420,-1,-1,-1,-1
858,1,1,0.963524,756,161,249,333,-1,-1,-1,-1
858,2,0,0.933341,215,54,1704,419,-1,-1,-1,-1
859,1,1,0.962712,756,161,249,332,-1,-1,-1,-1
859,2,0,0.932735,217,55,1702,418,-1,-1,-1,-1
860,1,1,0.962803,756,161,249,332,-1,-1,-1,-1
860,2,0,0.932339,217,55,1702,418,-1,-1,-1,-1
861,1,1,0.962718,756,161,249,332,-1,-1,-1,-1
861,2,0,0.932825,217,55,1702,418,-1,-1,-1,-1
862,1,1,0.962244,756,161,249,332,-1,-1,-1,-1
862,2,0,0.933366,217,55,1702,418,-1,-1,-1,-1
863,1,1,0.963867,757,161,247,332,-1,-1,-1,-1
863,2,0,0.933442,216,55,1703,418,-1,-1,-1,-1
864,1,1,0.963609,755,161,249,332,-1,-1,-1,-1
864,2,0,0.934108,217,55,1702,419,-1,-1,-1,-1
865,1,1,0.963978,756,161,246,332,-1,-1,-1,-1
865,2,0,0.934825,216,55,1703,418,-1,-1,-1,-1
866,1,1,0.96406,757,162,244,331,-1,-1,-1,-1
866,2,0,0.934685,216,55,1703,419,-1,-1,-1,-1
867,1,1,0.964311,757,162,244,331,-1,-1,-1,-1
867,2,0,0.934732,216,54,1703,419,-1,-1,-1,-1
868,1,1,0.964356,757,162,244,331,-1,-1,-1,-1
868,2,0,0.934905,216,54,1703,419,-1,-1,-1,-1
869,1,1,0.964546,757,162,244,331,-1,-1,-1,-1
869,2,0,0.934334,216,54,1703,419,-1,-1,-1,-1
870,1,1,0.963928,756,162,246,331,-1,-1,-1,-1
870,2,0,0.936091,216,54,1703,419,-1,-1,-1,-1
871,1,1,0.964406,757,163,244,330,-1,-1,-1,-1
871,2,0,0.935326,216,54,1703,419,-1,-1,-1,-1
872,1,1,0.964605,757,163,244,330,-1,-1,-1,-1
872,2,0,0.935631,216,54,1703,419,-1,-1,-1,-1
873,1,1,0.964321,757,163,244,331,-1,-1,-1,-1
873,2,0,0.934111,216,54,1703,419,-1,-1,-1,-1
874,1,1,0.963945,757,163,244,332,-1,-1,-1,-1
874,2,0,0.933715,217,54,1702,419,-1,-1,-1,-1
875,1,1,0.963685,757,162,243,333,-1,-1,-1,-1
875,2,0,0.933317,217,54,1702,419,-1,-1,-1,-1
876,1,1,0.963638,756,161,246,333,-1,-1,-1,-1
876,2,0,0.934224,216,55,1703,418,-1,-1,-1,-1
877,1,1,0.96375,757,161,244,332,-1,-1,-1,-1
877,2,0,0.934155,217,54,1702,418,-1,-1,-1,-1
878,1,1,0.963944,757,162,244,332,-1,-1,-1,-1
878,2,0,0.934579,216,54,1703,419,-1,-1,-1,-1
879,1,1,0.963839,757,162,243,333,-1,-1,-1,-1
879,2,0,0.933964,215,55,1704,419,-1,-1,-1,-1
880,1,1,0.963514,756,161,245,334,-1,-1,-1,-1
880,2,0,0.93427,215,55,1704,418,-1,-1,-1,-1
881,1,1,0.963594,756,161,246,334,-1,-1,-1,-1
881,2,0,0.934973,216,54,1703,419,-1,-1,-1,-1
882,1,1,0.963616,756,162,246,333,-1,-1,-1,-1
882,2,0,0.935905,215,55,1704,419,-1,-1,-1,-1
883,1,1,0.963769,757,163,244,332,-1,-1,-1,-1
883,2,0,0.936134,215,55,1704,419,-1,-1,-1,-1
884,1,1,0.963391,757,163,244,332,-1,-1,-1,-1
884,2,0,0.936313,215,55,1704,418,-1,-1,-1,-1
885,1,1,0.963259,757,163,244,332,-1,-1,-1,-1
885,2,0,0.93481,216,54,1703,418,-1,-1,-1,-1
886,1,1,0.963141,756,163,246,331,-1,-1,-1,-1
886,2,0,0.934939,216,54,1703,418,-1,-1,-1,-1
887,1,1,0.96363,757,163,243,331,-1,-1,-1,-1
887,2,0,0.934476,216,54,1703,418,-1,-1,-1,-1
888,1,1,0.96381,756,163,244,332,-1,-1,-1,-1
888,2,0,0.935309,217,54,1702,418,-1,-1,-1,-1
889,1,1,0.963903,756,163,244,332,-1,-1,-1,-1
889,2,0,0.935376,217,54,1702,418,-1,-1,-1,-1
890,1,1,0.963693,755,163,246,331,-1,-1,-1,-1
890,2,0,0.934573,217,54,1702,419,-1,-1,-1,-1
891,1,1,0.963657,756,163,244,330,-1,-1,-1,-1
891,2,0,0.934179,216,53,1703,419,-1,-1,-1,-1
892,1,1,0.963484,756,162,245,331,-1,-1,-1,-1
892,2,0,0.934549,216,53,1703,419,-1,-1,-1,-1
893,1,1,0.963276,755,161,246,332,-1,-1,-1,-1
893,2,0,0.935065,215,54,1704,418,-1,-1,-1,-1
894,1,1,0.962895,755,161,245,332,-1,-1,-1,-1
894,2,0,0.935249,217,54,1702,419,-1,-1,-1,-1
895,1,1,0.963324,754,161,247,332,-1,-1,-1,-1
895,2,0,0.935282,216,53,1703,419,-1,-1,-1,-1
896,1,1,0.963656,755,161,245,331,-1,-1,-1,-1
896,2,0,0.934737,216,53,1703,419,-1,-1,-1,-1
897,1,1,0.963722,754,162,247,330,-1,-1,-1,-1
897,2,0,0.934928,217,53,1702,420,-1,-1,-1,-1
898,1,1,0.963639,755,163,245,330,-1,-1,-1,-1
898,2,0,0.934503,216,54,1703,419,-1,-1,-1,-1
899,1,1,0.963701,755,162,245,332,-1,-1,-1,-1
899,2,0,0.934366,216,55,1703,419,-1,-1,-1,-1
900,1,1,0.963866,754,161,247,333,-1,-1,-1,-1
900,2,0,0.934674,217,54,1702,420,-1,-1,-1,-1
901,1,1,0.963955,755,161,245,333,-1,-1,-1,-1
901,2,0,0.935267,216,54,1703,419,-1,-1,-1,-1
902,1,1,0.964157,754,161,246,333,-1,-1,-1,-1
902,2,0,0.935375,216,55,1703,419,-1,-1,-1,-1
903,1,1,0.963608,754,161,246,333,-1,-1,-1,-1
903,2,0,0.935739,216,55,1703,419,-1,-1,-1,-1
904,1,1,0.963552,754,163,247,331,-1,-1,-1,-1
904,2,0,0.936011,216,55,1703,419,-1,-1,-1,-1
905,1,1,0.963542,755,164,245,331,-1,-1,-1,-1
905,2,0,0.93563,217,55,1702,419,-1,-1,-1,-1
906,1,1,0.96361,755,162,244,332,-1,-1,-1,-1
906,2,0,0.935517,217,55,1702,419,-1,-1,-1,-1
907,1,1,0.963641,753,163,248,331,-1,-1,-1,-1
907,2,0,0.936041,217,55,1702,419,-1,-1,-1,-1
908,1,1,0.96334,755,162,243,332,-1,-1,-1,-1
908,2,0,0.934851,217,55,1702,419,-1,-1,-1,-1
909,1,1,0.963634,754,161,245,332,-1,-1,-1,-1
909,2,0,0.934356,218,54,1701,420,-1,-1,-1,-1
910,1,1,0.963778,754,161,245,332,-1,-1,-1,-1
910,2,0,0.934069,217,54,1702,419,-1,-1,-1,-1
911,1,1,0.964108,754,162,245,331,-1,-1,-1,-1
911,2,0,0.933883,218,55,1701,419,-1,-1,-1,-1
912,1,1,0.964268,755,163,243,330,-1,-1,-1,-1
912,2,0,0.933314,218,55,1701,419,-1,-1,-1,-1
913,1,1,0.964327,755,163,243,330,-1,-1,-1,-1
913,2,0,0.932512,217,55,1702,419,-1,-1,-1,-1
914,1,1,0.964354,755,163,243,330,-1,-1,-1,-1
914,2,0,0.933695,217,55,1702,419,-1,-1,-1,-1
915,1,1,0.964255,755,163,243,330,-1,-1,-1,-1
915,2,0,0.93387,217,55,1702,419,-1,-1,-1,-1
916,1,1,0.96424,755,162,243,331,-1,-1,-1,-1
916,2,0,0.933172,217,55,1702,419,-1,-1,-1,-1
917,1,1,0.963685,754,161,245,332,-1,-1,-1,-1
917,2,0,0.934961,217,55,1702,419,-1,-1,-1,-1
918,1,1,0.963594,754,161,246,332,-1,-1,-1,-1
918,2,0,0.93523,218,55,1701,419,-1,-1,-1,-1
919,1,1,0.96347,755,161,244,332,-1,-1,-1,-1
919,2,0,0.936543,217,54,1702,420,-1,-1,-1,-1
920,1,1,0.963327,754,161,245,332,-1,-1,-1,-1
920,2,0,0.934855,217,55,1702,420,-1,-1,-1,-1
921,1,1,0.963561,754,161,245,332,-1,-1,-1,-1
921,2,0,0.934263,217,55,1702,419,-1,-1,-1,-1
922,1,1,0.963628,754,161,245,332,-1,-1,-1,-1
922,2,0,0.934497,218,55,1701,418,-1,-1,-1,-1
923,1,1,0.963775,754,161,245,332,-1,-1,-1,-1
923,2,0,0.934086,218,54,1701,419,-1,-1,-1,-1
924,1,1,0.963754,754,161,244,332,-1,-1,-1,-1
924,2,0,0.933769,218,54,1701,419,-1,-1,-1,-1
925,1,1,0.96416,754,161,245,332,-1,-1,-1,-1
925,2,0,0.933066,218,54,1701,420,-1,-1,-1,-1
926,1,1,0.963826,754,162,245,331,-1,-1,-1,-1
926,2,0,0.934021,217,54,1702,419,-1,-1,-1,-1
927,1,1,0.963894,754,163,245,330,-1,-1,-1,-1
927,2,0,0.935106,218,55,1701,418,-1,-1,-1,-1
928,1,1,0.963888,755,163,244,330,-1,-1,-1,-1
928,2,0,0.93432,218,55,1701,418,-1,-1,-1,-1
929,1,1,0.963899,755,163,243,330,-1,-1,-1,-1
929,2,0,0.934706,218,55,1701,418,-1,-1,-1,-1
930,1,1,0.963768,755,163,243,330,-1,-1,-1,-1
930,2,0,0.933743,218,55,1701,418,-1,-1,-1,-1
931,1,1,0.964379,754,163,245,330,-1,-1,-1,-1
931,2,0,0.934917,218,55,1701,418,-1,-1,-1,-1
932,1,1,0.964377,755,163,244,330,-1,-1,-1,-1
932,2,0,0.934246,217,55,1702,418,-1,-1,-1,-1
933,1,1,0.964444,754,163,245,330,-1,-1,-1,-1
933,2,0,0.935155,216,55,1703,418,-1,-1,-1,-1
934,1,1,0.964603,755,163,244,330,-1,-1,-1,-1
934,2,0,0.934594,217,55,1702,419,-1,-1,-1,-1
935,1,1,0.964444,755,163,243,330,-1,-1,-1,-1
935,2,0,0.936051,216,55,1703,419,-1,-1,-1,-1
936,1,1,0.96442,755,163,243,330,-1,-1,-1,-1
936,2,0,0.935699,216,54,1703,419,-1,-1,-1,-1
937,1,1,0.964431,755,163,243,330,-1,-1,-1,-1
937,2,0,0.934605,216,55,1703,418,-1,-1,-1,-1
938,1,1,0.964361,755,163,243,330,-1,-1,-1,-1
938,2,0,0.934618,217,55,1702,419,-1,-1,-1,-1
939,1,1,0.964446,755,163,243,330,-1,-1,-1,-1
939,2,0,0.936232,217,54,1702,419,-1,-1,-1,-1
940,1,1,0.964635,756,163,243,331,-1,-1,-1,-1
940,2,0,0.93389,216,54,1703,419,-1,-1,-1,-1
941,1,1,0.964578,755,163,245,332,-1,-1,-1,-1
941,2,0,0.933528,215,54,1704,419,-1,-1,-1,-1
942,1,1,0.964655,755,163,245,332,-1,-1,-1,-1
942,2,0,0.933912,214,54,1705,419,-1,-1,-1,-1
943,1,1,0.964623,755,163,245,332,-1,-1,-1,-1
943,2,0,0.933938,214,54,1705,419,-1,-1,-1,-1
944,1,1,0.964364,754,163,246,332,-1,-1,-1,-1
944,2,0,0.9342,214,54,1705,419,-1,-1,-1,-1
945,1,1,0.964606,754,163,246,332,-1,-1,-1,-1
945,2,0,0.93441,214,54,1705,419,-1,-1,-1,-1
946,1,1,0.964473,754,163,246,332,-1,-1,-1,-1
946,2,0,0.934136,214,54,1705,419,-1,-1,-1,-1
947,1,1,0.964577,754,163,246,332,-1,-1,-1,-1
947,2,0,0.933104,214,54,1705,419,-1,-1,-1,-1
948,1,1,0.964518,754,163,246,332,-1,-1,-1,-1
948,2,0,0.934013,215,54,1704,419,-1,-1,-1,-1
949,1,1,0.964702,754,163,247,332,-1,-1,-1,-1
949,2,0,0.933665,215,54,1704,419,-1,-1,-1,-1
950,1,1,0.964665,755,163,245,332,-1,-1,-1,-1
950,2,0,0.934091,215,55,1704,418,-1,-1,-1,-1
951,1,1,0.964411,754,163,246,332,-1,-1,-1,-1
951,2,0,0.935417,217,54,1702,419,-1,-1,-1,-1
952,1,1,0.964615,754,163,246,332,-1,-1,-1,-1
952,2,0,0.933911,216,54,1703,420,-1,-1,-1,-1
953,1,1,0.96454,754,163,246,332,-1,-1,-1,-1
953,2,0,0.934204,215,55,1704,419,-1,-1,-1,-1
954,1,1,0.964709,754,163,246,332,-1,-1,-1,-1
954,2,0,0.934957,216,55,1703,419,-1,-1,-1,-1
955,1,1,0.96497,754,163,246,332,-1,-1,-1,-1
955,2,0,0.934583,216,55,1703,419,-1,-1,-1,-1
956,1,1,0.964911,754,163,246,332,-1,-1,-1,-1
956,2,0,0.935001,216,55,1703,419,-1,-1,-1,-1
957,1,1,0.964794,754,163,246,332,-1,-1,-1,-1
957,2,0,0.935325,216,55,1703,418,-1,-1,-1,-1
958,1,1,0.964864,754,163,246,332,-1,-1,-1,-1
958,2,0,0.935133,216,55,1703,419,-1,-1,-1,-1
959,1,1,0.964508,753,164,248,331,-1,-1,-1,-1
959,2,0,0.936244,216,54,1703,420,-1,-1,-1,-1
960,1,1,0.964519,754,165,246,331,-1,-1,-1,-1
960,2,0,0.935824,216,54,1703,419,-1,-1,-1,-1
961,1,1,0.964482,754,165,246,331,-1,-1,-1,-1
961,2,0,0.935101,216,54,1703,419,-1,-1,-1,-1
962,1,1,0.964494,755,162,244,333,-1,-1,-1,-1
962,2,0,0.935303,216,55,1703,418,-1,-1,-1,-1
963,1,1,0.96469,754,161,246,333,-1,-1,-1,-1
963,2,0,0.934481,217,54,1702,418,-1,-1,-1,-1
964,1,1,0.964599,754,161,246,333,-1,-1,-1,-1
964,2,0,0.935579,217,54,1702,418,-1,-1,-1,-1
965,1,1,0.964463,754,162,246,332,-1,-1,-1,-1
965,2,0,0.935836,216,55,1703,418,-1,-1,-1,-1
966,1,1,0.96455,755,162,244,332,-1,-1,-1,-1
966,2,0,0.935946,216,55,1703,418,-1,-1,-1,-1
967,1,1,0.964433,754,162,246,332,-1,-1,-1,-1
967,2,0,0.935163,217,54,1702,418,-1,-1,-1,-1
968,1,1,0.964309,755,162,245,332,-1,-1,-1,-1
968,2,0,0.93623,216,54,1703,418,-1,-1,-1,-1
969,1,1,0.964275,754,162,246,332,-1,-1,-1,-1
969,2,0,0.935291,216,54,1703,418,-1,-1,-1,-1
970,1,1,0.964181,755,162,245,332,-1,-1,-1,-1
970,2,0,0.935536,216,54,1703,418,-1,-1,-1,-1
971,1,1,0.963943,754,162,245,332,-1,-1,-1,-1
971,2,0,0.93514,216,54,1703,418,-1,-1,-1,-1
972,1,1,0.963685,755,162,244,333,-1,-1,-1,-1
972,2,0,0.936011,216,54,1703,418,-1,-1,-1,-1
973,1,1,0.963674,754,162,246,332,-1,-1,-1,-1
973,2,0,0.93556,217,54,1702,419,-1,-1,-1,-1
974,1,1,0.963721,754,163,246,331,-1,-1,-1,-1
974,2,0,0.935685,216,54,1703,419,-1,-1,-1,-1
975,1,1,0.963591,755,162,244,332,-1,-1,-1,-1
975,2,0,0.935058,216,55,1703,418,-1,-1,-1,-1
976,1,1,0.964285,754,162,246,332,-1,-1,-1,-1
976,2,0,0.935181,216,54,1703,418,-1,-1,-1,-1
977,1,1,0.964144,755,163,244,332,-1,-1,-1,-1
977,2,0,0.935413,216,54,1703,418,-1,-1,-1,-1
978,1,1,0.96417,755,163,244,332,-1,-1,-1,-1
978,2,0,0.93504,216,54,1703,418,-1,-1,-1,-1
979,1,1,0.964129,755,163,244,332,-1,-1,-1,-1
979,2,0,0.934393,216,54,1703,418,-1,-1,-1,-1
980,1,1,0.964082,755,163,244,332,-1,-1,-1,-1
980,2,0,0.936069,217,54,1702,418,-1,-1,-1,-1
981,1,1,0.963813,754,163,246,331,-1,-1,-1,-1
981,2,0,0.935158,216,54,1703,418,-1,-1,-1,-1
982,1,1,0.963883,755,163,245,331,-1,-1,-1,-1
982,2,0,0.935321,216,54,1703,418,-1,-1,-1,-1
983,1,1,0.963964,755,163,246,332,-1,-1,-1,-1
983,2,0,0.935014,217,54,1702,418,-1,-1,-1,-1
984,1,1,0.963902,755,163,246,332,-1,-1,-1,-1
984,2,0,0.934465,217,54,1702,418,-1,-1,-1,-1
985,1,1,0.963799,755,163,245,332,-1,-1,-1,-1
985,2,0,0.934736,216,54,1703,418,-1,-1,-1,-1
986,1,1,0.963845,754,163,246,332,-1,-1,-1,-1
986,2,0,0.93475,216,54,1703,418,-1,-1,-1,-1
987,1,1,0.963793,754,163,246,331,-1,-1,-1,-1
987,2,0,0.934567,216,54,1703,418,-1,-1,-1,-1
988,1,1,0.96378,755,162,245,331,-1,-1,-1,-1
988,2,0,0.934162,216,54,1703,418,-1,-1,-1,-1
989,1,1,0.964093,755,161,245,332,-1,-1,-1,-1
989,2,0,0.934492,216,54,1703,418,-1,-1,-1,-1
990,1,1,0.963734,754,162,246,331,-1,-1,-1,-1
990,2,0,0.935549,216,54,1703,419,-1,-1,-1,-1
991,1,1,0.963769,755,163,244,330,-1,-1,-1,-1
991,2,0,0.934585,215,55,1704,419,-1,-1,-1,-1
992,1,1,0.96384,755,163,244,330,-1,-1,-1,-1
992,2,0,0.934598,216,55,1703,419,-1,-1,-1,-1
993,1,1,0.963816,755,163,244,330,-1,-1,-1,-1
993,2,0,0.934677,216,55,1703,419,-1,-1,-1,-1
994,1,1,0.963936,755,163,244,330,-1,-1,-1,-1
994,2,0,0.935026,215,55,1704,419,-1,-1,-1,-1
995,1,1,0.963731,755,162,244,331,-1,-1,-1,-1
995,2,0,0.93489,216,55,1703,419,-1,-1,-1,-1
996,1,1,0.963939,754,161,246,332,-1,-1,-1,-1
996,2,0,0.934916,217,54,1702,420,-1,-1,-1,-1
997,1,1,0.963939,755,161,244,332,-1,-1,-1,-1
997,2,0,0.935137,216,54,1703,419,-1,-1,-1,-1
998,1,1,0.963756,754,161,246,332,-1,-1,-1,-1
998,2,0,0.935586,216,55,1703,419,-1,-1,-1,-1
999,1,1,0.963803,755,161,244,331,-1,-1,-1,-1
999,2,0,0.935135,216,54,1703,420,-1,-1,-1,-1
1000,1,1,0.963878,755,161,244,332,-1,-1,-1,-1
1000,2,0,0.934885,216,55,1703,420,-1,-1,-1,-1
1001,1,1,0.964266,754,162,246,332,-1,-1,-1,-1
1001,2,0,0.935965,215,55,1704,420,-1,-1,-1,-1
1002,1,1,0.964115,755,162,244,332,-1,-1,-1,-1
1002,2,0,0.935635,216,54,1703,421,-1,-1,-1,-1
1003,1,1,0.963948,754,161,246,333,-1,-1,-1,-1
1003,2,0,0.935671,215,54,1704,420,-1,-1,-1,-1
1004,1,1,0.963913,754,161,246,333,-1,-1,-1,-1
1004,2,0,0.935045,214,55,1705,420,-1,-1,-1,-1
1005,1,1,0.963876,754,161,246,333,-1,-1,-1,-1
1005,2,0,0.934503,215,55,1704,420,-1,-1,-1,-1
1006,1,1,0.964016,754,161,246,333,-1,-1,-1,-1
1006,2,0,0.935224,215,55,1704,420,-1,-1,-1,-1
1007,1,1,0.963946,754,161,246,333,-1,-1,-1,-1
1007,2,0,0.935742,215,55,1704,420,-1,-1,-1,-1
1008,1,1,0.964002,754,161,246,333,-1,-1,-1,-1
1008,2,0,0.934997,215,55,1704,420,-1,-1,-1,-1
1009,1,1,0.964012,754,161,246,333,-1,-1,-1,-1
1009,2,0,0.935799,215,55,1704,420,-1,-1,-1,-1
1010,1,1,0.963512,754,161,246,333,-1,-1,-1,-1
1010,2,0,0.935538,216,54,1703,421,-1,-1,-1,-1
1011,1,1,0.963911,754,161,246,333,-1,-1,-1,-1
1011,2,0,0.936323,214,54,1705,420,-1,-1,-1,-1
1012,1,1,0.964145,754,161,246,333,-1,-1,-1,-1
1012,2,0,0.936056,214,55,1705,420,-1,-1,-1,-1
1013,1,1,0.964117,754,161,246,333,-1,-1,-1,-1
1013,2,0,0.936021,215,55,1704,420,-1,-1,-1,-1
1014,1,1,0.964436,755,161,244,333,-1,-1,-1,-1
1014,2,0,0.936199,215,55,1704,420,-1,-1,-1,-1
1015,1,1,0.96429,755,161,245,333,-1,-1,-1,-1
1015,2,0,0.936379,215,55,1704,420,-1,-1,-1,-1
1016,1,1,0.964189,756,161,244,333,-1,-1,-1,-1
1016,2,0,0.935265,215,55,1704,420,-1,-1,-1,-1
1017,1,1,0.963973,755,162,246,332,-1,-1,-1,-1
1017,2,0,0.93579,216,54,1703,421,-1,-1,-1,-1
1018,1,1,0.964329,756,161,243,333,-1,-1,-1,-1
1018,2,0,0.937102,215,54,1704,420,-1,-1,-1,-1
1019,1,1,0.964278,755,162,245,332,-1,-1,-1,-1
1019,2,0,0.936441,216,55,1703,420,-1,-1,-1,-1
1020,1,1,0.964313,756,161,244,333,-1,-1,-1,-1
1020,2,0,0.937516,216,54,1703,421,-1,-1,-1,-1
1021,1,1,0.963945,755,161,246,334,-1,-1,-1,-1
1021,2,0,0.937047,215,54,1704,420,-1,-1,-1,-1
1022,1,1,0.964236,755,161,246,334,-1,-1,-1,-1
1022,2,0,0.936614,215,54,1704,421,-1,-1,-1,-1
1023,1,1,0.964292,754,161,247,334,-1,-1,-1,-1
1023,2,0,0.936083,215,53,1704,421,-1,-1,-1,-1
1024,1,1,0.964459,754,161,247,334,-1,-1,-1,-1
1024,2,0,0.935464,214,53,1705,421,-1,-1,-1,-1
1025,1,1,0.964566,754,161,247,334,-1,-1,-1,-1
1025,2,0,0.935373,214,54,1705,420,-1,-1,-1,-1
1026,1,1,0.964532,755,162,246,333,-1,-1,-1,-1
1026,2,0,0.934978,215,54,1704,421,-1,-1,-1,-1
1027,1,1,0.96446,755,163,246,332,-1,-1,-1,-1
1027,2,0,0.935204,214,54,1705,420,-1,-1,-1,-1
1028,1,1,0.964076,755,162,245,333,-1,-1,-1,-1
1028,2,0,0.936008,215,54,1704,420,-1,-1,-1,-1
1029,1,1,0.964166,754,161,247,334,-1,-1,-1,-1
1029,2,0,0.936288,215,55,1704,420,-1,-1,-1,-1
1030,1,1,0.964258,755,162,246,333,-1,-1,-1,-1
1030,2,0,0.934706,216,54,1703,421,-1,-1,-1,-1
1031,1,1,0.964222,756,163,244,332,-1,-1,-1,-1
1031,2,0,0.93614,215,54,1704,420,-1,-1,-1,-1
1032,1,1,0.964332,756,162,244,333,-1,-1,-1,-1
1032,2,0,0.936087,215,55,1704,420,-1,-1,-1,-1
1033,1,1,0.963996,755,161,247,334,-1,-1,-1,-1
1033,2,0,0.93574,215,55,1704,420,-1,-1,-1,-1
1034,1,1,0.963612,755,162,247,333,-1,-1,-1,-1
1034,2,0,0.936274,215,55,1704,420,-1,-1,-1,-1
1035,1,1,0.963789,754,163,248,331,-1,-1,-1,-1
1035,2,0,0.936338,215,55,1704,420,-1,-1,-1,-1
1036,1,1,0.963605,755,163,246,330,-1,-1,-1,-1
1036,2,0,0.935846,215,55,1704,420,-1,-1,-1,-1
1037,1,1,0.963791,754,163,248,330,-1,-1,-1,-1
1037,2,0,0.935956,214,55,1705,419,-1,-1,-1,-1
1038,1,1,0.963585,756,163,245,330,-1,-1,-1,-1
1038,2,0,0.936014,216,54,1703,419,-1,-1,-1,-1
1039,1,1,0.963569,755,162,247,331,-1,-1,-1,-1
1039,2,0,0.935642,215,54,1704,420,-1,-1,-1,-1
1040,1,1,0.964805,756,161,245,332,-1,-1,-1,-1
1040,2,0,0.933447,215,55,1704,419,-1,-1,-1,-1
1041,1,1,0.965029,755,162,247,331,-1,-1,-1,-1
1041,2,0,0.933781,216,55,1703,419,-1,-1,-1,-1
1042,1,1,0.96474,756,162,246,331,-1,-1,-1,-1
1042,2,0,0.934468,216,54,1703,419,-1,-1,-1,-1
1043,1,1,0.964771,756,162,246,332,-1,-1,-1,-1
1043,2,0,0.934756,215,54,1704,419,-1,-1,-1,-1
1044,1,1,0.964681,757,162,244,333,-1,-1,-1,-1
1044,2,0,0.934887,214,55,1705,418,-1,-1,-1,-1
1045,1,1,0.964482,756,161,246,334,-1,-1,-1,-1
1045,2,0,0.935159,215,55,1704,419,-1,-1,-1,-1
1046,1,1,0.964347,756,161,246,334,-1,-1,-1,-1
1046,2,0,0.934961,215,54,1704,419,-1,-1,-1,-1
1047,1,1,0.964587,756,161,246,334,-1,-1,-1,-1
1047,2,0,0.934668,216,54,1703,419,-1,-1,-1,-1
1048,1,1,0.964614,756,161,246,334,-1,-1,-1,-1
1048,2,0,0.934754,216,54,1703,419,-1,-1,-1,-1
1049,1,1,0.964369,756,161,246,333,-1,-1,-1,-1
1049,2,0,0.935132,216,54,1703,419,-1,-1,-1,-1
1050,1,1,0.96456,756,162,246,331,-1,-1,-1,-1
1050,2,0,0.935141,216,54,1703,419,-1,-1,-1,-1
1051,1,1,0.964806,757,163,244,330,-1,-1,-1,-1
1051,2,0,0.935041,216,54,1703,420,-1,-1,-1,-1
1052,1,1,0.96499,757,163,244,330,-1,-1,-1,-1
1052,2,0,0.93512,215,55,1704,420,-1,-1,-1,-1
1053,1,1,0.964893,757,162,244,332,-1,-1,-1,-1
1053,2,0,0.935799,215,55,1704,420,-1,-1,-1,-1
1054,1,1,0.965161,757,161,244,334,-1,-1,-1,-1
1054,2,0,0.935457,215,55,1704,419,-1,-1,-1,-1
1055,1,1,0.96528,756,162,245,332,-1,-1,-1,-1
1055,2,0,0.934906,216,55,1703,420,-1,-1,-1,-1
1056,1,1,0.965021,758,163,242,331,-1,-1,-1,-1
1056,2,0,0.93554,215,55,1704,419,-1,-1,-1,-1
1057,1,1,0.965252,758,163,242,332,-1,-1,-1,-1
1057,2,0,0.935091,216,56,1703,419,-1,-1,-1,-1
1058,1,1,0.965636,758,163,242,332,-1,-1,-1,-1
1058,2,0,0.935444,216,56,1703,419,-1,-1,-1,-1
1059,1,1,0.965342,758,163,242,332,-1,-1,-1,-1
1059,2,0,0.93519,216,56,1703,419,-1,-1,-1,-1
1060,1,1,0.965264,758,163,242,332,-1,-1,-1,-1
1060,2,0,0.935237,216,55,1703,420,-1,-1,-1,-1
1061,1,1,0.96486,757,163,244,331,-1,-1,-1,-1
1061,2,0,0.935727,215,55,1704,419,-1,-1,-1,-1
1062,1,1,0.964766,758,163,242,330,-1,-1,-1,-1
1062,2,0,0.935463,216,55,1703,420,-1,-1,-1,-1
1063,1,1,0.964887,758,163,242,331,-1,-1,-1,-1
1063,2,0,0.934587,215,55,1704,419,-1,-1,-1,-1
1064,1,1,0.964671,758,163,242,332,-1,-1,-1,-1
1064,2,0,0.935768,216,54,1703,419,-1,-1,-1,-1
1065,1,1,0.964696,758,162,242,333,-1,-1,-1,-1
1065,2,0,0.935971,216,54,1703,419,-1,-1,-1,-1
1066,1,1,0.964468,757,161,244,334,-1,-1,-1,-1
1066,2,0,0.935901,215,55,1704,418,-1,-1,-1,-1
1067,1,1,0.963677,757,161,244,334,-1,-1,-1,-1
1067,2,0,0.936076,216,56,1703,417,-1,-1,-1,-1
1068,1,1,0.963335,756,161,246,333,-1,-1,-1,-1
1068,2,0,0.935915,216,56,1703,417,-1,-1,-1,-1
1069,1,1,0.963232,757,161,244,332,-1,-1,-1,-1
1069,2,0,0.936073,216,56,1703,417,-1,-1,-1,-1
1070,1,1,0.963538,757,161,244,332,-1,-1,-1,-1
1070,2,0,0.93429,216,55,1703,419,-1,-1,-1,-1
1071,1,1,0.963352,757,161,244,332,-1,-1,-1,-1
1071,2,0,0.934834,216,54,1703,419,-1,-1,-1,-1
1072,1,1,0.963809,757,161,244,332,-1,-1,-1,-1
1072,2,0,0.935222,216,54,1703,419,-1,-1,-1,-1
1073,1,1,0.964442,757,161,244,332,-1,-1,-1,-1
1073,2,0,0.935004,216,54,1703,419,-1,-1,-1,-1
1074,1,1,0.964458,757,162,245,331,-1,-1,-1,-1
1074,2,0,0.935856,216,54,1703,419,-1,-1,-1,-1
1075,1,1,0.964438,758,163,243,330,-1,-1,-1,-1
1075,2,0,0.93576,215,54,1704,419,-1,-1,-1,-1
1076,1,1,0.96472,758,163,243,330,-1,-1,-1,-1
1076,2,0,0.935787,217,54,1702,420,-1,-1,-1,-1
1077,1,1,0.964919,758,163,243,330,-1,-1,-1,-1
1077,2,0,0.934361,215,55,1704,420,-1,-1,-1,-1
1078,1,1,0.964735,758,163,243,331,-1,-1,-1,-1
1078,2,0,0.934924,215,55,1704,419,-1,-1,-1,-1
1079,1,1,0.964564,757,163,245,332,-1,-1,-1,-1
1079,2,0,0.934985,216,54,1703,420,-1,-1,-1,-1
1080,1,1,0.964518,757,163,245,332,-1,-1,-1,-1
1080,2,0,0.934902,215,55,1704,419,-1,-1,-1,-1
1081,1,1,0.964275,757,163,245,332,-1,-1,-1,-1
1081,2,0,0.935724,216,55,1703,419,-1,-1,-1,-1
1082,1,1,0.964284,757,163,245,332,-1,-1,-1,-1
1082,2,0,0.935831,216,55,1703,419,-1,-1,-1,-1
1083,1,1,0.96443,757,163,245,332,-1,-1,-1,-1
1083,2,0,0.934735,216,54,1703,419,-1,-1,-1,-1
1084,1,1,0.964733,757,163,244,332,-1,-1,-1,-1
1084,2,0,0.934125,216,54,1703,419,-1,-1,-1,-1
