1,1,778,69,830,449,-1,0,0,-1
1,2,478,359,153,133,-1,0,0,-1
1,3,802,327,173,144,-1,0,0,-1
2,1,778,69,830,449,-1,0,0,-1
2,2,478,359,153,133,-1,0,0,-1
2,3,802,327,173,144,-1,0,0,-1
3,1,778,69,830,449,-1,0,0,-1
3,2,478,359,153,133,-1,0,0,-1
3,3,802,327,173,144,-1,0,0,-1
4,1,778,69,830,449,-1,0,0,-1
4,2,478,359,153,133,-1,0,0,-1
4,3,802,327,173,144,-1,0,0,-1
5,1,778,69,830,449,-1,0,0,-1
5,2,478,359,153,133,-1,0,0,-1
5,3,802,327,173,144,-1,0,0,-1
6,1,778,69,830,449,-1,0,0,-1
6,2,478,359,153,133,-1,0,0,-1
6,3,802,327,173,144,-1,0,0,-1
7,1,778,69,830,449,-1,0,0,-1
7,2,478,359,153,133,-1,0,0,-1
7,3,802,327,173,144,-1,0,0,-1
8,1,778,69,830,449,-1,0,0,-1
8,2,478,359,153,133,-1,0,0,-1
8,3,802,327,173,144,-1,0,0,-1
9,1,778,69,830,449,-1,0,0,-1
9,2,478,359,153,133,-1,0,0,-1
9,3,802,327,173,144,-1,0,0,-1
10,1,778,69,830,449,-1,0,0,-1
10,2,478,359,153,133,-1,0,0,-1
10,3,802,327,173,144,-1,0,0,-1
11,1,778,69,830,449,-1,0,0,-1
11,2,478,359,153,133,-1,0,0,-1
11,3,802,327,173,144,-1,0,0,-1
12,1,778,69,830,449,-1,0,0,-1
12,2,478,359,153,133,-1,0,0,-1
12,3,802,327,173,144,-1,0,0,-1
13,1,778,69,830,449,-1,0,0,-1
13,2,478,359,153,133,-1,0,0,-1
13,3,802,327,173,144,-1,0,0,-1
14,1,778,69,830,449,-1,0,0,-1
14,2,478,359,153,133,-1,0,0,-1
14,3,802,327,173,144,-1,0,0,-1
15,1,778,69,830,449,-1,0,0,-1
15,2,478,359,153,133,-1,0,0,-1
15,3,802,327,173,144,-1,0,0,-1
16,1,778,69,830,449,-1,0,0,-1
16,2,478,359,153,133,-1,0,0,-1
16,3,802,327,173,144,-1,0,0,-1
17,1,778,69,830,449,-1,0,0,-1
17,2,478,359,153,133,-1,0,0,-1
17,3,802,327,173,144,-1,0,0,-1
18,1,778,69,830,449,-1,0,0,-1
18,2,478,359,153,133,-1,0,0,-1
18,3,802,327,173,144,-1,0,0,-1
19,1,778,69,830,449,-1,0,0,-1
19,2,478,359,153,133,-1,0,0,-1
19,3,802,327,173,144,-1,0,0,-1
20,1,778,69,830,449,-1,0,0,-1
20,2,478,359,153,133,-1,0,0,-1
20,3,802,327,173,144,-1,0,0,-1
21,1,778,69,830,449,-1,0,0,-1
21,2,478,359,153,133,-1,0,0,-1
21,3,802,327,173,144,-1,0,0,-1
22,1,778,69,830,449,-1,0,0,-1
22,2,478,359,153,133,-1,0,0,-1
22,3,802,327,173,144,-1,0,0,-1
23,1,778,69,830,449,-1,0,0,-1
23,2,478,359,153,133,-1,0,0,-1
23,3,802,327,173,144,-1,0,0,-1
24,1,778,69,830,449,-1,0,0,-1
24,2,478,359,153,133,-1,0,0,-1
24,3,802,327,173,144,-1,0,0,-1
25,1,778,69,830,449,-1,0,0,-1
25,2,478,359,153,133,-1,0,0,-1
25,3,802,327,173,144,-1,0,0,-1
26,1,778,69,830,449,-1,0,0,-1
26,2,478,359,153,133,-1,0,0,-1
26,3,802,327,174,144,-1,0,0,-1
27,1,778,69,830,449,-1,0,0,-1
27,2,478,359,153,133,-1,0,0,-1
27,3,802,327,173,144,-1,0,0,-1
28,1,778,69,830,449,-1,0,0,-1
28,2,478,359,153,133,-1,0,0,-1
28,3,802,327,173,144,-1,0,0,-1
29,1,778,69,830,449,-1,0,0,-1
29,2,478,359,153,133,-1,0,0,-1
29,3,802,327,173,144,-1,0,0,-1
30,1,778,69,830,449,-1,0,0,-1
30,2,478,359,153,133,-1,0,0,-1
30,3,802,327,173,144,-1,0,0,-1
31,1,778,69,830,449,-1,0,0,-1
31,2,478,359,153,133,-1,0,0,-1
31,3,802,327,173,144,-1,0,0,-1
32,1,777,69,831,449,-1,0,0,-1
32,2,478,359,153,133,-1,0,0,-1
32,3,802,327,173,144,-1,0,0,-1
33,1,778,69,830,449,-1,0,0,-1
33,2,478,359,153,133,-1,0,0,-1
33,3,802,327,173,144,-1,0,0,-1
34,1,778,69,830,449,-1,0,0,-1
34,2,478,359,153,133,-1,0,0,-1
34,3,802,327,173,144,-1,0,0,-1
35,1,778,69,830,449,-1,0,0,-1
35,2,478,359,153,133,-1,0,0,-1
35,3,802,327,173,144,-1,0,0,-1
36,1,778,69,830,449,-1,0,0,-1
36,2,478,359,153,133,-1,0,0,-1
36,3,802,327,173,144,-1,0,0,-1
37,1,778,69,830,449,-1,0,0,-1
37,2,478,359,153,133,-1,0,0,-1
37,3,802,327,173,144,-1,0,0,-1
38,1,778,69,830,449,-1,0,0,-1
38,2,478,359,153,133,-1,0,0,-1
38,3,802,327,173,144,-1,0,0,-1
39,1,778,69,831,449,-1,0,0,-1
39,2,478,359,153,133,-1,0,0,-1
39,3,801,327,174,145,-1,0,0,-1
40,1,778,69,830,449,-1,0,0,-1
40,2,478,359,153,133,-1,0,0,-1
40,3,802,327,173,144,-1,0,0,-1
41,1,778,69,830,449,-1,0,0,-1
41,2,478,359,153,133,-1,0,0,-1
41,3,802,327,173,144,-1,0,0,-1
42,1,778,69,830,449,-1,0,0,-1
42,2,478,359,153,133,-1,0,0,-1
42,3,802,327,173,144,-1,0,0,-1
43,1,778,69,830,449,-1,0,0,-1
43,2,478,359,153,133,-1,0,0,-1
43,3,802,327,173,144,-1,0,0,-1
44,1,778,69,830,449,-1,0,0,-1
44,2,478,359,153,133,-1,0,0,-1
44,3,802,327,173,144,-1,0,0,-1
45,1,778,69,830,449,-1,0,0,-1
45,2,478,359,153,133,-1,0,0,-1
45,3,802,327,173,144,-1,0,0,-1
46,1,778,69,830,449,-1,0,0,-1
46,2,478,359,153,133,-1,0,0,-1
46,3,802,327,173,144,-1,0,0,-1
47,1,778,69,830,449,-1,0,0,-1
47,2,478,359,153,133,-1,0,0,-1
47,3,802,327,173,144,-1,0,0,-1
48,1,778,69,830,449,-1,0,0,-1
48,2,478,359,153,133,-1,0,0,-1
48,3,802,327,173,144,-1,0,0,-1
49,1,778,69,830,449,-1,0,0,-1
49,2,478,359,153,133,-1,0,0,-1
49,3,802,327,173,144,-1,0,0,-1
50,1,778,69,830,449,-1,0,0,-1
50,2,478,359,153,133,-1,0,0,-1
50,3,802,327,173,144,-1,0,0,-1
51,1,778,69,830,449,-1,0,0,-1
51,2,478,359,153,133,-1,0,0,-1
51,3,802,327,173,144,-1,0,0,-1
52,1,778,69,830,449,-1,0,0,-1
52,2,478,359,153,133,-1,0,0,-1
52,3,802,327,173,144,-1,0,0,-1
53,1,778,69,830,449,-1,0,0,-1
53,2,478,359,153,133,-1,0,0,-1
53,3,802,327,173,144,-1,0,0,-1
54,1,778,69,830,449,-1,0,0,-1
54,2,478,359,153,133,-1,0,0,-1
54,3,802,327,173,144,-1,0,0,-1
55,1,778,69,830,449,-1,0,0,-1
55,2,478,359,153,133,-1,0,0,-1
55,3,802,327,173,144,-1,0,0,-1
56,1,778,69,830,449,-1,0,0,-1
56,2,478,359,153,133,-1,0,0,-1
56,3,802,327,173,144,-1,0,0,-1
57,1,778,69,830,449,-1,0,0,-1
57,2,478,359,153,133,-1,0,0,-1
57,3,802,327,173,144,-1,0,0,-1
58,1,778,69,830,449,-1,0,0,-1
58,2,478,359,153,133,-1,0,0,-1
58,3,802,327,173,144,-1,0,0,-1
59,1,778,69,830,449,-1,0,0,-1
59,2,478,359,153,133,-1,0,0,-1
59,3,802,327,173,144,-1,0,0,-1
60,1,778,69,830,449,-1,0,0,-1
60,2,478,359,153,133,-1,0,0,-1
60,3,802,327,173,144,-1,0,0,-1
61,1,778,69,830,449,-1,0,0,-1
61,2,478,359,153,133,-1,0,0,-1
61,3,802,327,173,144,-1,0,0,-1
62,1,778,69,830,449,-1,0,0,-1
62,2,478,359,153,133,-1,0,0,-1
62,3,802,327,173,144,-1,0,0,-1
63,1,778,69,830,449,-1,0,0,-1
63,2,478,359,153,133,-1,0,0,-1
63,3,802,327,173,144,-1,0,0,-1
64,1,778,69,830,449,-1,0,0,-1
64,2,478,359,153,133,-1,0,0,-1
64,3,802,327,173,144,-1,0,0,-1
65,1,778,69,830,449,-1,0,0,-1
65,2,478,359,153,133,-1,0,0,-1
65,3,802,327,173,144,-1,0,0,-1
66,1,778,69,830,449,-1,0,0,-1
66,2,478,359,153,133,-1,0,0,-1
66,3,802,327,173,144,-1,0,0,-1
67,1,778,69,830,449,-1,0,0,-1
67,2,478,359,153,133,-1,0,0,-1
67,3,802,327,173,144,-1,0,0,-1
68,1,778,69,830,449,-1,0,0,-1
68,2,478,359,153,133,-1,0,0,-1
68,3,802,327,173,144,-1,0,0,-1
69,1,778,69,830,449,-1,0,0,-1
69,2,478,359,153,133,-1,0,0,-1
69,3,802,327,173,144,-1,0,0,-1
70,1,778,69,830,449,-1,0,0,-1
70,2,478,359,153,133,-1,0,0,-1
70,3,802,327,173,144,-1,0,0,-1
71,1,778,69,830,449,-1,0,0,-1
71,2,478,359,153,133,-1,0,0,-1
71,3,802,327,173,144,-1,0,0,-1
72,1,778,69,830,449,-1,0,0,-1
72,2,478,359,153,133,-1,0,0,-1
72,3,802,327,173,144,-1,0,0,-1
73,1,778,69,830,449,-1,0,0,-1
73,2,478,359,153,133,-1,0,0,-1
73,3,802,327,173,144,-1,0,0,-1
74,1,778,69,830,449,-1,0,0,-1
74,2,478,359,153,133,-1,0,0,-1
74,3,802,327,173,144,-1,0,0,-1
75,1,778,69,830,449,-1,0,0,-1
75,2,478,359,153,133,-1,0,0,-1
75,3,802,327,173,144,-1,0,0,-1
76,1,778,69,830,449,-1,0,0,-1
76,2,478,359,153,133,-1,0,0,-1
76,3,802,327,173,144,-1,0,0,-1
77,1,778,69,830,449,-1,0,0,-1
77,2,478,359,153,133,-1,0,0,-1
77,3,802,327,173,144,-1,0,0,-1
78,1,778,69,830,449,-1,0,0,-1
78,2,478,359,153,133,-1,0,0,-1
78,3,802,327,173,144,-1,0,0,-1
79,1,778,69,830,449,-1,0,0,-1
79,2,478,359,153,133,-1,0,0,-1
79,3,802,327,173,144,-1,0,0,-1
80,1,778,69,830,449,-1,0,0,-1
80,2,478,359,153,133,-1,0,0,-1
80,3,802,327,172,144,-1,0,0,-1
81,1,778,69,831,449,-1,0,0,-1
81,2,478,359,153,133,-1,0,0,-1
81,3,802,327,173,144,-1,0,0,-1
82,1,778,69,830,449,-1,0,0,-1
82,2,478,359,153,133,-1,0,0,-1
82,3,802,327,173,144,-1,0,0,-1
83,1,778,69,830,449,-1,0,0,-1
83,2,478,359,153,133,-1,0,0,-1
83,3,802,327,173,144,-1,0,0,-1
84,1,778,69,830,449,-1,0,0,-1
84,2,478,359,153,133,-1,0,0,-1
84,3,802,327,173,144,-1,0,0,-1
85,1,778,69,830,449,-1,0,0,-1
85,2,478,359,153,133,-1,0,0,-1
85,3,802,327,173,144,-1,0,0,-1
86,1,778,69,830,449,-1,0,0,-1
86,2,478,359,153,133,-1,0,0,-1
86,3,802,327,173,144,-1,0,0,-1
87,1,777,68,832,450,-1,0,0,-1
87,2,478,359,153,133,-1,0,0,-1
87,3,802,327,173,144,-1,0,0,-1
88,1,778,69,830,449,-1,0,0,-1
88,2,478,359,153,133,-1,0,0,-1
88,3,802,327,173,144,-1,0,0,-1
89,1,778,69,830,449,-1,0,0,-1
89,2,478,359,153,133,-1,0,0,-1
89,3,802,327,173,144,-1,0,0,-1
90,1,778,69,830,449,-1,0,0,-1
90,2,478,359,153,133,-1,0,0,-1
90,3,802,327,173,144,-1,0,0,-1
91,1,778,69,830,449,-1,0,0,-1
91,2,478,359,153,133,-1,0,0,-1
91,3,802,327,173,144,-1,0,0,-1
92,1,778,69,830,449,-1,0,0,-1
92,2,478,359,153,133,-1,0,0,-1
92,3,802,327,173,144,-1,0,0,-1
93,1,778,69,830,449,-1,0,0,-1
93,2,478,359,153,133,-1,0,0,-1
93,3,802,327,173,144,-1,0,0,-1
94,1,778,69,830,449,-1,0,0,-1
94,2,478,359,153,133,-1,0,0,-1
94,3,802,327,173,144,-1,0,0,-1
95,1,778,69,830,449,-1,0,0,-1
95,2,478,359,153,133,-1,0,0,-1
95,3,802,327,173,144,-1,0,0,-1
96,1,778,69,830,449,-1,0,0,-1
96,2,478,359,153,133,-1,0,0,-1
96,3,802,327,173,144,-1,0,0,-1
97,1,778,69,830,449,-1,0,0,-1
97,2,478,359,153,133,-1,0,0,-1
97,3,802,327,173,144,-1,0,0,-1
98,1,778,69,830,449,-1,0,0,-1
98,2,478,359,153,133,-1,0,0,-1
98,3,802,327,173,144,-1,0,0,-1
99,1,778,69,831,449,-1,0,0,-1
99,2,478,359,153,133,-1,0,0,-1
99,3,802,327,173,144,-1,0,0,-1
100,1,778,69,830,449,-1,0,0,-1
100,2,478,359,153,133,-1,0,0,-1
100,3,802,327,173,144,-1,0,0,-1
101,1,778,69,830,449,-1,0,0,-1
101,2,478,359,153,133,-1,0,0,-1
101,3,802,327,173,144,-1,0,0,-1
102,1,778,69,830,449,-1,0,0,-1
102,2,478,359,153,133,-1,0,0,-1
102,3,802,327,173,144,-1,0,0,-1
103,1,778,69,830,449,-1,0,0,-1
103,2,478,359,153,133,-1,0,0,-1
103,3,802,327,173,144,-1,0,0,-1
104,1,778,69,830,449,-1,0,0,-1
104,2,478,359,153,133,-1,0,0,-1
104,3,802,327,173,144,-1,0,0,-1
105,1,778,69,830,449,-1,0,0,-1
105,2,478,359,153,133,-1,0,0,-1
105,3,802,327,173,144,-1,0,0,-1
106,1,778,69,830,449,-1,0,0,-1
106,2,478,359,153,133,-1,0,0,-1
106,3,802,327,173,144,-1,0,0,-1
107,1,778,69,830,449,-1,0,0,-1
107,2,478,359,153,133,-1,0,0,-1
107,3,802,327,173,144,-1,0,0,-1
108,1,778,69,830,449,-1,0,0,-1
108,2,478,359,153,133,-1,0,0,-1
108,3,802,327,173,144,-1,0,0,-1
109,1,778,69,830,449,-1,0,0,-1
109,2,478,359,153,133,-1,0,0,-1
109,3,802,327,173,144,-1,0,0,-1
110,1,778,69,830,449,-1,0,0,-1
110,2,478,359,153,133,-1,0,0,-1
110,3,802,327,173,144,-1,0,0,-1
111,1,778,69,830,449,-1,0,0,-1
111,2,478,359,153,133,-1,0,0,-1
111,3,802,327,173,144,-1,0,0,-1
112,1,778,69,830,449,-1,0,0,-1
112,2,478,359,153,133,-1,0,0,-1
112,3,802,327,173,144,-1,0,0,-1
113,1,778,69,830,449,-1,0,0,-1
113,2,478,359,153,133,-1,0,0,-1
113,3,802,327,173,144,-1,0,0,-1
114,1,778,69,830,449,-1,0,0,-1
114,2,478,359,153,133,-1,0,0,-1
114,3,802,327,173,144,-1,0,0,-1
115,1,778,69,830,449,-1,0,0,-1
115,2,478,359,153,133,-1,0,0,-1
115,3,802,327,173,144,-1,0,0,-1
116,1,778,69,830,449,-1,0,0,-1
116,2,478,359,153,133,-1,0,0,-1
116,3,802,327,173,144,-1,0,0,-1
117,1,778,69,830,449,-1,0,0,-1
117,2,478,359,153,133,-1,0,0,-1
117,3,802,327,173,144,-1,0,0,-1
118,1,778,69,830,449,-1,0,0,-1
118,2,478,359,153,133,-1,0,0,-1
118,3,802,327,173,144,-1,0,0,-1
119,1,778,69,830,449,-1,0,0,-1
119,2,478,359,153,133,-1,0,0,-1
119,3,802,327,173,144,-1,0,0,-1
120,1,778,69,830,449,-1,0,0,-1
120,2,478,359,153,133,-1,0,0,-1
120,3,802,327,173,144,-1,0,0,-1
121,1,778,69,830,449,-1,0,0,-1
121,2,478,359,153,133,-1,0,0,-1
121,3,802,327,173,144,-1,0,0,-1
122,1,778,69,829,449,-1,0,0,-1
122,2,478,359,153,133,-1,0,0,-1
122,3,802,327,173,144,-1,0,0,-1
123,1,778,69,829,449,-1,0,0,-1
123,2,478,359,153,133,-1,0,0,-1
123,3,802,327,173,144,-1,0,0,-1
124,1,778,69,830,449,-1,0,0,-1
124,2,478,359,153,133,-1,0,0,-1
124,3,802,327,173,144,-1,0,0,-1
125,1,778,69,830,449,-1,0,0,-1
125,2,478,359,153,133,-1,0,0,-1
125,3,802,327,173,144,-1,0,0,-1
126,1,778,69,830,449,-1,0,0,-1
126,2,478,359,153,133,-1,0,0,-1
126,3,802,327,173,144,-1,0,0,-1
127,1,778,69,830,449,-1,0,0,-1
127,2,478,359,153,133,-1,0,0,-1
127,3,802,327,173,144,-1,0,0,-1
128,1,778,69,830,449,-1,0,0,-1
128,2,478,359,153,133,-1,0,0,-1
128,3,802,327,173,144,-1,0,0,-1
129,1,778,69,830,449,-1,0,0,-1
129,2,478,359,153,133,-1,0,0,-1
129,3,802,327,173,144,-1,0,0,-1
130,1,778,69,830,449,-1,0,0,-1
130,2,478,359,153,133,-1,0,0,-1
130,3,802,327,173,144,-1,0,0,-1
131,1,778,69,830,449,-1,0,0,-1
131,2,478,359,153,133,-1,0,0,-1
131,3,802,327,173,144,-1,0,0,-1
132,1,778,69,830,449,-1,0,0,-1
132,2,478,359,153,133,-1,0,0,-1
132,3,802,327,173,144,-1,0,0,-1
133,1,778,69,830,449,-1,0,0,-1
133,2,478,359,153,133,-1,0,0,-1
133,3,802,327,173,144,-1,0,0,-1
134,1,778,69,830,449,-1,0,0,-1
134,2,478,359,153,133,-1,0,0,-1
134,3,802,327,173,144,-1,0,0,-1
135,1,779,69,829,449,-1,0,0,-1
135,2,478,359,153,133,-1,0,0,-1
135,3,802,327,173,144,-1,0,0,-1
136,1,778,69,830,449,-1,0,0,-1
136,2,478,359,153,133,-1,0,0,-1
136,3,802,327,173,144,-1,0,0,-1
137,1,778,69,830,449,-1,0,0,-1
137,2,478,359,153,133,-1,0,0,-1
137,3,802,327,173,144,-1,0,0,-1
138,1,778,69,830,449,-1,0,0,-1
138,2,478,359,153,133,-1,0,0,-1
138,3,802,327,173,144,-1,0,0,-1
139,1,778,69,831,449,-1,0,0,-1
139,2,478,359,153,133,-1,0,0,-1
139,3,802,327,173,144,-1,0,0,-1
140,1,778,69,831,449,-1,0,0,-1
140,2,478,359,153,133,-1,0,0,-1
140,3,802,327,173,144,-1,0,0,-1
141,1,778,69,830,449,-1,0,0,-1
141,2,478,359,153,133,-1,0,0,-1
141,3,802,327,173,144,-1,0,0,-1
142,1,778,69,830,449,-1,0,0,-1
142,2,478,359,153,133,-1,0,0,-1
142,3,802,327,173,144,-1,0,0,-1
143,1,778,69,830,449,-1,0,0,-1
143,2,478,359,153,133,-1,0,0,-1
143,3,802,327,173,144,-1,0,0,-1
144,1,778,69,830,449,-1,0,0,-1
144,2,478,359,153,133,-1,0,0,-1
144,3,802,327,173,144,-1,0,0,-1
145,1,778,69,830,449,-1,0,0,-1
145,2,478,359,153,133,-1,0,0,-1
145,3,802,327,173,144,-1,0,0,-1
146,1,778,69,830,449,-1,0,0,-1
146,2,478,359,153,133,-1,0,0,-1
146,3,802,327,173,144,-1,0,0,-1
147,1,778,69,830,449,-1,0,0,-1
147,2,478,359,153,133,-1,0,0,-1
147,3,802,327,173,144,-1,0,0,-1
148,1,778,69,829,449,-1,0,0,-1
148,2,478,359,153,133,-1,0,0,-1
148,3,802,327,173,144,-1,0,0,-1
149,1,778,69,830,449,-1,0,0,-1
149,2,478,359,153,133,-1,0,0,-1
149,3,802,327,173,144,-1,0,0,-1
150,1,778,69,830,449,-1,0,0,-1
150,2,478,359,153,133,-1,0,0,-1
150,3,802,327,173,144,-1,0,0,-1
151,1,778,69,830,449,-1,0,0,-1
151,2,478,359,153,133,-1,0,0,-1
151,3,802,327,173,144,-1,0,0,-1
152,1,778,69,830,449,-1,0,0,-1
152,2,478,359,153,133,-1,0,0,-1
152,3,802,327,173,144,-1,0,0,-1
153,1,778,69,830,449,-1,0,0,-1
153,2,478,359,153,133,-1,0,0,-1
153,3,802,327,173,144,-1,0,0,-1
154,1,778,69,830,449,-1,0,0,-1
154,2,478,359,153,133,-1,0,0,-1
154,3,802,327,173,144,-1,0,0,-1
155,1,778,69,830,449,-1,0,0,-1
155,2,478,359,153,133,-1,0,0,-1
155,3,802,327,173,144,-1,0,0,-1
156,1,778,69,830,449,-1,0,0,-1
156,2,478,359,153,133,-1,0,0,-1
156,3,802,327,173,144,-1,0,0,-1
157,1,778,69,830,449,-1,0,0,-1
157,2,478,359,153,133,-1,0,0,-1
157,3,802,327,173,144,-1,0,0,-1
158,1,778,69,830,449,-1,0,0,-1
158,2,478,359,153,133,-1,0,0,-1
158,3,802,327,173,144,-1,0,0,-1
159,1,778,69,830,449,-1,0,0,-1
159,2,478,359,153,133,-1,0,0,-1
159,3,802,327,173,144,-1,0,0,-1
160,1,778,69,831,449,-1,0,0,-1
160,2,478,359,153,133,-1,0,0,-1
160,3,802,327,173,144,-1,0,0,-1
161,1,778,69,830,449,-1,0,0,-1
161,2,478,359,153,133,-1,0,0,-1
161,3,802,327,173,144,-1,0,0,-1
162,1,778,69,830,449,-1,0,0,-1
162,2,478,359,153,133,-1,0,0,-1
162,3,802,327,173,144,-1,0,0,-1
163,1,778,69,830,449,-1,0,0,-1
163,2,478,359,153,133,-1,0,0,-1
163,3,802,327,173,144,-1,0,0,-1
164,1,778,69,830,449,-1,0,0,-1
164,2,478,359,153,133,-1,0,0,-1
164,3,802,327,173,144,-1,0,0,-1
165,1,778,69,830,449,-1,0,0,-1
165,2,478,359,153,133,-1,0,0,-1
165,3,802,327,173,144,-1,0,0,-1
166,1,778,69,830,449,-1,0,0,-1
166,2,478,359,153,133,-1,0,0,-1
166,3,802,327,173,144,-1,0,0,-1
167,1,778,69,830,449,-1,0,0,-1
167,2,478,359,153,133,-1,0,0,-1
167,3,802,327,173,144,-1,0,0,-1
168,1,778,69,830,449,-1,0,0,-1
168,2,478,359,153,133,-1,0,0,-1
168,3,802,327,173,144,-1,0,0,-1
169,1,778,69,829,448,-1,0,0,-1
169,2,478,359,153,133,-1,0,0,-1
169,3,802,327,173,144,-1,0,0,-1
170,1,778,69,830,449,-1,0,0,-1
170,2,478,359,153,133,-1,0,0,-1
170,3,802,327,173,144,-1,0,0,-1
171,1,778,69,830,449,-1,0,0,-1
171,2,478,359,153,133,-1,0,0,-1
171,3,802,327,173,144,-1,0,0,-1
172,1,778,69,829,449,-1,0,0,-1
172,2,478,359,153,133,-1,0,0,-1
172,3,802,327,173,144,-1,0,0,-1
173,1,778,69,830,449,-1,0,0,-1
173,2,478,359,153,133,-1,0,0,-1
173,3,802,327,173,144,-1,0,0,-1
174,1,778,69,830,449,-1,0,0,-1
174,2,478,359,153,133,-1,0,0,-1
174,3,802,327,173,144,-1,0,0,-1
175,1,778,69,830,449,-1,0,0,-1
175,2,478,359,153,133,-1,0,0,-1
175,3,802,327,173,144,-1,0,0,-1
176,1,778,69,830,449,-1,0,0,-1
176,2,478,359,153,133,-1,0,0,-1
176,3,792,332,183,139,-1,0,0,-1
177,1,778,69,830,449,-1,0,0,-1
177,2,478,359,153,133,-1,0,0,-1
177,3,792,332,183,139,-1,0,0,-1
178,1,778,69,829,449,-1,0,0,-1
178,2,478,359,153,133,-1,0,0,-1
178,3,792,332,183,139,-1,0,0,-1
179,1,778,69,829,449,-1,0,0,-1
179,2,478,359,153,133,-1,0,0,-1
179,3,792,332,183,139,-1,0,0,-1
180,1,778,69,830,449,-1,0,0,-1
180,2,478,359,153,133,-1,0,0,-1
180,3,792,332,183,139,-1,0,0,-1
181,1,778,69,830,449,-1,0,0,-1
181,2,478,359,153,133,-1,0,0,-1
181,3,792,332,183,139,-1,0,0,-1
182,1,778,69,830,449,-1,0,0,-1
182,2,478,359,153,133,-1,0,0,-1
182,3,792,332,183,139,-1,0,0,-1
183,1,778,69,830,449,-1,0,0,-1
183,2,478,359,153,133,-1,0,0,-1
183,3,792,332,183,139,-1,0,0,-1
184,1,778,69,830,449,-1,0,0,-1
184,2,478,359,153,133,-1,0,0,-1
184,3,792,332,183,139,-1,0,0,-1
185,1,778,69,829,449,-1,0,0,-1
185,2,478,359,153,133,-1,0,0,-1
185,3,792,332,183,139,-1,0,0,-1
186,1,778,69,830,449,-1,0,0,-1
186,2,478,359,153,133,-1,0,0,-1
186,3,792,332,183,139,-1,0,0,-1
187,1,778,69,830,449,-1,0,0,-1
187,2,478,359,153,133,-1,0,0,-1
187,3,792,332,183,139,-1,0,0,-1
188,1,778,69,830,449,-1,0,0,-1
188,2,478,359,153,133,-1,0,0,-1
188,3,792,332,183,139,-1,0,0,-1
189,1,778,69,830,449,-1,0,0,-1
189,2,478,359,153,133,-1,0,0,-1
189,3,792,332,183,139,-1,0,0,-1
190,1,778,69,829,448,-1,0,0,-1
190,2,478,359,153,133,-1,0,0,-1
190,3,792,332,183,139,-1,0,0,-1
191,1,778,69,830,449,-1,0,0,-1
191,2,478,359,153,133,-1,0,0,-1
191,3,791,332,183,139,-1,0,0,-1
192,1,778,69,830,449,-1,0,0,-1
192,2,478,359,153,133,-1,0,0,-1
192,3,791,332,184,139,-1,0,0,-1
193,1,778,69,830,449,-1,0,0,-1
193,2,478,359,153,133,-1,0,0,-1
193,3,791,332,184,139,-1,0,0,-1
194,1,778,69,830,449,-1,0,0,-1
194,2,478,359,153,133,-1,0,0,-1
194,3,791,332,184,140,-1,0,0,-1
195,1,778,69,830,449,-1,0,0,-1
195,2,478,359,153,133,-1,0,0,-1
195,3,791,332,184,139,-1,0,0,-1
196,1,778,69,830,449,-1,0,0,-1
196,2,478,359,153,133,-1,0,0,-1
196,3,791,332,184,139,-1,0,0,-1
197,1,778,69,830,449,-1,0,0,-1
197,2,478,359,153,133,-1,0,0,-1
197,3,791,332,184,139,-1,0,0,-1
198,1,778,69,831,449,-1,0,0,-1
198,2,478,359,153,133,-1,0,0,-1
198,3,791,332,184,140,-1,0,0,-1
199,1,778,69,830,449,-1,0,0,-1
199,2,478,359,153,133,-1,0,0,-1
199,3,791,332,184,139,-1,0,0,-1
200,1,778,69,831,449,-1,0,0,-1
200,2,478,359,153,133,-1,0,0,-1
200,3,790,332,184,140,-1,0,0,-1
201,1,778,69,830,449,-1,0,0,-1
201,2,478,359,153,133,-1,0,0,-1
201,3,790,332,184,140,-1,0,0,-1
202,1,778,69,830,449,-1,0,0,-1
202,2,478,359,153,133,-1,0,0,-1
202,3,790,332,184,139,-1,0,0,-1
203,1,777,69,831,449,-1,0,0,-1
203,2,478,359,153,133,-1,0,0,-1
203,3,790,332,184,139,-1,0,0,-1
204,1,777,69,831,449,-1,0,0,-1
204,2,478,359,153,133,-1,0,0,-1
204,3,791,332,183,139,-1,0,0,-1
205,1,777,69,831,450,-1,0,0,-1
205,2,478,359,153,133,-1,0,0,-1
205,3,790,332,183,139,-1,0,0,-1
206,1,778,69,830,449,-1,0,0,-1
206,2,478,359,153,133,-1,0,0,-1
206,3,790,332,183,139,-1,0,0,-1
207,1,777,69,831,450,-1,0,0,-1
207,2,478,359,153,133,-1,0,0,-1
207,3,785,332,188,140,-1,0,0,-1
208,1,778,69,831,449,-1,0,0,-1
208,2,478,359,153,133,-1,0,0,-1
208,3,785,332,188,140,-1,0,0,-1
209,1,778,69,829,449,-1,0,0,-1
209,2,478,359,153,133,-1,0,0,-1
209,3,785,332,188,140,-1,0,0,-1
210,1,778,69,830,449,-1,0,0,-1
210,2,478,359,153,133,-1,0,0,-1
210,3,785,332,188,140,-1,0,0,-1
211,1,778,69,830,449,-1,0,0,-1
211,2,478,359,153,133,-1,0,0,-1
211,3,785,332,188,140,-1,0,0,-1
212,1,778,69,830,449,-1,0,0,-1
212,2,478,359,153,133,-1,0,0,-1
212,3,785,332,188,140,-1,0,0,-1
213,1,778,69,830,449,-1,0,0,-1
213,2,478,359,153,133,-1,0,0,-1
213,3,784,332,188,140,-1,0,0,-1
214,1,778,69,831,449,-1,0,0,-1
214,2,478,359,153,133,-1,0,0,-1
214,3,784,332,188,140,-1,0,0,-1
215,1,776,68,832,450,-1,0,0,-1
215,2,478,359,153,133,-1,0,0,-1
215,3,784,332,188,140,-1,0,0,-1
216,1,778,69,830,449,-1,0,0,-1
216,2,478,359,153,133,-1,0,0,-1
216,3,784,332,188,140,-1,0,0,-1
217,1,778,69,830,449,-1,0,0,-1
217,2,478,359,153,133,-1,0,0,-1
217,3,784,332,188,140,-1,0,0,-1
218,1,778,69,830,449,-1,0,0,-1
218,2,478,359,153,133,-1,0,0,-1
218,3,783,332,189,141,-1,0,0,-1
219,1,778,69,830,449,-1,0,0,-1
219,2,478,359,153,133,-1,0,0,-1
219,3,782,332,189,141,-1,0,0,-1
220,1,778,69,830,449,-1,0,0,-1
220,2,478,359,153,133,-1,0,0,-1
220,3,783,332,189,141,-1,0,0,-1
221,1,778,69,830,449,-1,0,0,-1
221,2,478,359,153,133,-1,0,0,-1
221,3,782,332,189,141,-1,0,0,-1
222,1,778,69,830,449,-1,0,0,-1
222,2,478,359,153,133,-1,0,0,-1
222,3,782,331,190,141,-1,0,0,-1
223,1,778,69,830,449,-1,0,0,-1
223,2,478,359,153,133,-1,0,0,-1
223,3,782,332,189,141,-1,0,0,-1
224,1,778,69,830,449,-1,0,0,-1
224,2,478,359,153,133,-1,0,0,-1
224,3,781,331,190,141,-1,0,0,-1
225,1,778,69,830,449,-1,0,0,-1
225,2,478,359,153,133,-1,0,0,-1
225,3,781,331,190,142,-1,0,0,-1
226,1,778,69,830,449,-1,0,0,-1
226,2,478,359,153,133,-1,0,0,-1
226,3,782,332,188,140,-1,0,0,-1
227,1,778,69,830,449,-1,0,0,-1
227,2,478,359,153,133,-1,0,0,-1
227,3,783,332,187,140,-1,0,0,-1
228,1,778,69,830,449,-1,0,0,-1
228,2,478,359,153,133,-1,0,0,-1
228,3,778,329,195,145,-1,0,0,-1
229,1,778,69,830,449,-1,0,0,-1
229,2,478,359,153,133,-1,0,0,-1
229,3,779,331,191,142,-1,0,0,-1
230,1,778,69,830,449,-1,0,0,-1
230,2,478,359,153,133,-1,0,0,-1
230,3,784,332,188,140,-1,0,0,-1
231,1,778,69,830,449,-1,0,0,-1
231,2,478,359,153,133,-1,0,0,-1
231,3,784,331,189,141,-1,0,0,-1
232,1,778,69,830,449,-1,0,0,-1
232,2,478,359,153,133,-1,0,0,-1
232,3,782,331,190,142,-1,0,0,-1
233,1,778,69,830,449,-1,0,0,-1
233,2,478,359,153,133,-1,0,0,-1
233,3,784,331,189,141,-1,0,0,-1
234,1,778,69,830,449,-1,0,0,-1
234,2,478,359,153,133,-1,0,0,-1
234,3,783,331,189,141,-1,0,0,-1
235,1,778,69,830,449,-1,0,0,-1
235,2,478,359,153,133,-1,0,0,-1
235,3,776,333,187,139,-1,0,0,-1
236,1,778,69,829,449,-1,0,0,-1
236,2,478,359,153,133,-1,0,0,-1
236,3,784,331,189,141,-1,0,0,-1
237,1,778,69,830,449,-1,0,0,-1
237,2,478,359,153,133,-1,0,0,-1
237,3,784,331,189,141,-1,0,0,-1
238,1,778,69,830,449,-1,0,0,-1
238,2,478,359,153,133,-1,0,0,-1
238,3,784,331,189,141,-1,0,0,-1
239,1,778,69,830,449,-1,0,0,-1
239,2,478,359,153,133,-1,0,0,-1
239,3,774,333,187,139,-1,0,0,-1
240,1,778,69,830,449,-1,0,0,-1
240,2,478,359,153,133,-1,0,0,-1
240,3,773,333,188,140,-1,0,0,-1
241,1,778,69,830,449,-1,0,0,-1
241,2,478,359,153,133,-1,0,0,-1
241,3,773,333,188,140,-1,0,0,-1
242,1,778,69,830,449,-1,0,0,-1
242,2,478,359,153,133,-1,0,0,-1
242,3,772,332,188,140,-1,0,0,-1
243,1,778,69,830,449,-1,0,0,-1
243,2,478,359,153,133,-1,0,0,-1
243,3,772,332,188,140,-1,0,0,-1
244,1,778,69,830,449,-1,0,0,-1
244,2,478,359,153,133,-1,0,0,-1
244,3,771,333,188,140,-1,0,0,-1
245,1,778,69,830,449,-1,0,0,-1
245,2,478,359,153,133,-1,0,0,-1
245,3,771,332,188,140,-1,0,0,-1
246,1,778,69,830,449,-1,0,0,-1
246,2,478,359,153,133,-1,0,0,-1
246,3,770,332,188,140,-1,0,0,-1
247,1,778,69,829,449,-1,0,0,-1
247,2,478,359,153,133,-1,0,0,-1
247,3,770,332,188,140,-1,0,0,-1
248,1,778,69,830,449,-1,0,0,-1
248,2,478,359,153,133,-1,0,0,-1
248,3,769,332,188,140,-1,0,0,-1
249,1,778,69,830,449,-1,0,0,-1
249,2,478,359,153,133,-1,0,0,-1
249,3,769,333,188,140,-1,0,0,-1
250,1,778,69,830,449,-1,0,0,-1
250,2,478,359,153,133,-1,0,0,-1
250,3,769,333,188,140,-1,0,0,-1
251,1,778,69,830,449,-1,0,0,-1
251,2,478,359,153,133,-1,0,0,-1
251,3,768,333,188,140,-1,0,0,-1
252,1,778,69,830,449,-1,0,0,-1
252,2,478,359,153,133,-1,0,0,-1
252,3,768,333,187,140,-1,0,0,-1
253,1,778,69,830,449,-1,0,0,-1
253,2,478,359,153,133,-1,0,0,-1
253,3,768,333,187,139,-1,0,0,-1
254,1,777,69,831,449,-1,0,0,-1
254,2,478,359,153,133,-1,0,0,-1
254,3,767,333,187,139,-1,0,0,-1
255,1,778,69,830,449,-1,0,0,-1
255,2,478,359,153,133,-1,0,0,-1
255,3,767,333,187,139,-1,0,0,-1
256,1,778,69,830,449,-1,0,0,-1
256,2,478,359,153,133,-1,0,0,-1
256,3,767,333,187,139,-1,0,0,-1
257,1,778,69,830,449,-1,0,0,-1
257,2,478,359,153,133,-1,0,0,-1
257,3,766,333,187,139,-1,0,0,-1
258,1,778,69,830,449,-1,0,0,-1
258,2,478,359,153,133,-1,0,0,-1
258,3,771,333,193,139,-1,0,0,-1
259,1,778,69,830,449,-1,0,0,-1
259,2,478,359,153,133,-1,0,0,-1
259,3,771,333,193,139,-1,0,0,-1
260,1,778,69,830,449,-1,0,0,-1
260,2,478,359,153,133,-1,0,0,-1
260,3,771,333,193,139,-1,0,0,-1
261,1,778,69,830,449,-1,0,0,-1
261,2,478,359,153,133,-1,0,0,-1
261,3,770,333,193,139,-1,0,0,-1
262,1,778,69,830,449,-1,0,0,-1
262,2,478,359,153,133,-1,0,0,-1
262,3,770,333,193,139,-1,0,0,-1
263,1,778,69,830,449,-1,0,0,-1
263,2,478,359,153,133,-1,0,0,-1
263,3,770,333,193,139,-1,0,0,-1
264,1,778,69,830,449,-1,0,0,-1
264,2,478,359,153,133,-1,0,0,-1
264,3,770,333,193,139,-1,0,0,-1
265,1,778,69,830,449,-1,0,0,-1
265,2,478,359,153,133,-1,0,0,-1
265,3,769,333,194,139,-1,0,0,-1
266,1,777,68,831,450,-1,0,0,-1
266,2,478,359,153,133,-1,0,0,-1
266,3,769,333,193,139,-1,0,0,-1
267,1,778,69,829,449,-1,0,0,-1
267,2,478,359,153,133,-1,0,0,-1
267,3,768,333,194,140,-1,0,0,-1
268,1,778,69,829,449,-1,0,0,-1
268,2,478,359,153,133,-1,0,0,-1
268,3,767,332,195,140,-1,0,0,-1
269,1,778,69,830,449,-1,0,0,-1
269,2,478,359,153,133,-1,0,0,-1
269,3,766,332,195,140,-1,0,0,-1
270,1,778,69,831,449,-1,0,0,-1
270,2,478,359,153,133,-1,0,0,-1
270,3,764,332,197,142,-1,0,0,-1
271,1,778,69,830,449,-1,0,0,-1
271,2,478,359,153,133,-1,0,0,-1
271,3,763,331,198,143,-1,0,0,-1
272,1,778,69,830,449,-1,0,0,-1
272,2,478,359,153,133,-1,0,0,-1
272,3,769,333,193,139,-1,0,0,-1
273,1,778,69,830,449,-1,0,0,-1
273,2,478,359,153,133,-1,0,0,-1
273,3,765,331,199,143,-1,0,0,-1
274,1,778,69,830,449,-1,0,0,-1
274,2,478,359,153,133,-1,0,0,-1
274,3,770,336,182,139,-1,0,0,-1
275,1,778,69,830,449,-1,0,0,-1
275,2,478,359,153,133,-1,0,0,-1
275,3,770,336,182,139,-1,0,0,-1
276,1,778,69,830,449,-1,0,0,-1
276,2,478,359,153,133,-1,0,0,-1
276,3,769,336,182,139,-1,0,0,-1
277,1,778,69,831,450,-1,0,0,-1
277,2,478,359,153,133,-1,0,0,-1
277,3,769,336,182,139,-1,0,0,-1
278,1,778,69,830,449,-1,0,0,-1
278,2,478,359,153,133,-1,0,0,-1
278,3,769,336,182,139,-1,0,0,-1
279,1,778,69,830,449,-1,0,0,-1
279,2,478,359,153,133,-1,0,0,-1
279,3,769,336,182,139,-1,0,0,-1
280,1,778,69,830,449,-1,0,0,-1
280,2,478,359,153,133,-1,0,0,-1
280,3,768,336,182,139,-1,0,0,-1
281,1,778,69,830,449,-1,0,0,-1
281,2,478,359,153,133,-1,0,0,-1
281,3,768,336,182,139,-1,0,0,-1
282,1,778,69,830,449,-1,0,0,-1
282,2,478,359,153,133,-1,0,0,-1
282,3,767,336,182,139,-1,0,0,-1
283,1,778,69,830,449,-1,0,0,-1
283,2,478,359,153,133,-1,0,0,-1
283,3,768,336,182,139,-1,0,0,-1
284,1,778,69,830,449,-1,0,0,-1
284,2,478,359,153,133,-1,0,0,-1
284,3,767,336,183,139,-1,0,0,-1
285,1,778,69,830,449,-1,0,0,-1
285,2,478,359,153,133,-1,0,0,-1
285,3,767,337,180,137,-1,0,0,-1
286,1,778,69,830,449,-1,0,0,-1
286,2,478,359,153,133,-1,0,0,-1
286,3,763,334,186,142,-1,0,0,-1
287,1,778,69,830,449,-1,0,0,-1
287,2,478,359,153,133,-1,0,0,-1
287,3,765,335,184,140,-1,0,0,-1
288,1,778,69,831,450,-1,0,0,-1
288,2,478,359,153,133,-1,0,0,-1
288,3,763,336,182,139,-1,0,0,-1
289,1,778,69,830,449,-1,0,0,-1
289,2,478,359,153,133,-1,0,0,-1
289,3,761,335,186,142,-1,0,0,-1
290,1,778,69,830,449,-1,0,0,-1
290,2,478,359,153,133,-1,0,0,-1
290,3,761,336,182,139,-1,0,0,-1
291,1,778,69,830,449,-1,0,0,-1
291,2,478,359,153,133,-1,0,0,-1
291,3,760,336,182,139,-1,0,0,-1
292,1,778,69,830,449,-1,0,0,-1
292,2,478,359,153,133,-1,0,0,-1
292,3,759,336,183,140,-1,0,0,-1
293,1,778,69,830,449,-1,0,0,-1
293,2,478,359,153,133,-1,0,0,-1
293,3,759,336,182,139,-1,0,0,-1
294,1,778,69,830,449,-1,0,0,-1
294,2,478,359,153,133,-1,0,0,-1
294,3,758,336,182,139,-1,0,0,-1
295,1,778,69,830,449,-1,0,0,-1
295,2,478,359,153,133,-1,0,0,-1
295,3,758,337,182,139,-1,0,0,-1
296,1,778,69,830,449,-1,0,0,-1
296,2,478,359,153,133,-1,0,0,-1
296,3,757,336,182,139,-1,0,0,-1
297,1,778,69,830,449,-1,0,0,-1
297,2,478,359,153,133,-1,0,0,-1
297,3,756,336,182,139,-1,0,0,-1
298,1,778,69,830,449,-1,0,0,-1
298,2,478,359,153,133,-1,0,0,-1
298,3,756,337,182,139,-1,0,0,-1
299,1,778,69,830,449,-1,0,0,-1
299,2,478,359,153,133,-1,0,0,-1
299,3,755,337,182,139,-1,0,0,-1
300,1,778,69,830,449,-1,0,0,-1
300,2,478,359,153,133,-1,0,0,-1
300,3,754,337,182,139,-1,0,0,-1
301,1,778,69,830,449,-1,0,0,-1
301,2,478,359,153,133,-1,0,0,-1
301,3,754,337,182,139,-1,0,0,-1
302,1,778,69,830,449,-1,0,0,-1
302,2,478,359,153,133,-1,0,0,-1
302,3,753,337,181,139,-1,0,0,-1
303,1,778,69,830,449,-1,0,0,-1
303,2,478,359,153,133,-1,0,0,-1
303,3,752,337,181,139,-1,0,0,-1
304,1,778,69,830,449,-1,0,0,-1
304,2,478,359,153,133,-1,0,0,-1
304,3,752,337,182,139,-1,0,0,-1
305,1,778,69,829,449,-1,0,0,-1
305,2,478,359,153,133,-1,0,0,-1
305,3,751,337,181,138,-1,0,0,-1
306,1,778,69,830,449,-1,0,0,-1
306,2,478,359,153,133,-1,0,0,-1
306,3,750,337,182,139,-1,0,0,-1
307,1,778,69,830,449,-1,0,0,-1
307,2,478,359,153,133,-1,0,0,-1
307,3,750,337,182,139,-1,0,0,-1
308,1,778,69,830,449,-1,0,0,-1
308,2,478,359,153,133,-1,0,0,-1
308,3,749,337,182,139,-1,0,0,-1
309,1,778,69,830,449,-1,0,0,-1
309,2,478,359,153,133,-1,0,0,-1
309,3,748,336,183,139,-1,0,0,-1
310,1,778,69,829,449,-1,0,0,-1
310,2,478,359,153,133,-1,0,0,-1
310,3,747,337,182,139,-1,0,0,-1
311,1,778,69,830,449,-1,0,0,-1
311,2,478,359,153,133,-1,0,0,-1
311,3,747,337,182,139,-1,0,0,-1
312,1,778,69,829,449,-1,0,0,-1
312,2,478,359,153,133,-1,0,0,-1
312,3,745,336,183,140,-1,0,0,-1
313,1,778,69,830,449,-1,0,0,-1
313,2,478,359,153,133,-1,0,0,-1
313,3,745,337,183,140,-1,0,0,-1
314,1,777,69,831,449,-1,0,0,-1
314,2,478,359,153,133,-1,0,0,-1
314,3,744,337,183,140,-1,0,0,-1
315,1,778,69,829,449,-1,0,0,-1
315,2,478,359,153,133,-1,0,0,-1
315,3,743,337,183,140,-1,0,0,-1
316,1,778,69,830,449,-1,0,0,-1
316,2,478,359,153,133,-1,0,0,-1
316,3,742,337,183,140,-1,0,0,-1
317,1,778,69,830,449,-1,0,0,-1
317,2,478,359,153,133,-1,0,0,-1
317,3,742,337,183,139,-1,0,0,-1
318,1,778,69,830,449,-1,0,0,-1
318,2,478,359,153,133,-1,0,0,-1
318,3,741,337,182,139,-1,0,0,-1
319,1,778,69,830,449,-1,0,0,-1
319,2,478,359,153,133,-1,0,0,-1
319,3,741,332,182,144,-1,0,0,-1
320,1,778,69,830,449,-1,0,0,-1
320,2,478,359,153,133,-1,0,0,-1
320,3,741,332,182,144,-1,0,0,-1
321,1,778,69,830,449,-1,0,0,-1
321,2,478,359,153,133,-1,0,0,-1
321,3,740,332,182,144,-1,0,0,-1
322,1,778,69,830,449,-1,0,0,-1
322,2,478,359,153,133,-1,0,0,-1
322,3,740,332,182,144,-1,0,0,-1
323,1,778,69,830,449,-1,0,0,-1
323,2,478,359,153,133,-1,0,0,-1
323,3,740,332,181,144,-1,0,0,-1
324,1,778,69,830,449,-1,0,0,-1
324,2,478,359,153,133,-1,0,0,-1
324,3,739,332,181,144,-1,0,0,-1
325,1,778,69,830,449,-1,0,0,-1
325,2,478,359,153,133,-1,0,0,-1
325,3,739,332,182,144,-1,0,0,-1
326,1,778,69,830,449,-1,0,0,-1
326,2,478,359,153,133,-1,0,0,-1
326,3,737,332,182,144,-1,0,0,-1
327,1,778,69,829,449,-1,0,0,-1
327,2,478,359,153,133,-1,0,0,-1
327,3,737,332,182,144,-1,0,0,-1
328,1,778,69,830,449,-1,0,0,-1
328,2,478,359,153,133,-1,0,0,-1
328,3,737,332,182,144,-1,0,0,-1
329,1,778,69,830,449,-1,0,0,-1
329,2,478,359,153,133,-1,0,0,-1
329,3,736,332,182,144,-1,0,0,-1
330,1,778,69,830,449,-1,0,0,-1
330,2,478,359,153,133,-1,0,0,-1
330,3,736,332,182,144,-1,0,0,-1
331,1,778,69,830,449,-1,0,0,-1
331,2,478,359,153,133,-1,0,0,-1
331,3,736,332,182,144,-1,0,0,-1
332,1,778,69,830,449,-1,0,0,-1
332,2,478,359,153,133,-1,0,0,-1
332,3,731,338,186,138,-1,0,0,-1
333,1,778,69,831,449,-1,0,0,-1
333,2,478,359,153,133,-1,0,0,-1
333,3,731,338,186,138,-1,0,0,-1
334,1,778,69,830,449,-1,0,0,-1
334,2,478,359,153,133,-1,0,0,-1
334,3,730,338,186,138,-1,0,0,-1
335,1,778,69,830,449,-1,0,0,-1
335,2,478,359,153,133,-1,0,0,-1
335,3,730,338,185,138,-1,0,0,-1
336,1,778,69,830,449,-1,0,0,-1
336,2,478,359,153,133,-1,0,0,-1
336,3,728,338,187,139,-1,0,0,-1
337,1,778,69,830,449,-1,0,0,-1
337,2,478,359,153,133,-1,0,0,-1
337,3,729,338,185,138,-1,0,0,-1
338,1,778,69,830,449,-1,0,0,-1
338,2,478,359,153,133,-1,0,0,-1
338,3,727,338,186,138,-1,0,0,-1
339,1,778,69,830,449,-1,0,0,-1
339,2,478,359,153,133,-1,0,0,-1
339,3,728,339,184,137,-1,0,0,-1
340,1,778,69,830,449,-1,0,0,-1
340,2,478,359,153,133,-1,0,0,-1
340,3,725,338,183,138,-1,0,0,-1
341,1,778,69,830,449,-1,0,0,-1
341,2,478,359,153,133,-1,0,0,-1
341,3,725,338,183,138,-1,0,0,-1
342,1,778,69,830,449,-1,0,0,-1
342,2,478,359,153,133,-1,0,0,-1
342,3,724,338,182,138,-1,0,0,-1
343,1,778,69,830,449,-1,0,0,-1
343,2,478,359,153,133,-1,0,0,-1
343,3,723,338,182,138,-1,0,0,-1
344,1,778,69,831,449,-1,0,0,-1
344,2,478,359,153,133,-1,0,0,-1
344,3,723,338,182,137,-1,0,0,-1
345,1,778,69,830,449,-1,0,0,-1
345,2,478,359,153,133,-1,0,0,-1
345,3,722,338,183,138,-1,0,0,-1
346,1,778,69,830,449,-1,0,0,-1
346,2,478,359,153,133,-1,0,0,-1
346,3,721,338,183,138,-1,0,0,-1
347,1,778,69,830,449,-1,0,0,-1
347,2,478,359,153,133,-1,0,0,-1
347,3,722,339,181,136,-1,0,0,-1
348,1,778,69,830,449,-1,0,0,-1
348,2,478,359,153,133,-1,0,0,-1
348,3,721,339,181,136,-1,0,0,-1
349,1,778,69,830,449,-1,0,0,-1
349,2,478,359,153,133,-1,0,0,-1
349,3,715,338,184,138,-1,0,0,-1
350,1,778,69,830,449,-1,0,0,-1
350,2,478,359,153,133,-1,0,0,-1
350,3,715,338,184,138,-1,0,0,-1
351,1,778,69,830,449,-1,0,0,-1
351,2,478,359,153,133,-1,0,0,-1
351,3,714,338,184,138,-1,0,0,-1
352,1,778,69,830,449,-1,0,0,-1
352,2,478,359,153,133,-1,0,0,-1
352,3,714,338,183,138,-1,0,0,-1
353,1,778,69,830,449,-1,0,0,-1
353,2,478,359,153,133,-1,0,0,-1
353,3,714,338,183,137,-1,0,0,-1
354,1,778,69,830,449,-1,0,0,-1
354,2,478,359,153,133,-1,0,0,-1
354,3,713,338,183,137,-1,0,0,-1
355,1,778,69,830,449,-1,0,0,-1
355,2,478,359,153,133,-1,0,0,-1
355,3,713,339,183,137,-1,0,0,-1
356,1,778,69,831,449,-1,0,0,-1
356,2,478,359,153,133,-1,0,0,-1
356,3,713,339,182,137,-1,0,0,-1
357,1,778,69,830,449,-1,0,0,-1
357,2,478,359,153,133,-1,0,0,-1
357,3,713,339,180,135,-1,0,0,-1
358,1,778,69,830,449,-1,0,0,-1
358,2,478,359,153,133,-1,0,0,-1
358,3,708,338,184,138,-1,0,0,-1
359,1,778,69,830,449,-1,0,0,-1
359,2,478,359,153,133,-1,0,0,-1
359,3,707,338,184,138,-1,0,0,-1
360,1,778,69,830,449,-1,0,0,-1
360,2,477,359,154,134,-1,0,0,-1
360,3,706,338,184,138,-1,0,0,-1
361,1,777,69,831,450,-1,0,0,-1
361,2,478,359,153,133,-1,0,0,-1
361,3,706,338,185,138,-1,0,0,-1
362,1,778,69,830,449,-1,0,0,-1
362,2,478,359,153,133,-1,0,0,-1
362,3,705,338,184,138,-1,0,0,-1
363,1,778,69,830,449,-1,0,0,-1
363,2,478,359,153,133,-1,0,0,-1
363,3,704,338,184,138,-1,0,0,-1
364,1,778,69,830,449,-1,0,0,-1
364,2,478,359,153,133,-1,0,0,-1
364,3,703,338,184,138,-1,0,0,-1
365,1,778,69,830,449,-1,0,0,-1
365,2,478,359,153,133,-1,0,0,-1
365,3,702,338,185,138,-1,0,0,-1
366,1,778,69,830,449,-1,0,0,-1
366,2,478,359,153,133,-1,0,0,-1
366,3,702,339,184,138,-1,0,0,-1
367,1,778,69,831,449,-1,0,0,-1
367,2,478,359,153,133,-1,0,0,-1
367,3,701,339,184,138,-1,0,0,-1
368,1,778,69,830,449,-1,0,0,-1
368,2,478,359,153,133,-1,0,0,-1
368,3,700,338,185,139,-1,0,0,-1
369,1,778,69,830,449,-1,0,0,-1
369,2,478,359,153,133,-1,0,0,-1
369,3,699,338,185,139,-1,0,0,-1
370,1,778,69,830,449,-1,0,0,-1
370,2,478,359,153,133,-1,0,0,-1
370,3,698,338,185,139,-1,0,0,-1
371,1,778,69,830,449,-1,0,0,-1
371,2,478,359,153,133,-1,0,0,-1
371,3,697,338,185,139,-1,0,0,-1
372,1,778,69,830,449,-1,0,0,-1
372,2,478,359,153,133,-1,0,0,-1
372,3,696,339,185,139,-1,0,0,-1
373,1,778,69,830,449,-1,0,0,-1
373,2,478,359,153,133,-1,0,0,-1
373,3,696,339,185,139,-1,0,0,-1
374,1,778,69,830,449,-1,0,0,-1
374,2,478,359,153,133,-1,0,0,-1
374,3,695,339,185,138,-1,0,0,-1
375,1,778,69,830,449,-1,0,0,-1
375,2,478,359,153,133,-1,0,0,-1
375,3,694,339,185,139,-1,0,0,-1
376,1,778,69,830,449,-1,0,0,-1
376,2,478,359,153,133,-1,0,0,-1
376,3,693,339,185,139,-1,0,0,-1
377,1,778,69,830,449,-1,0,0,-1
377,2,478,359,153,133,-1,0,0,-1
377,3,692,339,185,139,-1,0,0,-1
378,1,778,69,830,449,-1,0,0,-1
378,2,478,359,153,133,-1,0,0,-1
378,3,692,339,185,138,-1,0,0,-1
379,1,778,69,830,449,-1,0,0,-1
379,2,478,359,153,133,-1,0,0,-1
379,3,690,339,185,139,-1,0,0,-1
380,1,778,69,830,449,-1,0,0,-1
380,2,478,359,153,133,-1,0,0,-1
380,3,690,339,185,139,-1,0,0,-1
381,1,778,69,830,449,-1,0,0,-1
381,2,478,359,153,133,-1,0,0,-1
381,3,690,339,185,138,-1,0,0,-1
382,1,778,69,830,449,-1,0,0,-1
382,2,478,359,153,133,-1,0,0,-1
382,3,688,339,185,139,-1,0,0,-1
383,1,778,69,830,449,-1,0,0,-1
383,2,478,359,153,133,-1,0,0,-1
383,3,687,339,185,139,-1,0,0,-1
384,1,778,69,830,449,-1,0,0,-1
384,2,478,359,153,133,-1,0,0,-1
384,3,687,339,185,139,-1,0,0,-1
385,1,778,69,830,449,-1,0,0,-1
385,2,478,359,153,133,-1,0,0,-1
385,3,686,339,185,139,-1,0,0,-1
386,1,778,69,830,449,-1,0,0,-1
386,2,478,359,153,133,-1,0,0,-1
386,3,685,339,185,139,-1,0,0,-1
387,1,778,69,830,449,-1,0,0,-1
387,2,478,359,153,133,-1,0,0,-1
387,3,684,339,185,139,-1,0,0,-1
388,1,778,69,830,449,-1,0,0,-1
388,2,478,359,153,133,-1,0,0,-1
388,3,683,339,185,139,-1,0,0,-1
389,1,778,69,830,449,-1,0,0,-1
389,2,478,359,153,133,-1,0,0,-1
389,3,679,339,188,144,-1,0,0,-1
390,1,778,69,830,449,-1,0,0,-1
390,2,478,359,153,133,-1,0,0,-1
390,3,679,339,188,144,-1,0,0,-1
391,1,778,69,830,449,-1,0,0,-1
391,2,478,359,153,133,-1,0,0,-1
391,3,678,339,187,144,-1,0,0,-1
392,1,778,69,830,449,-1,0,0,-1
392,2,478,359,153,133,-1,0,0,-1
392,3,678,339,187,143,-1,0,0,-1
393,1,778,69,830,449,-1,0,0,-1
393,2,478,359,153,133,-1,0,0,-1
393,3,676,339,188,144,-1,0,0,-1
394,1,778,69,830,449,-1,0,0,-1
394,2,478,359,153,133,-1,0,0,-1
394,3,676,340,186,143,-1,0,0,-1
395,1,778,69,830,449,-1,0,0,-1
395,2,478,359,153,133,-1,0,0,-1
395,3,676,340,187,143,-1,0,0,-1
396,1,778,69,830,449,-1,0,0,-1
396,2,478,359,153,133,-1,0,0,-1
396,3,673,339,188,144,-1,0,0,-1
397,1,778,69,830,449,-1,0,0,-1
397,2,478,359,153,133,-1,0,0,-1
397,3,672,339,188,144,-1,0,0,-1
398,1,778,69,830,449,-1,0,0,-1
398,2,478,359,153,133,-1,0,0,-1
398,3,671,339,189,144,-1,0,0,-1
399,1,778,69,830,449,-1,0,0,-1
399,2,478,359,153,133,-1,0,0,-1
399,3,670,339,189,144,-1,0,0,-1
400,1,778,69,830,449,-1,0,0,-1
400,2,478,359,153,133,-1,0,0,-1
400,3,669,339,189,144,-1,0,0,-1
401,1,778,69,830,449,-1,0,0,-1
401,2,478,359,153,133,-1,0,0,-1
401,3,669,339,189,144,-1,0,0,-1
402,1,778,69,830,449,-1,0,0,-1
402,2,478,359,153,133,-1,0,0,-1
402,3,668,339,189,145,-1,0,0,-1
403,1,778,69,831,449,-1,0,0,-1
403,2,478,359,153,133,-1,0,0,-1
403,3,667,339,189,144,-1,0,0,-1
404,1,778,69,830,449,-1,0,0,-1
404,2,478,359,153,133,-1,0,0,-1
404,3,666,339,189,145,-1,0,0,-1
405,1,778,69,830,449,-1,0,0,-1
405,2,478,359,153,133,-1,0,0,-1
405,3,665,339,189,145,-1,0,0,-1
406,1,778,69,830,449,-1,0,0,-1
406,2,478,359,153,133,-1,0,0,-1
406,3,664,339,189,145,-1,0,0,-1
407,1,778,69,830,449,-1,0,0,-1
407,2,478,359,153,133,-1,0,0,-1
407,3,663,339,189,145,-1,0,0,-1
408,1,778,69,830,449,-1,0,0,-1
408,2,478,359,153,133,-1,0,0,-1
408,3,663,340,189,144,-1,0,0,-1
409,1,778,69,830,449,-1,0,0,-1
409,2,478,359,153,133,-1,0,0,-1
409,3,662,340,188,144,-1,0,0,-1
410,1,778,69,830,449,-1,0,0,-1
410,2,478,359,153,133,-1,0,0,-1
410,3,661,340,189,144,-1,0,0,-1
411,1,778,69,830,449,-1,0,0,-1
411,2,478,359,153,133,-1,0,0,-1
411,3,660,340,188,144,-1,0,0,-1
412,1,778,69,830,449,-1,0,0,-1
412,2,478,359,153,133,-1,0,0,-1
412,3,659,340,189,144,-1,0,0,-1
413,1,778,69,830,449,-1,0,0,-1
413,2,478,359,153,133,-1,0,0,-1
413,3,658,340,189,144,-1,0,0,-1
414,1,778,69,830,449,-1,0,0,-1
414,2,478,359,153,133,-1,0,0,-1
414,3,657,340,189,144,-1,0,0,-1
415,1,778,69,830,449,-1,0,0,-1
415,2,478,359,153,133,-1,0,0,-1
415,3,656,340,189,145,-1,0,0,-1
416,1,778,69,830,449,-1,0,0,-1
416,2,478,359,153,133,-1,0,0,-1
416,3,656,340,188,144,-1,0,0,-1
417,1,778,69,830,449,-1,0,0,-1
417,2,478,359,153,133,-1,0,0,-1
417,3,655,340,189,144,-1,0,0,-1
418,1,778,69,830,449,-1,0,0,-1
418,2,478,359,153,133,-1,0,0,-1
418,3,654,340,188,144,-1,0,0,-1
419,1,778,69,830,449,-1,0,0,-1
419,2,478,359,153,133,-1,0,0,-1
419,3,653,340,188,144,-1,0,0,-1
420,1,778,69,830,449,-1,0,0,-1
420,2,478,359,153,133,-1,0,0,-1
420,3,652,340,188,144,-1,0,0,-1
421,1,778,69,830,449,-1,0,0,-1
421,2,478,359,153,133,-1,0,0,-1
421,3,651,340,188,144,-1,0,0,-1
422,1,778,69,830,449,-1,0,0,-1
422,2,478,359,153,133,-1,0,0,-1
422,3,651,340,188,144,-1,0,0,-1
423,1,778,69,830,449,-1,0,0,-1
423,2,478,359,153,133,-1,0,0,-1
423,3,650,340,188,144,-1,0,0,-1
424,1,778,69,830,449,-1,0,0,-1
424,2,478,359,153,133,-1,0,0,-1
424,3,649,340,189,145,-1,0,0,-1
425,1,778,69,830,449,-1,0,0,-1
425,2,478,359,153,133,-1,0,0,-1
425,3,648,340,188,144,-1,0,0,-1
426,1,778,69,830,449,-1,0,0,-1
426,2,478,359,153,133,-1,0,0,-1
426,3,647,340,188,144,-1,0,0,-1
427,1,778,69,830,449,-1,0,0,-1
427,2,478,359,153,133,-1,0,0,-1
427,3,647,341,188,144,-1,0,0,-1
428,1,778,69,830,449,-1,0,0,-1
428,2,478,359,153,133,-1,0,0,-1
428,3,645,341,188,144,-1,0,0,-1
429,1,778,69,830,449,-1,0,0,-1
429,2,478,359,153,133,-1,0,0,-1
429,3,645,341,188,144,-1,0,0,-1
430,1,778,69,830,449,-1,0,0,-1
430,2,478,359,153,133,-1,0,0,-1
430,3,644,341,188,144,-1,0,0,-1
431,1,778,69,830,449,-1,0,0,-1
431,2,478,359,153,133,-1,0,0,-1
431,3,643,341,188,144,-1,0,0,-1
432,1,778,69,830,449,-1,0,0,-1
432,2,478,359,153,133,-1,0,0,-1
432,3,641,341,189,144,-1,0,0,-1
433,1,778,69,830,449,-1,0,0,-1
433,2,478,359,153,133,-1,0,0,-1
433,3,640,340,189,145,-1,0,0,-1
434,1,778,69,830,449,-1,0,0,-1
434,2,478,359,153,133,-1,0,0,-1
434,3,639,341,189,145,-1,0,0,-1
435,1,778,69,830,449,-1,0,0,-1
435,2,478,359,153,133,-1,0,0,-1
435,3,639,341,188,144,-1,0,0,-1
436,1,778,69,830,449,-1,0,0,-1
436,2,478,359,153,133,-1,0,0,-1
436,3,638,341,189,145,-1,0,0,-1
437,1,778,69,830,449,-1,0,0,-1
437,2,478,359,153,133,-1,0,0,-1
437,3,637,341,189,145,-1,0,0,-1
438,1,778,69,830,449,-1,0,0,-1
438,2,478,359,153,133,-1,0,0,-1
438,3,636,341,189,145,-1,0,0,-1
439,1,778,69,830,449,-1,0,0,-1
439,2,478,359,153,133,-1,0,0,-1
439,3,635,341,189,145,-1,0,0,-1
440,1,778,69,830,449,-1,0,0,-1
440,2,478,359,153,133,-1,0,0,-1
440,3,635,341,188,144,-1,0,0,-1
441,1,778,69,831,449,-1,0,0,-1
441,2,478,359,153,133,-1,0,0,-1
441,3,633,341,189,145,-1,0,0,-1
442,1,778,69,830,449,-1,0,0,-1
442,2,478,359,153,133,-1,0,0,-1
442,3,633,341,188,144,-1,0,0,-1
443,1,778,69,830,449,-1,0,0,-1
443,2,478,359,153,133,-1,0,0,-1
443,3,633,342,188,144,-1,0,0,-1
444,1,771,69,837,449,-1,0,0,-1
444,2,478,359,153,133,-1,0,0,-1
444,3,631,341,189,145,-1,0,0,-1
445,1,771,69,837,449,-1,0,0,-1
445,2,478,359,153,133,-1,0,0,-1
445,3,631,341,189,144,-1,0,0,-1
446,1,771,69,837,449,-1,0,0,-1
446,2,478,359,153,133,-1,0,0,-1
446,3,630,342,188,144,-1,0,0,-1
447,1,771,69,837,449,-1,0,0,-1
447,2,478,359,153,133,-1,0,0,-1
447,3,630,342,188,144,-1,0,0,-1
448,1,771,69,837,449,-1,0,0,-1
448,2,478,359,153,133,-1,0,0,-1
448,3,630,342,187,144,-1,0,0,-1
449,1,771,69,837,449,-1,0,0,-1
449,2,478,359,153,133,-1,0,0,-1
449,3,630,342,187,143,-1,0,0,-1
450,1,771,69,837,449,-1,0,0,-1
450,2,478,359,153,133,-1,0,0,-1
450,3,629,342,187,143,-1,0,0,-1
451,1,771,69,837,449,-1,0,0,-1
451,2,478,359,153,133,-1,0,0,-1
451,3,629,342,187,143,-1,0,0,-1
452,1,771,69,837,449,-1,0,0,-1
452,2,478,359,153,133,-1,0,0,-1
452,3,629,343,186,143,-1,0,0,-1
453,1,771,69,837,449,-1,0,0,-1
453,2,478,359,153,133,-1,0,0,-1
453,3,629,343,186,142,-1,0,0,-1
454,1,771,69,837,449,-1,0,0,-1
454,2,478,359,153,133,-1,0,0,-1
454,3,622,343,184,142,-1,0,0,-1
455,1,771,69,837,449,-1,0,0,-1
455,2,478,359,153,133,-1,0,0,-1
455,3,622,343,184,142,-1,0,0,-1
456,1,771,69,837,449,-1,0,0,-1
456,2,478,359,153,133,-1,0,0,-1
456,3,621,343,184,142,-1,0,0,-1
457,1,771,69,837,449,-1,0,0,-1
457,2,478,359,153,133,-1,0,0,-1
457,3,621,343,184,142,-1,0,0,-1
458,1,771,69,837,449,-1,0,0,-1
458,2,478,359,153,133,-1,0,0,-1
458,3,619,343,184,142,-1,0,0,-1
459,1,771,69,837,449,-1,0,0,-1
459,2,478,359,153,133,-1,0,0,-1
459,3,620,344,183,141,-1,0,0,-1
460,1,771,69,838,449,-1,0,0,-1
460,2,478,359,153,133,-1,0,0,-1
460,3,617,343,185,142,-1,0,0,-1
461,1,771,69,837,449,-1,0,0,-1
461,2,478,359,153,133,-1,0,0,-1
461,3,616,343,184,142,-1,0,0,-1
462,1,771,69,837,449,-1,0,0,-1
462,2,478,359,153,133,-1,0,0,-1
462,3,618,344,181,140,-1,0,0,-1
463,1,771,69,837,449,-1,0,0,-1
463,2,478,359,153,133,-1,0,0,-1
463,3,614,343,185,143,-1,0,0,-1
464,1,771,69,837,449,-1,0,0,-1
464,2,478,359,153,133,-1,0,0,-1
464,3,613,343,184,142,-1,0,0,-1
465,1,771,69,837,449,-1,0,0,-1
465,2,478,359,153,133,-1,0,0,-1
465,3,612,343,185,143,-1,0,0,-1
466,1,771,69,838,449,-1,0,0,-1
466,2,478,359,153,133,-1,0,0,-1
466,3,611,343,185,143,-1,0,0,-1
467,1,771,69,837,449,-1,0,0,-1
467,2,478,359,153,133,-1,0,0,-1
467,3,610,343,185,143,-1,0,0,-1
468,1,771,69,837,449,-1,0,0,-1
468,2,478,359,153,133,-1,0,0,-1
468,3,609,343,185,143,-1,0,0,-1
469,1,771,69,837,449,-1,0,0,-1
469,2,478,359,153,133,-1,0,0,-1
469,3,609,343,185,143,-1,0,0,-1
470,1,771,69,837,449,-1,0,0,-1
470,2,478,359,153,133,-1,0,0,-1
470,3,608,343,185,143,-1,0,0,-1
471,1,771,69,836,449,-1,0,0,-1
471,2,478,359,153,133,-1,0,0,-1
471,3,607,343,185,143,-1,0,0,-1
472,1,771,69,837,449,-1,0,0,-1
472,2,478,359,153,133,-1,0,0,-1
472,3,606,343,185,143,-1,0,0,-1
473,1,771,69,837,449,-1,0,0,-1
473,2,478,359,153,133,-1,0,0,-1
473,3,605,343,185,143,-1,0,0,-1
474,1,771,69,837,449,-1,0,0,-1
474,2,478,359,153,133,-1,0,0,-1
474,3,605,344,184,142,-1,0,0,-1
475,1,771,69,837,449,-1,0,0,-1
475,2,478,359,153,133,-1,0,0,-1
475,3,603,344,185,143,-1,0,0,-1
476,1,772,69,837,449,-1,0,0,-1
476,2,478,359,153,133,-1,0,0,-1
476,3,602,344,185,143,-1,0,0,-1
477,1,771,69,837,449,-1,0,0,-1
477,2,478,359,153,133,-1,0,0,-1
477,3,602,344,185,143,-1,0,0,-1
478,1,771,69,837,449,-1,0,0,-1
478,2,478,359,153,133,-1,0,0,-1
478,3,600,343,185,143,-1,0,0,-1
479,1,771,69,837,449,-1,0,0,-1
479,2,478,359,153,133,-1,0,0,-1
479,3,600,343,185,143,-1,0,0,-1
480,1,771,69,837,449,-1,0,0,-1
480,2,478,359,153,133,-1,0,0,-1
480,3,599,344,185,143,-1,0,0,-1
481,1,771,69,837,449,-1,0,0,-1
481,2,478,359,153,133,-1,0,0,-1
481,3,598,344,185,143,-1,0,0,-1
482,1,771,69,837,449,-1,0,0,-1
482,2,478,359,153,133,-1,0,0,-1
482,3,597,344,185,143,-1,0,0,-1
483,1,771,69,837,449,-1,0,0,-1
483,2,478,359,153,133,-1,0,0,-1
483,3,596,344,185,143,-1,0,0,-1
484,1,771,69,837,449,-1,0,0,-1
484,2,478,359,153,133,-1,0,0,-1
484,3,595,344,185,143,-1,0,0,-1
485,1,771,69,837,449,-1,0,0,-1
485,2,478,359,153,133,-1,0,0,-1
485,3,594,344,186,143,-1,0,0,-1
486,1,771,69,837,449,-1,0,0,-1
486,2,478,359,153,133,-1,0,0,-1
486,3,594,344,186,143,-1,0,0,-1
487,1,771,69,837,449,-1,0,0,-1
487,2,478,359,153,133,-1,0,0,-1
487,3,592,344,186,143,-1,0,0,-1
488,1,771,69,837,449,-1,0,0,-1
488,2,478,359,153,133,-1,0,0,-1
488,3,592,344,186,143,-1,0,0,-1
489,1,771,69,837,449,-1,0,0,-1
489,2,478,359,153,133,-1,0,0,-1
489,3,591,344,186,143,-1,0,0,-1
490,1,771,69,837,449,-1,0,0,-1
490,2,478,359,153,133,-1,0,0,-1
490,3,590,344,186,143,-1,0,0,-1
491,1,771,69,837,449,-1,0,0,-1
491,2,478,359,153,133,-1,0,0,-1
491,3,589,344,186,143,-1,0,0,-1
492,1,771,69,837,449,-1,0,0,-1
492,2,478,359,153,133,-1,0,0,-1
492,3,589,344,185,143,-1,0,0,-1
493,1,771,69,836,449,-1,0,0,-1
493,2,478,359,153,133,-1,0,0,-1
493,3,588,344,186,143,-1,0,0,-1
494,1,771,69,837,449,-1,0,0,-1
494,2,478,359,153,133,-1,0,0,-1
494,3,587,344,186,144,-1,0,0,-1
495,1,771,69,837,449,-1,0,0,-1
495,2,478,359,153,133,-1,0,0,-1
495,3,586,344,186,143,-1,0,0,-1
496,1,771,69,837,449,-1,0,0,-1
496,2,478,359,153,133,-1,0,0,-1
496,3,585,344,186,143,-1,0,0,-1
497,1,770,69,838,449,-1,0,0,-1
497,2,478,359,153,133,-1,0,0,-1
497,3,584,344,187,144,-1,0,0,-1
498,1,771,69,837,449,-1,0,0,-1
498,2,478,359,153,133,-1,0,0,-1
498,3,584,344,186,143,-1,0,0,-1
499,1,771,69,837,449,-1,0,0,-1
499,2,478,359,153,133,-1,0,0,-1
499,3,583,344,186,143,-1,0,0,-1
500,1,771,69,837,449,-1,0,0,-1
500,2,478,359,153,133,-1,0,0,-1
500,3,582,344,186,143,-1,0,0,-1
501,1,771,69,837,449,-1,0,0,-1
501,2,478,359,153,133,-1,0,0,-1
501,3,581,344,186,144,-1,0,0,-1
502,1,771,69,837,449,-1,0,0,-1
502,2,478,359,153,133,-1,0,0,-1
502,3,580,344,186,144,-1,0,0,-1
503,1,771,69,837,449,-1,0,0,-1
503,2,478,359,153,133,-1,0,0,-1
503,3,579,344,186,144,-1,0,0,-1
504,1,771,69,837,449,-1,0,0,-1
504,2,478,359,153,133,-1,0,0,-1
504,3,578,343,187,144,-1,0,0,-1
505,1,771,69,837,449,-1,0,0,-1
505,2,478,359,153,133,-1,0,0,-1
505,3,578,344,186,144,-1,0,0,-1
506,1,771,69,837,449,-1,0,0,-1
506,2,478,359,153,133,-1,0,0,-1
506,3,577,344,186,144,-1,0,0,-1
507,1,771,69,837,449,-1,0,0,-1
507,2,478,359,153,133,-1,0,0,-1
507,3,576,344,187,144,-1,0,0,-1
508,1,771,69,837,449,-1,0,0,-1
508,2,478,359,153,133,-1,0,0,-1
508,3,576,344,186,144,-1,0,0,-1
509,1,771,69,837,449,-1,0,0,-1
509,2,478,359,153,133,-1,0,0,-1
509,3,574,344,187,144,-1,0,0,-1
510,1,771,69,837,449,-1,0,0,-1
510,2,478,359,153,133,-1,0,0,-1
510,3,574,344,186,144,-1,0,0,-1
511,1,771,69,837,449,-1,0,0,-1
511,2,478,359,153,133,-1,0,0,-1
511,3,574,344,186,143,-1,0,0,-1
512,1,771,69,837,449,-1,0,0,-1
512,2,478,359,153,133,-1,0,0,-1
512,3,572,344,187,144,-1,0,0,-1
513,1,771,69,837,449,-1,0,0,-1
513,2,478,359,153,133,-1,0,0,-1
513,3,570,344,188,145,-1,0,0,-1
514,1,771,69,837,449,-1,0,0,-1
514,2,478,359,153,133,-1,0,0,-1
514,3,571,344,187,144,-1,0,0,-1
515,1,771,69,837,449,-1,0,0,-1
515,2,478,359,153,133,-1,0,0,-1
515,3,570,344,187,144,-1,0,0,-1
516,1,771,69,837,449,-1,0,0,-1
516,2,478,359,153,133,-1,0,0,-1
516,3,569,344,187,144,-1,0,0,-1
517,1,776,69,832,449,-1,0,0,-1
517,2,478,359,153,133,-1,0,0,-1
517,3,569,344,187,144,-1,0,0,-1
518,1,776,69,832,449,-1,0,0,-1
518,2,478,359,153,133,-1,0,0,-1
518,3,569,345,186,144,-1,0,0,-1
519,1,777,69,831,449,-1,0,0,-1
519,2,478,359,153,133,-1,0,0,-1
519,3,569,345,186,143,-1,0,0,-1
520,1,776,69,832,449,-1,0,0,-1
520,2,478,359,153,133,-1,0,0,-1
520,3,569,345,186,143,-1,0,0,-1
521,1,776,69,822,449,-1,0,0,-1
521,2,478,359,153,133,-1,0,0,-1
521,3,569,345,185,143,-1,0,0,-1
522,1,776,69,822,449,-1,0,0,-1
522,2,478,359,153,133,-1,0,0,-1
522,3,568,345,185,143,-1,0,0,-1
523,1,776,69,822,449,-1,0,0,-1
523,2,478,359,153,133,-1,0,0,-1
523,3,568,345,185,143,-1,0,0,-1
524,1,776,69,822,449,-1,0,0,-1
524,2,478,359,153,133,-1,0,0,-1
524,3,568,345,185,142,-1,0,0,-1
525,1,776,69,822,449,-1,0,0,-1
525,2,478,359,153,133,-1,0,0,-1
525,3,568,346,184,142,-1,0,0,-1
526,1,776,69,822,449,-1,0,0,-1
526,2,478,359,153,133,-1,0,0,-1
526,3,568,346,184,142,-1,0,0,-1
527,1,776,69,822,449,-1,0,0,-1
527,2,478,359,152,133,-1,0,0,-1
527,3,568,346,184,142,-1,0,0,-1
528,1,776,69,822,449,-1,0,0,-1
528,2,478,359,153,133,-1,0,0,-1
528,3,567,346,183,141,-1,0,0,-1
529,1,776,69,822,449,-1,0,0,-1
529,2,478,359,153,133,-1,0,0,-1
529,3,567,346,183,141,-1,0,0,-1
530,1,776,69,822,449,-1,0,0,-1
530,2,478,359,153,133,-1,0,0,-1
530,3,567,346,183,141,-1,0,0,-1
531,1,776,69,822,449,-1,0,0,-1
531,2,478,359,153,133,-1,0,0,-1
531,3,567,346,182,141,-1,0,0,-1
532,1,776,69,822,449,-1,0,0,-1
532,2,478,359,153,133,-1,0,0,-1
532,3,567,346,182,140,-1,0,0,-1
533,1,776,69,822,449,-1,0,0,-1
533,2,478,359,153,133,-1,0,0,-1
533,3,560,347,185,140,-1,0,0,-1
534,1,776,69,822,449,-1,0,0,-1
534,2,478,359,153,133,-1,0,0,-1
534,3,560,347,185,140,-1,0,0,-1
535,1,776,69,822,449,-1,0,0,-1
535,2,478,359,153,133,-1,0,0,-1
535,3,559,347,185,140,-1,0,0,-1
536,1,776,69,822,449,-1,0,0,-1
536,2,478,359,153,133,-1,0,0,-1
536,3,559,347,184,140,-1,0,0,-1
537,1,776,69,822,449,-1,0,0,-1
537,2,478,359,153,133,-1,0,0,-1
537,3,559,347,184,139,-1,0,0,-1
538,1,776,69,822,449,-1,0,0,-1
538,2,478,359,153,133,-1,0,0,-1
538,3,558,348,184,139,-1,0,0,-1
539,1,776,69,823,449,-1,0,0,-1
539,2,478,359,153,133,-1,0,0,-1
539,3,558,348,183,139,-1,0,0,-1
540,1,776,69,822,449,-1,0,0,-1
540,2,478,359,153,133,-1,0,0,-1
540,3,558,348,183,139,-1,0,0,-1
541,1,776,69,822,449,-1,0,0,-1
541,2,478,359,153,133,-1,0,0,-1
541,3,554,347,185,140,-1,0,0,-1
542,1,776,69,822,449,-1,0,0,-1
542,2,478,359,153,133,-1,0,0,-1
542,3,557,349,182,137,-1,0,0,-1
543,1,776,69,822,449,-1,0,0,-1
543,2,478,359,153,133,-1,0,0,-1
543,3,552,347,185,140,-1,0,0,-1
544,1,776,69,822,449,-1,0,0,-1
544,2,478,359,153,133,-1,0,0,-1
544,3,551,347,185,140,-1,0,0,-1
545,1,776,69,822,449,-1,0,0,-1
545,2,478,359,153,133,-1,0,0,-1
545,3,551,348,185,140,-1,0,0,-1
546,1,776,69,822,449,-1,0,0,-1
546,2,478,359,153,133,-1,0,0,-1
546,3,550,347,185,140,-1,0,0,-1
547,1,776,69,822,449,-1,0,0,-1
547,2,478,359,153,133,-1,0,0,-1
547,3,549,348,185,140,-1,0,0,-1
548,1,776,69,822,449,-1,0,0,-1
548,2,478,359,153,133,-1,0,0,-1
548,3,548,347,185,140,-1,0,0,-1
549,1,776,69,822,449,-1,0,0,-1
549,2,478,359,153,133,-1,0,0,-1
549,3,547,347,186,141,-1,0,0,-1
550,1,776,69,822,449,-1,0,0,-1
550,2,478,359,153,133,-1,0,0,-1
550,3,547,348,185,140,-1,0,0,-1
551,1,776,69,822,449,-1,0,0,-1
551,2,478,359,153,133,-1,0,0,-1
551,3,546,348,185,140,-1,0,0,-1
552,1,776,69,822,449,-1,0,0,-1
552,2,478,359,153,133,-1,0,0,-1
552,3,545,347,186,140,-1,0,0,-1
553,1,776,69,822,449,-1,0,0,-1
553,2,478,359,153,133,-1,0,0,-1
553,3,545,348,177,140,-1,0,0,-1
554,1,776,69,822,449,-1,0,0,-1
554,2,478,359,153,133,-1,0,0,-1
554,3,545,348,177,140,-1,0,0,-1
555,1,776,69,822,449,-1,0,0,-1
555,2,478,359,153,133,-1,0,0,-1
555,3,544,348,177,140,-1,0,0,-1
556,1,776,69,822,449,-1,0,0,-1
556,2,478,359,153,133,-1,0,0,-1
556,3,544,348,176,139,-1,0,0,-1
557,1,776,69,822,449,-1,0,0,-1
557,2,478,359,153,133,-1,0,0,-1
557,3,544,348,176,139,-1,0,0,-1
558,1,776,69,822,449,-1,0,0,-1
558,2,478,359,153,133,-1,0,0,-1
558,3,543,349,176,139,-1,0,0,-1
559,1,776,69,822,449,-1,0,0,-1
559,2,478,359,153,133,-1,0,0,-1
559,3,543,349,175,139,-1,0,0,-1
560,1,776,69,822,449,-1,0,0,-1
560,2,478,359,153,133,-1,0,0,-1
560,3,544,349,174,137,-1,0,0,-1
561,1,776,69,822,449,-1,0,0,-1
561,2,478,359,153,133,-1,0,0,-1
561,3,541,349,176,139,-1,0,0,-1
562,1,776,69,822,449,-1,0,0,-1
562,2,478,359,153,133,-1,0,0,-1
562,3,543,350,172,136,-1,0,0,-1
563,1,776,69,822,449,-1,0,0,-1
563,2,478,359,153,133,-1,0,0,-1
563,3,537,348,177,140,-1,0,0,-1
564,1,776,69,822,449,-1,0,0,-1
564,2,478,359,153,133,-1,0,0,-1
564,3,539,349,175,138,-1,0,0,-1
565,1,776,69,822,449,-1,0,0,-1
565,2,478,359,153,133,-1,0,0,-1
565,3,542,350,170,135,-1,0,0,-1
566,1,776,69,822,449,-1,0,0,-1
566,2,478,359,153,133,-1,0,0,-1
566,3,535,348,178,141,-1,0,0,-1
567,1,776,69,822,449,-1,0,0,-1
567,2,478,359,153,133,-1,0,0,-1
567,3,533,348,178,141,-1,0,0,-1
568,1,776,69,822,449,-1,0,0,-1
568,2,478,359,153,133,-1,0,0,-1
568,3,533,348,178,141,-1,0,0,-1
569,1,776,69,822,449,-1,0,0,-1
569,2,478,359,153,133,-1,0,0,-1
569,3,532,348,178,141,-1,0,0,-1
570,1,776,69,822,449,-1,0,0,-1
570,2,478,359,153,133,-1,0,0,-1
570,3,531,348,178,141,-1,0,0,-1
571,1,776,69,822,449,-1,0,0,-1
571,2,478,359,153,133,-1,0,0,-1
571,3,531,348,178,141,-1,0,0,-1
572,1,776,69,822,449,-1,0,0,-1
572,2,478,359,153,133,-1,0,0,-1
572,3,530,348,178,141,-1,0,0,-1
573,1,776,69,822,449,-1,0,0,-1
573,2,478,359,153,133,-1,0,0,-1
573,3,529,348,178,141,-1,0,0,-1
574,1,776,69,822,449,-1,0,0,-1
574,2,478,359,153,133,-1,0,0,-1
574,3,528,348,178,141,-1,0,0,-1
575,1,776,69,822,449,-1,0,0,-1
575,2,478,359,153,133,-1,0,0,-1
575,3,528,348,178,141,-1,0,0,-1
576,1,776,69,822,449,-1,0,0,-1
576,2,478,359,153,133,-1,0,0,-1
576,3,527,348,178,141,-1,0,0,-1
577,1,776,69,822,449,-1,0,0,-1
577,2,478,359,153,133,-1,0,0,-1
577,3,527,349,178,140,-1,0,0,-1
578,1,776,69,822,449,-1,0,0,-1
578,2,478,359,153,133,-1,0,0,-1
578,3,525,348,178,141,-1,0,0,-1
579,1,776,69,822,449,-1,0,0,-1
579,2,478,359,153,133,-1,0,0,-1
579,3,524,348,179,141,-1,0,0,-1
580,1,776,69,822,449,-1,0,0,-1
580,2,478,359,153,133,-1,0,0,-1
580,3,524,349,178,141,-1,0,0,-1
581,1,776,69,822,449,-1,0,0,-1
581,2,478,359,153,133,-1,0,0,-1
581,3,523,348,178,141,-1,0,0,-1
582,1,776,69,822,449,-1,0,0,-1
582,2,478,359,153,133,-1,0,0,-1
582,3,520,347,182,144,-1,0,0,-1
583,1,776,69,822,449,-1,0,0,-1
583,2,478,359,153,133,-1,0,0,-1
583,3,519,347,181,143,-1,0,0,-1
584,1,776,69,822,449,-1,0,0,-1
584,2,478,359,153,133,-1,0,0,-1
584,3,519,348,181,143,-1,0,0,-1
585,1,776,69,822,449,-1,0,0,-1
585,2,478,359,153,133,-1,0,0,-1
585,3,519,348,181,143,-1,0,0,-1
586,1,776,69,822,449,-1,0,0,-1
586,2,478,359,153,133,-1,0,0,-1
586,3,519,348,181,143,-1,0,0,-1
587,1,776,69,822,449,-1,0,0,-1
587,2,479,362,145,130,-1,0,0,-1
587,3,519,348,180,143,-1,0,0,-1
588,1,776,69,822,449,-1,0,0,-1
588,2,479,362,145,130,-1,0,0,-1
588,3,519,348,180,142,-1,0,0,-1
589,1,776,69,822,449,-1,0,0,-1
589,2,479,362,145,130,-1,0,0,-1
589,3,519,348,180,142,-1,0,0,-1
590,1,776,69,822,449,-1,0,0,-1
590,2,478,362,145,130,-1,0,0,-1
590,3,519,348,180,142,-1,0,0,-1
591,1,776,69,821,449,-1,0,0,-1
591,2,478,362,144,129,-1,0,0,-1
591,3,519,348,179,142,-1,0,0,-1
592,1,776,69,822,449,-1,0,0,-1
592,2,478,362,144,129,-1,0,0,-1
592,3,518,348,179,142,-1,0,0,-1
593,1,776,69,822,449,-1,0,0,-1
593,2,477,362,145,130,-1,0,0,-1
593,3,518,349,179,142,-1,0,0,-1
594,1,776,69,822,449,-1,0,0,-1
594,2,476,362,146,131,-1,0,0,-1
594,3,518,349,179,141,-1,0,0,-1
595,1,776,69,822,449,-1,0,0,-1
595,2,474,361,148,132,-1,0,0,-1
595,3,518,349,178,141,-1,0,0,-1
596,1,776,69,822,449,-1,0,0,-1
596,3,518,349,178,141,-1,0,0,-1
597,1,776,69,822,449,-1,0,0,-1
597,3,518,349,178,141,-1,0,0,-1
598,1,776,69,822,449,-1,0,0,-1
598,3,518,349,178,141,-1,0,0,-1
599,1,776,69,822,449,-1,0,0,-1
599,3,518,349,178,141,-1,0,0,-1
600,1,776,69,822,449,-1,0,0,-1
600,3,518,349,177,140,-1,0,0,-1
601,1,776,69,822,449,-1,0,0,-1
601,3,518,350,177,140,-1,0,0,-1
602,1,776,69,822,449,-1,0,0,-1
602,3,517,350,177,140,-1,0,0,-1
603,1,776,69,822,449,-1,0,0,-1
603,3,517,350,177,140,-1,0,0,-1
604,1,776,69,822,449,-1,0,0,-1
604,3,517,350,176,139,-1,0,0,-1
605,1,776,69,822,449,-1,0,0,-1
605,3,517,350,176,139,-1,0,0,-1
606,1,776,69,822,449,-1,0,0,-1
606,3,517,350,176,139,-1,0,0,-1
607,1,776,69,822,449,-1,0,0,-1
607,3,517,350,176,139,-1,0,0,-1
608,1,776,69,822,449,-1,0,0,-1
608,3,517,350,175,139,-1,0,0,-1
609,1,776,69,822,449,-1,0,0,-1
609,3,517,350,175,139,-1,0,0,-1
610,1,776,69,822,449,-1,0,0,-1
610,3,513,351,167,138,-1,0,0,-1
611,1,776,69,822,449,-1,0,0,-1
611,3,513,351,167,138,-1,0,0,-1
612,1,776,69,822,449,-1,0,0,-1
612,3,513,351,167,138,-1,0,0,-1
613,1,776,69,823,449,-1,0,0,-1
613,3,512,351,166,137,-1,0,0,-1
614,1,776,69,822,449,-1,0,0,-1
614,3,512,351,166,137,-1,0,0,-1
615,1,776,69,822,449,-1,0,0,-1
615,3,512,352,166,137,-1,0,0,-1
616,1,776,69,822,449,-1,0,0,-1
616,3,511,352,166,137,-1,0,0,-1
617,1,776,69,822,449,-1,0,0,-1
617,3,511,352,165,137,-1,0,0,-1
618,1,776,69,821,449,-1,0,0,-1
618,3,508,351,167,138,-1,0,0,-1
619,1,776,69,822,449,-1,0,0,-1
619,3,507,351,167,138,-1,0,0,-1
620,1,776,69,822,449,-1,0,0,-1
620,3,506,351,168,139,-1,0,0,-1
621,1,776,69,822,449,-1,0,0,-1
621,3,506,351,167,138,-1,0,0,-1
622,1,776,69,823,449,-1,0,0,-1
622,3,505,351,168,139,-1,0,0,-1
623,1,776,69,822,449,-1,0,0,-1
623,3,510,350,164,136,-1,0,0,-1
624,1,776,69,822,449,-1,0,0,-1
624,3,510,350,164,136,-1,0,0,-1
625,1,776,69,822,449,-1,0,0,-1
625,3,509,350,164,136,-1,0,0,-1
626,1,776,69,823,449,-1,0,0,-1
626,3,509,350,164,136,-1,0,0,-1
627,1,775,69,823,449,-1,0,0,-1
627,3,509,350,163,135,-1,0,0,-1
628,1,776,69,822,449,-1,0,0,-1
628,3,509,350,163,135,-1,0,0,-1
629,1,776,69,822,449,-1,0,0,-1
629,3,508,351,163,135,-1,0,0,-1
630,1,776,69,822,449,-1,0,0,-1
630,3,507,350,163,135,-1,0,0,-1
631,1,776,69,822,449,-1,0,0,-1
631,3,507,351,163,135,-1,0,0,-1
632,1,776,69,822,449,-1,0,0,-1
632,3,504,350,164,136,-1,0,0,-1
633,1,776,69,822,449,-1,0,0,-1
633,3,507,351,162,134,-1,0,0,-1
634,1,776,69,822,449,-1,0,0,-1
634,3,503,350,164,136,-1,0,0,-1
635,1,776,69,822,449,-1,0,0,-1
635,3,502,350,165,136,-1,0,0,-1
636,1,776,69,822,449,-1,0,0,-1
636,3,502,350,164,136,-1,0,0,-1
637,1,776,69,822,449,-1,0,0,-1
637,3,501,350,164,136,-1,0,0,-1
638,1,776,69,822,449,-1,0,0,-1
638,3,501,350,164,136,-1,0,0,-1
639,1,776,69,822,449,-1,0,0,-1
639,3,500,350,164,136,-1,0,0,-1
640,1,776,69,822,449,-1,0,0,-1
640,3,493,350,171,136,-1,0,0,-1
641,1,776,69,822,449,-1,0,0,-1
641,3,493,350,171,136,-1,0,0,-1
642,1,776,69,822,449,-1,0,0,-1
642,3,493,350,170,136,-1,0,0,-1
643,1,776,69,822,449,-1,0,0,-1
643,3,492,350,170,136,-1,0,0,-1
644,1,776,69,823,449,-1,0,0,-1
644,3,492,351,170,135,-1,0,0,-1
645,1,776,69,822,449,-1,0,0,-1
645,3,492,351,170,135,-1,0,0,-1
646,1,776,69,822,449,-1,0,0,-1
646,3,491,351,170,135,-1,0,0,-1
647,1,776,69,822,449,-1,0,0,-1
647,3,491,351,170,135,-1,0,0,-1
648,1,776,69,822,449,-1,0,0,-1
648,3,490,351,170,135,-1,0,0,-1
649,1,776,69,822,449,-1,0,0,-1
649,3,490,351,170,135,-1,0,0,-1
650,1,775,69,823,450,-1,0,0,-1
650,3,488,350,171,136,-1,0,0,-1
651,1,776,69,823,449,-1,0,0,-1
651,3,490,351,169,134,-1,0,0,-1
652,1,776,69,822,449,-1,0,0,-1
652,3,487,350,171,136,-1,0,0,-1
653,1,776,69,822,449,-1,0,0,-1
653,3,490,351,168,134,-1,0,0,-1
654,1,776,69,822,449,-1,0,0,-1
654,3,487,351,170,135,-1,0,0,-1
655,1,776,69,823,449,-1,0,0,-1
655,3,490,351,166,132,-1,0,0,-1
656,1,776,69,822,449,-1,0,0,-1
656,3,485,350,171,136,-1,0,0,-1
657,1,776,69,822,449,-1,0,0,-1
657,3,484,350,171,136,-1,0,0,-1
658,1,776,69,822,449,-1,0,0,-1
658,3,485,350,170,135,-1,0,0,-1
659,1,776,69,822,449,-1,0,0,-1
659,3,483,350,171,136,-1,0,0,-1
660,1,776,69,822,449,-1,0,0,-1
660,3,483,350,171,136,-1,0,0,-1
661,1,776,69,822,449,-1,0,0,-1
661,3,483,350,171,136,-1,0,0,-1
662,1,776,69,822,449,-1,0,0,-1
662,3,479,352,173,132,-1,0,0,-1
663,1,776,69,822,449,-1,0,0,-1
663,3,479,352,173,132,-1,0,0,-1
664,1,776,69,822,449,-1,0,0,-1
664,3,479,352,173,132,-1,0,0,-1
665,1,776,69,822,449,-1,0,0,-1
665,3,479,352,172,132,-1,0,0,-1
