3,1,0,0.886844,69,222,534,126,-1,-1,-1,-1
3,2,0,0.834124,1668,301,251,193,-1,-1,-1,-1
4,1,0,0.881604,69,223,533,125,-1,-1,-1,-1
4,2,0,0.835847,1669,304,250,192,-1,-1,-1,-1
5,1,0,0.890232,70,224,530,123,-1,-1,-1,-1
5,2,0,0.822658,1665,304,254,192,-1,-1,-1,-1
6,1,0,0.888826,70,224,529,123,-1,-1,-1,-1
6,2,0,0.816951,1666,304,253,191,-1,-1,-1,-1
7,1,0,0.888768,70,224,529,123,-1,-1,-1,-1
7,2,0,0.77866,1659,296,260,199,-1,-1,-1,-1
8,1,0,0.89075,70,224,530,123,-1,-1,-1,-1
8,2,0,0.811078,1650,301,269,194,-1,-1,-1,-1
9,1,0,0.890069,70,224,529,123,-1,-1,-1,-1
9,2,0,0.809848,1648,301,271,194,-1,-1,-1,-1
10,1,0,0.887185,70,224,531,123,-1,-1,-1,-1
10,2,0,0.813331,1647,302,272,192,-1,-1,-1,-1
11,1,0,0.8865,70,224,530,123,-1,-1,-1,-1
11,2,0,0.826548,1648,303,271,191,-1,-1,-1,-1
12,1,0,0.885305,70,224,529,123,-1,-1,-1,-1
12,2,0,0.818699,1650,301,269,193,-1,-1,-1,-1
13,1,0,0.888727,69,224,532,123,-1,-1,-1,-1
13,2,0,0.801089,1651,295,268,200,-1,-1,-1,-1
14,1,0,0.886682,70,223,533,124,-1,-1,-1,-1
14,2,0,0.80884,1651,295,268,201,-1,-1,-1,-1
15,1,0,0.890237,69,223,533,125,-1,-1,-1,-1
15,2,0,0.803285,1651,294,268,202,-1,-1,-1,-1
16,1,0,0.886413,70,224,531,123,-1,-1,-1,-1
16,2,0,0.802138,1650,296,269,200,-1,-1,-1,-1
17,1,0,0.88627,70,224,531,123,-1,-1,-1,-1
17,2,0,0.79297,1648,296,271,199,-1,-1,-1,-1
18,1,0,0.885259,70,224,531,123,-1,-1,-1,-1
18,2,0,0.793129,1649,297,270,198,-1,-1,-1,-1
19,1,0,0.883165,70,224,531,123,-1,-1,-1,-1
19,2,0,0.803249,1648,300,271,194,-1,-1,-1,-1
20,1,0,0.890842,69,224,536,123,-1,-1,-1,-1
20,2,0,0.787541,1650,296,268,199,-1,-1,-1,-1
21,1,0,0.892489,70,224,535,123,-1,-1,-1,-1
21,2,0,0.805105,1650,295,269,201,-1,-1,-1,-1
22,1,0,0.892841,70,223,535,124,-1,-1,-1,-1
22,2,0,0.814327,1648,295,271,201,-1,-1,-1,-1
23,1,0,0.891919,69,223,536,125,-1,-1,-1,-1
23,2,0,0.81885,1647,295,272,201,-1,-1,-1,-1
24,1,0,0.890052,70,223,536,124,-1,-1,-1,-1
24,2,0,0.798799,1643,294,275,201,-1,-1,-1,-1
25,1,0,0.88983,70,223,535,125,-1,-1,-1,-1
25,2,0,0.808204,1641,294,278,201,-1,-1,-1,-1
26,1,0,0.892133,69,223,536,126,-1,-1,-1,-1
26,2,0,0.829032,1640,297,279,198,-1,-1,-1,-1
27,1,0,0.892357,69,224,536,125,-1,-1,-1,-1
27,2,0,0.778166,1640,293,278,202,-1,-1,-1,-1
28,1,0,0.888352,70,224,534,124,-1,-1,-1,-1
28,2,0,0.810188,1636,298,283,197,-1,-1,-1,-1
29,1,0,0.883787,69,224,538,125,-1,-1,-1,-1
29,2,0,0.777469,1638,293,280,201,-1,-1,-1,-1
30,1,0,0.889673,70,225,535,123,-1,-1,-1,-1
30,2,0,0.78864,1639,293,280,202,-1,-1,-1,-1
31,1,0,0.887081,70,225,534,123,-1,-1,-1,-1
31,2,0,0.771529,1638,292,281,203,-1,-1,-1,-1
32,1,0,0.887066,70,225,534,123,-1,-1,-1,-1
32,2,0,0.771017,1638,292,281,203,-1,-1,-1,-1
33,1,0,0.885211,70,225,534,123,-1,-1,-1,-1
33,2,0,0.74229,1637,290,282,205,-1,-1,-1,-1
34,1,0,0.882776,70,225,534,123,-1,-1,-1,-1
34,2,0,0.693157,1632,288,287,207,-1,-1,-1,-1
35,1,0,0.88237,69,224,536,124,-1,-1,-1,-1
35,2,0,0.652417,1632,287,287,207,-1,-1,-1,-1
36,1,0,0.879578,71,225,532,123,-1,-1,-1,-1
36,2,0,0.67144,1631,287,288,207,-1,-1,-1,-1
37,1,0,0.875938,70,225,534,123,-1,-1,-1,-1
37,2,0,0.719314,1628,288,291,207,-1,-1,-1,-1
38,1,0,0.874881,72,224,533,124,-1,-1,-1,-1
38,2,0,0.74915,1627,288,292,207,-1,-1,-1,-1
39,1,0,0.87947,71,223,533,126,-1,-1,-1,-1
39,2,0,0.765284,1626,288,293,207,-1,-1,-1,-1
40,1,0,0.876574,70,223,535,126,-1,-1,-1,-1
40,2,0,0.799486,1624,289,295,206,-1,-1,-1,-1
41,1,0,0.883049,70,223,534,126,-1,-1,-1,-1
41,2,0,0.814308,1622,291,297,204,-1,-1,-1,-1
42,1,0,0.887158,70,223,533,125,-1,-1,-1,-1
42,2,0,0.827257,1620,292,299,202,-1,-1,-1,-1
43,1,0,0.883009,70,224,534,125,-1,-1,-1,-1
43,2,0,0.784922,1618,285,301,209,-1,-1,-1,-1
44,1,0,0.880506,71,225,532,123,-1,-1,-1,-1
44,2,0,0.77152,1616,280,303,214,-1,-1,-1,-1
45,1,0,0.885164,71,224,533,124,-1,-1,-1,-1
45,2,0,0.804795,1614,286,305,209,-1,-1,-1,-1
46,1,0,0.882555,70,223,535,126,-1,-1,-1,-1
46,2,0,0.764062,1614,277,305,218,-1,-1,-1,-1
47,1,0,0.881745,71,223,532,126,-1,-1,-1,-1
47,2,0,0.793719,1611,285,308,210,-1,-1,-1,-1
48,1,0,0.878526,71,223,532,126,-1,-1,-1,-1
48,2,0,0.829795,1608,288,311,207,-1,-1,-1,-1
49,1,0,0.87338,71,224,533,125,-1,-1,-1,-1
49,2,0,0.820148,1605,289,314,206,-1,-1,-1,-1
50,1,0,0.877344,72,224,531,124,-1,-1,-1,-1
50,2,0,0.823101,1604,288,315,206,-1,-1,-1,-1
51,1,0,0.869549,71,223,534,126,-1,-1,-1,-1
51,2,0,0.80365,1601,286,318,209,-1,-1,-1,-1
52,1,0,0.867712,72,224,536,125,-1,-1,-1,-1
52,2,0,0.819238,1599,286,320,209,-1,-1,-1,-1
53,1,0,0.8709,73,225,535,125,-1,-1,-1,-1
53,2,0,0.835667,1597,288,322,207,-1,-1,-1,-1
54,1,0,0.873717,70,224,535,125,-1,-1,-1,-1
54,2,0,0.826005,1596,289,323,205,-1,-1,-1,-1
55,1,0,0.872701,71,223,533,126,-1,-1,-1,-1
55,2,0,0.821445,1593,287,326,208,-1,-1,-1,-1
56,1,0,0.882594,69,222,535,127,-1,-1,-1,-1
56,2,0,0.814989,1591,284,328,210,-1,-1,-1,-1
57,1,0,0.881119,69,222,535,127,-1,-1,-1,-1
57,2,0,0.813353,1590,283,329,212,-1,-1,-1,-1
58,1,0,0.878858,70,223,534,126,-1,-1,-1,-1
58,2,0,0.818224,1586,283,333,212,-1,-1,-1,-1
59,1,0,0.878593,72,225,535,125,-1,-1,-1,-1
59,2,0,0.799854,1583,278,336,216,-1,-1,-1,-1
60,1,0,0.875988,71,224,534,126,-1,-1,-1,-1
60,2,0,0.832489,1582,287,337,208,-1,-1,-1,-1
61,1,0,0.878236,71,224,536,126,-1,-1,-1,-1
61,2,0,0.815711,1581,285,338,209,-1,-1,-1,-1
62,1,0,0.876256,71,224,534,126,-1,-1,-1,-1
62,2,0,0.830047,1578,287,341,207,-1,-1,-1,-1
63,1,0,0.878488,70,223,535,127,-1,-1,-1,-1
63,2,0,0.808101,1576,286,343,208,-1,-1,-1,-1
64,1,0,0.871915,71,224,538,126,-1,-1,-1,-1
64,2,0,0.816601,1572,286,347,208,-1,-1,-1,-1
65,1,0,0.877634,71,224,535,126,-1,-1,-1,-1
65,2,0,0.835572,1572,287,347,207,-1,-1,-1,-1
66,1,0,0.87594,70,223,535,127,-1,-1,-1,-1
66,2,0,0.818448,1571,284,348,210,-1,-1,-1,-1
67,1,0,0.870096,72,223,535,127,-1,-1,-1,-1
67,2,0,0.839077,1569,284,350,210,-1,-1,-1,-1
68,1,0,0.870093,72,223,531,127,-1,-1,-1,-1
68,2,0,0.848232,1567,285,352,208,-1,-1,-1,-1
69,1,0,0.867729,71,223,534,127,-1,-1,-1,-1
69,2,0,0.830028,1567,285,352,208,-1,-1,-1,-1
70,1,0,0.865068,71,224,532,126,-1,-1,-1,-1
70,2,0,0.842918,1563,284,356,209,-1,-1,-1,-1
71,1,0,0.859648,72,224,531,127,-1,-1,-1,-1
71,2,0,0.832461,1558,284,361,210,-1,-1,-1,-1
72,1,0,0.864577,71,224,533,127,-1,-1,-1,-1
72,2,0,0.841599,1554,284,365,210,-1,-1,-1,-1
73,1,0,0.864668,72,225,532,126,-1,-1,-1,-1
73,2,0,0.82437,1553,284,366,209,-1,-1,-1,-1
74,1,0,0.868031,70,224,534,128,-1,-1,-1,-1
74,2,0,0.777138,1552,276,367,217,-1,-1,-1,-1
75,1,0,0.86429,70,225,534,127,-1,-1,-1,-1
75,2,0,0.815893,1547,284,372,210,-1,-1,-1,-1
76,1,0,0.869144,71,225,533,126,-1,-1,-1,-1
76,2,0,0.816758,1546,285,373,210,-1,-1,-1,-1
77,1,0,0.866017,70,225,535,127,-1,-1,-1,-1
77,2,0,0.819519,1544,283,375,211,-1,-1,-1,-1
78,1,0,0.876729,70,225,535,126,-1,-1,-1,-1
78,2,0,0.817881,1543,283,376,211,-1,-1,-1,-1
79,1,0,0.866692,71,225,533,126,-1,-1,-1,-1
79,2,0,0.840761,1537,283,382,211,-1,-1,-1,-1
80,1,0,0.875555,70,224,534,127,-1,-1,-1,-1
80,2,0,0.834526,1534,282,384,212,-1,-1,-1,-1
81,1,0,0.864672,70,224,534,128,-1,-1,-1,-1
81,2,0,0.830925,1532,281,386,213,-1,-1,-1,-1
82,1,0,0.869562,69,224,535,129,-1,-1,-1,-1
82,2,0,0.83485,1527,282,392,213,-1,-1,-1,-1
83,1,0,0.868948,70,224,533,128,-1,-1,-1,-1
83,2,0,0.847361,1525,281,393,214,-1,-1,-1,-1
84,1,0,0.867258,70,224,533,128,-1,-1,-1,-1
84,2,0,0.837282,1523,279,395,217,-1,-1,-1,-1
85,1,0,0.871003,71,225,531,127,-1,-1,-1,-1
85,2,0,0.838921,1519,277,400,219,-1,-1,-1,-1
86,1,0,0.869698,70,224,534,129,-1,-1,-1,-1
86,2,0,0.854847,1516,280,403,214,-1,-1,-1,-1
87,1,0,0.866495,72,225,533,128,-1,-1,-1,-1
87,2,0,0.860879,1513,280,406,214,-1,-1,-1,-1
88,1,0,0.873152,71,224,534,129,-1,-1,-1,-1
88,2,0,0.858731,1513,280,406,213,-1,-1,-1,-1
89,1,0,0.872648,71,224,534,128,-1,-1,-1,-1
89,2,0,0.856289,1513,278,406,217,-1,-1,-1,-1
90,1,0,0.875595,71,224,534,127,-1,-1,-1,-1
90,2,0,0.83744,1513,273,406,221,-1,-1,-1,-1
91,1,0,0.868164,72,225,532,127,-1,-1,-1,-1
91,2,0,0.84983,1511,273,408,221,-1,-1,-1,-1
92,1,0,0.865068,71,224,533,129,-1,-1,-1,-1
92,2,0,0.855833,1510,272,409,222,-1,-1,-1,-1
93,1,0,0.870462,71,224,533,128,-1,-1,-1,-1
93,2,0,0.852904,1509,274,410,222,-1,-1,-1,-1
94,1,0,0.869896,72,225,530,126,-1,-1,-1,-1
94,2,0,0.869177,1507,274,412,222,-1,-1,-1,-1
95,1,0,0.866781,71,225,531,126,-1,-1,-1,-1
95,2,0,0.860331,1505,274,414,222,-1,-1,-1,-1
96,1,0,0.877196,71,225,530,126,-1,-1,-1,-1
96,2,0,0.86697,1501,275,418,219,-1,-1,-1,-1
97,1,0,0.867746,71,225,531,126,-1,-1,-1,-1
97,2,0,0.844538,1498,273,420,221,-1,-1,-1,-1
98,1,0,0.865397,72,225,529,126,-1,-1,-1,-1
98,2,0,0.855633,1496,269,423,226,-1,-1,-1,-1
99,1,0,0.86826,71,225,531,126,-1,-1,-1,-1
99,2,0,0.862054,1493,270,426,225,-1,-1,-1,-1
100,1,0,0.871031,71,225,532,126,-1,-1,-1,-1
100,2,0,0.837959,1492,257,427,239,-1,-1,-1,-1
101,1,0,0.880162,70,224,532,127,-1,-1,-1,-1
101,2,0,0.875136,1487,273,432,222,-1,-1,-1,-1
102,1,0,0.876408,71,224,532,127,-1,-1,-1,-1
102,2,0,0.864496,1486,271,433,223,-1,-1,-1,-1
103,1,0,0.877078,70,224,532,126,-1,-1,-1,-1
103,2,0,0.874536,1482,274,437,219,-1,-1,-1,-1
104,1,0,0.861002,72,224,530,128,-1,-1,-1,-1
104,2,0,0.860546,1482,269,437,224,-1,-1,-1,-1
105,1,0,0.862492,71,223,532,130,-1,-1,-1,-1
105,2,0,0.859594,1478,269,439,226,-1,-1,-1,-1
106,1,0,0.875264,70,223,533,129,-1,-1,-1,-1
106,2,0,0.874179,1475,270,442,225,-1,-1,-1,-1
107,1,0,0.877076,70,223,533,129,-1,-1,-1,-1
107,2,0,0.876947,1473,271,444,223,-1,-1,-1,-1
108,1,0,0.896279,70,223,532,129,-1,-1,-1,-1
108,2,0,0.87571,1471,274,446,219,-1,-1,-1,-1
109,1,0,0.901528,70,223,532,129,-1,-1,-1,-1
109,2,0,0.876794,1473,274,443,218,-1,-1,-1,-1
110,1,0,0.88359,70,223,532,129,-1,-1,-1,-1
110,2,0,0.877376,1471,271,445,221,-1,-1,-1,-1
111,1,0,0.884937,71,224,531,128,-1,-1,-1,-1
111,2,0,0.872555,1469,270,447,223,-1,-1,-1,-1
112,1,0,0.884813,72,225,530,126,-1,-1,-1,-1
112,2,0,0.870524,1466,269,451,225,-1,-1,-1,-1
113,1,0,0.86106,73,224,528,130,-1,-1,-1,-1
113,2,0,0.860424,1462,269,456,224,-1,-1,-1,-1
114,1,0,0.873052,70,223,532,130,-1,-1,-1,-1
114,2,0,0.869684,1462,269,455,224,-1,-1,-1,-1
115,1,0,0.883601,71,223,532,129,-1,-1,-1,-1
115,2,0,0.876355,1459,271,459,222,-1,-1,-1,-1
116,1,0,0.875506,72,223,530,129,-1,-1,-1,-1
116,2,0,0.850579,1455,260,463,232,-1,-1,-1,-1
117,1,0,0.881951,70,223,533,128,-1,-1,-1,-1
117,2,0,0.854545,1451,265,468,227,-1,-1,-1,-1
118,1,0,0.884167,71,223,530,128,-1,-1,-1,-1
118,2,0,0.842697,1449,261,469,230,-1,-1,-1,-1
119,1,0,0.877509,70,223,532,128,-1,-1,-1,-1
119,2,0,0.828956,1448,256,470,236,-1,-1,-1,-1
120,1,0,0.877491,73,224,537,127,-1,-1,-1,-1
120,2,0,0.819538,1446,262,473,231,-1,-1,-1,-1
121,1,0,0.874849,72,223,538,129,-1,-1,-1,-1
121,2,0,0.820549,1443,244,475,246,-1,-1,-1,-1
122,1,0,0.876523,71,222,535,128,-1,-1,-1,-1
122,2,0,0.829108,1438,254,481,241,-1,-1,-1,-1
123,1,0,0.8767,70,221,536,130,-1,-1,-1,-1
123,2,0,0.836681,1436,252,483,242,-1,-1,-1,-1
124,1,0,0.875114,70,221,537,130,-1,-1,-1,-1
124,2,0,0.857992,1434,241,482,250,-1,-1,-1,-1
125,1,0,0.873759,72,224,538,128,-1,-1,-1,-1
125,2,0,0.857504,1432,231,484,260,-1,-1,-1,-1
126,1,0,0.87406,71,224,534,127,-1,-1,-1,-1
126,2,0,0.854528,1428,236,491,257,-1,-1,-1,-1
127,1,0,0.873046,71,224,534,126,-1,-1,-1,-1
127,2,0,0.867236,1425,251,494,242,-1,-1,-1,-1
128,1,0,0.871262,70,223,535,127,-1,-1,-1,-1
128,2,0,0.86716,1424,233,494,260,-1,-1,-1,-1
129,1,0,0.870005,70,222,535,128,-1,-1,-1,-1
129,2,0,0.861747,1422,242,496,253,-1,-1,-1,-1
130,1,0,0.869197,70,222,535,128,-1,-1,-1,-1
130,2,0,0.86149,1420,256,499,236,-1,-1,-1,-1
131,1,0,0.869094,70,222,536,128,-1,-1,-1,-1
131,2,0,0.869009,1419,256,499,235,-1,-1,-1,-1
132,1,0,0.880843,71,222,534,128,-1,-1,-1,-1
132,2,0,0.85586,1416,237,502,256,-1,-1,-1,-1
133,1,0,0.869547,73,223,535,128,-1,-1,-1,-1
133,2,0,0.852722,1413,245,506,248,-1,-1,-1,-1
134,1,0,0.876598,72,223,530,127,-1,-1,-1,-1
134,2,0,0.857852,1412,231,507,262,-1,-1,-1,-1
135,1,0,0.869152,72,223,532,128,-1,-1,-1,-1
135,2,0,0.845583,1409,234,510,260,-1,-1,-1,-1
136,1,0,0.865678,74,224,533,127,-1,-1,-1,-1
136,2,0,0.846143,1408,232,511,262,-1,-1,-1,-1
137,1,0,0.864529,74,225,533,126,-1,-1,-1,-1
137,2,0,0.850087,1404,239,515,256,-1,-1,-1,-1
138,1,0,0.870511,74,224,533,127,-1,-1,-1,-1
138,2,0,0.844233,1402,230,517,266,-1,-1,-1,-1
139,1,0,0.868054,72,224,532,126,-1,-1,-1,-1
139,2,0,0.855166,1396,222,521,274,-1,-1,-1,-1
140,1,0,0.86662,71,224,533,126,-1,-1,-1,-1
140,2,0,0.852571,1394,227,525,271,-1,-1,-1,-1
141,1,0,0.868576,73,225,534,126,-1,-1,-1,-1
141,2,0,0.855839,1392,222,526,275,-1,-1,-1,-1
142,1,0,0.881612,70,223,534,127,-1,-1,-1,-1
142,2,0,0.866862,1390,228,529,270,-1,-1,-1,-1
143,1,0,0.886682,71,223,532,126,-1,-1,-1,-1
143,2,0,0.85624,1387,227,531,271,-1,-1,-1,-1
144,1,0,0.881405,71,223,532,126,-1,-1,-1,-1
144,2,0,0.858011,1384,233,534,266,-1,-1,-1,-1
145,1,0,0.880735,72,223,532,126,-1,-1,-1,-1
145,2,0,0.861178,1382,220,535,276,-1,-1,-1,-1
146,1,0,0.883652,70,223,534,126,-1,-1,-1,-1
146,2,0,0.858255,1375,221,543,277,-1,-1,-1,-1
147,1,0,0.880001,71,224,530,124,-1,-1,-1,-1
147,2,0,0.860028,1379,234,539,262,-1,-1,-1,-1
148,1,0,0.88152,70,224,531,124,-1,-1,-1,-1
148,2,0,0.853782,1373,225,544,274,-1,-1,-1,-1
149,1,0,0.884819,71,223,532,125,-1,-1,-1,-1
149,2,0,0.856118,1368,223,550,275,-1,-1,-1,-1
150,1,0,0.884376,71,222,532,126,-1,-1,-1,-1
150,2,0,0.851246,1367,217,550,280,-1,-1,-1,-1
151,1,0,0.880051,71,222,531,126,-1,-1,-1,-1
151,2,0,0.855134,1362,221,556,278,-1,-1,-1,-1
152,1,0,0.878906,70,222,533,126,-1,-1,-1,-1
152,2,0,0.85246,1361,223,557,276,-1,-1,-1,-1
153,1,0,0.882778,71,222,532,126,-1,-1,-1,-1
153,2,0,0.851331,1359,211,558,285,-1,-1,-1,-1
154,1,0,0.873789,71,222,531,126,-1,-1,-1,-1
154,2,0,0.848559,1356,222,562,275,-1,-1,-1,-1
155,1,0,0.871968,71,222,533,126,-1,-1,-1,-1
155,2,0,0.85508,1354,223,564,275,-1,-1,-1,-1
156,1,0,0.874892,71,222,533,126,-1,-1,-1,-1
156,2,0,0.84424,1352,225,567,274,-1,-1,-1,-1
157,1,0,0.879997,71,222,532,126,-1,-1,-1,-1
157,2,0,0.84423,1351,229,568,270,-1,-1,-1,-1
158,1,0,0.878535,71,221,532,126,-1,-1,-1,-1
158,2,0,0.852313,1349,229,570,268,-1,-1,-1,-1
159,1,0,0.877525,70,222,533,126,-1,-1,-1,-1
159,2,0,0.842271,1348,226,570,271,-1,-1,-1,-1
160,1,0,0.879474,71,222,531,126,-1,-1,-1,-1
160,2,0,0.839813,1345,227,574,273,-1,-1,-1,-1
161,1,0,0.88291,70,221,534,127,-1,-1,-1,-1
161,2,0,0.847275,1341,227,578,273,-1,-1,-1,-1
162,1,0,0.881218,71,222,532,126,-1,-1,-1,-1
162,2,0,0.865543,1338,219,579,283,-1,-1,-1,-1
163,1,0,0.877042,70,221,534,128,-1,-1,-1,-1
163,2,0,0.865993,1338,214,579,288,-1,-1,-1,-1
164,1,0,0.873083,71,222,532,127,-1,-1,-1,-1
164,2,0,0.868716,1334,217,584,286,-1,-1,-1,-1
165,1,0,0.877882,72,223,533,126,-1,-1,-1,-1
165,2,0,0.862972,1332,222,586,282,-1,-1,-1,-1
166,1,0,0.880235,70,222,532,126,-1,-1,-1,-1
166,2,0,0.879665,1329,227,589,277,-1,-1,-1,-1
167,1,0,0.885022,70,222,531,126,-1,-1,-1,-1
167,2,0,0.878747,1328,219,589,286,-1,-1,-1,-1
168,1,0,0.888297,69,221,533,127,-1,-1,-1,-1
168,2,0,0.877388,1325,218,593,288,-1,-1,-1,-1
169,1,0,0.887311,70,222,531,126,-1,-1,-1,-1
169,2,0,0.870358,1325,215,592,290,-1,-1,-1,-1
170,1,0,0.882816,73,221,528,128,-1,-1,-1,-1
170,2,0,0.879333,1322,213,595,294,-1,-1,-1,-1
171,1,0,0.890216,73,221,528,129,-1,-1,-1,-1
171,2,0,0.86479,1318,212,600,296,-1,-1,-1,-1
172,1,0,0.894606,73,221,527,129,-1,-1,-1,-1
172,2,0,0.867579,1316,213,602,296,-1,-1,-1,-1
173,1,0,0.886783,71,222,530,128,-1,-1,-1,-1
173,2,0,0.87214,1313,212,604,296,-1,-1,-1,-1
174,1,0,0.887961,72,222,528,128,-1,-1,-1,-1
174,2,0,0.868746,1313,211,603,298,-1,-1,-1,-1
175,1,0,0.890583,73,222,526,128,-1,-1,-1,-1
175,2,0,0.863892,1310,209,607,300,-1,-1,-1,-1
176,1,0,0.88312,72,223,530,126,-1,-1,-1,-1
176,2,0,0.85684,1307,210,610,299,-1,-1,-1,-1
177,1,0,0.879678,73,224,529,125,-1,-1,-1,-1
177,2,0,0.862022,1303,212,614,297,-1,-1,-1,-1
178,1,0,0.887252,73,223,529,126,-1,-1,-1,-1
178,2,0,0.859751,1303,212,613,297,-1,-1,-1,-1
179,1,0,0.883001,73,222,529,128,-1,-1,-1,-1
179,2,0,0.85803,1300,205,616,303,-1,-1,-1,-1
180,1,0,0.887001,73,223,529,127,-1,-1,-1,-1
180,2,0,0.858981,1297,208,620,301,-1,-1,-1,-1
181,1,0,0.888602,74,224,527,125,-1,-1,-1,-1
181,2,0,0.863815,1295,210,622,297,-1,-1,-1,-1
182,1,0,0.882912,74,224,527,125,-1,-1,-1,-1
182,2,0,0.862096,1293,207,624,301,-1,-1,-1,-1
183,1,0,0.885548,73,224,527,125,-1,-1,-1,-1
183,2,0,0.858709,1290,203,627,305,-1,-1,-1,-1
184,1,0,0.887538,73,224,527,125,-1,-1,-1,-1
184,2,0,0.855322,1288,200,630,307,-1,-1,-1,-1
185,1,0,0.883806,74,224,525,125,-1,-1,-1,-1
185,2,0,0.856059,1284,196,634,311,-1,-1,-1,-1
186,1,0,0.881247,73,224,527,125,-1,-1,-1,-1
186,2,0,0.854849,1281,196,638,311,-1,-1,-1,-1
187,1,0,0.876524,76,224,528,126,-1,-1,-1,-1
187,2,0,0.855242,1279,195,640,312,-1,-1,-1,-1
188,1,0,0.881819,75,224,530,127,-1,-1,-1,-1
188,2,0,0.853101,1278,193,640,314,-1,-1,-1,-1
189,1,0,0.877579,75,224,529,126,-1,-1,-1,-1
189,2,0,0.859242,1274,193,645,315,-1,-1,-1,-1
190,1,0,0.874918,74,223,528,127,-1,-1,-1,-1
190,2,0,0.860738,1271,196,648,311,-1,-1,-1,-1
191,1,0,0.877581,72,222,529,128,-1,-1,-1,-1
191,2,0,0.86274,1271,194,647,313,-1,-1,-1,-1
192,1,0,0.868008,73,223,529,127,-1,-1,-1,-1
192,2,0,0.859661,1269,194,650,312,-1,-1,-1,-1
193,1,0,0.873016,73,224,527,125,-1,-1,-1,-1
193,2,0,0.860772,1266,196,653,310,-1,-1,-1,-1
194,1,0,0.871989,73,223,526,127,-1,-1,-1,-1
194,2,0,0.868069,1264,199,655,306,-1,-1,-1,-1
195,1,0,0.868719,71,223,530,127,-1,-1,-1,-1
195,2,0,0.868574,1262,199,656,306,-1,-1,-1,-1
196,1,0,0.877077,72,224,528,125,-1,-1,-1,-1
196,2,0,0.870665,1261,198,657,307,-1,-1,-1,-1
197,1,0,0.87206,72,224,528,125,-1,-1,-1,-1
197,2,0,0.8535,1257,200,662,306,-1,-1,-1,-1
198,1,0,0.873675,72,223,527,126,-1,-1,-1,-1
198,2,0,0.853903,1255,202,664,304,-1,-1,-1,-1
199,1,0,0.86575,71,223,528,126,-1,-1,-1,-1
199,2,0,0.831979,1253,202,666,302,-1,-1,-1,-1
200,1,0,0.866853,73,223,526,126,-1,-1,-1,-1
200,2,0,0.8338,1250,203,669,301,-1,-1,-1,-1
201,1,0,0.870277,71,223,531,126,-1,-1,-1,-1
201,2,0,0.840931,1249,202,668,302,-1,-1,-1,-1
202,1,0,0.873499,72,224,529,124,-1,-1,-1,-1
202,2,0,0.840359,1245,202,673,302,-1,-1,-1,-1
203,1,0,0.86509,73,224,528,125,-1,-1,-1,-1
203,2,0,0.838416,1246,203,671,302,-1,-1,-1,-1
204,1,0,0.864745,72,223,528,126,-1,-1,-1,-1
204,2,0,0.854825,1243,202,674,303,-1,-1,-1,-1
205,1,0,0.862751,73,223,528,126,-1,-1,-1,-1
205,2,0,0.851252,1240,201,677,303,-1,-1,-1,-1
206,1,0,0.856432,73,223,529,127,-1,-1,-1,-1
206,2,0,0.841634,1238,199,678,305,-1,-1,-1,-1
207,1,0,0.856562,73,223,528,127,-1,-1,-1,-1
207,2,0,0.848725,1236,201,682,302,-1,-1,-1,-1
208,1,0,0.854379,74,224,526,126,-1,-1,-1,-1
208,2,0,0.844659,1234,204,684,299,-1,-1,-1,-1
209,1,0,0.858542,73,223,527,126,-1,-1,-1,-1
209,2,0,0.849683,1233,205,685,297,-1,-1,-1,-1
210,1,0,0.858808,73,224,529,124,-1,-1,-1,-1
210,2,0,0.852183,1230,206,689,296,-1,-1,-1,-1
211,1,0,0.852897,74,224,528,125,-1,-1,-1,-1
211,2,0,0.852315,1229,206,689,295,-1,-1,-1,-1
212,1,0,0.85384,74,224,529,126,-1,-1,-1,-1
212,2,0,0.844141,1229,203,688,298,-1,-1,-1,-1
213,1,0,0.857159,72,223,532,127,-1,-1,-1,-1
213,2,0,0.849221,1224,208,695,293,-1,-1,-1,-1
214,1,0,0.859977,75,224,530,126,-1,-1,-1,-1
214,2,0,0.840752,1224,208,694,292,-1,-1,-1,-1
215,1,0,0.853476,75,225,531,126,-1,-1,-1,-1
215,2,0,0.842681,1221,210,698,290,-1,-1,-1,-1
216,1,0,0.861046,75,225,531,126,-1,-1,-1,-1
216,2,0,0.845481,1217,208,702,292,-1,-1,-1,-1
217,1,0,0.866489,73,224,531,126,-1,-1,-1,-1
217,2,0,0.859858,1216,210,703,291,-1,-1,-1,-1
218,1,0,0.857196,73,224,534,126,-1,-1,-1,-1
218,2,0,0.854582,1214,207,705,294,-1,-1,-1,-1
219,1,0,0.865828,73,223,532,126,-1,-1,-1,-1
219,2,0,0.860388,1211,208,708,294,-1,-1,-1,-1
220,1,0,0.878057,74,223,536,126,-1,-1,-1,-1
220,2,0,0.855606,1210,209,708,293,-1,-1,-1,-1
221,1,0,0.878546,73,223,538,127,-1,-1,-1,-1
221,2,0,0.860447,1209,203,710,303,-1,-1,-1,-1
222,1,0,0.870803,74,223,537,127,-1,-1,-1,-1
222,2,0,0.853481,1205,207,714,297,-1,-1,-1,-1
223,1,0,0.874724,73,223,538,126,-1,-1,-1,-1
223,2,0,0.852123,1203,210,716,294,-1,-1,-1,-1
224,1,0,0.877902,73,224,537,125,-1,-1,-1,-1
224,2,0,0.847477,1204,211,715,293,-1,-1,-1,-1
225,1,0,0.875435,72,223,536,126,-1,-1,-1,-1
225,2,0,0.849942,1201,211,718,293,-1,-1,-1,-1
226,1,0,0.882329,72,224,538,126,-1,-1,-1,-1
226,2,0,0.8542,1198,206,721,297,-1,-1,-1,-1
227,1,0,0.88308,72,224,534,125,-1,-1,-1,-1
227,2,0,0.854747,1196,207,723,296,-1,-1,-1,-1
228,1,0,0.883044,72,223,533,125,-1,-1,-1,-1
228,2,0,0.853576,1193,208,726,295,-1,-1,-1,-1
229,1,0,0.879816,71,222,535,126,-1,-1,-1,-1
229,2,0,0.847196,1191,213,728,290,-1,-1,-1,-1
230,1,0,0.87788,70,223,536,126,-1,-1,-1,-1
230,2,0,0.847656,1190,210,729,293,-1,-1,-1,-1
231,1,0,0.880208,71,223,533,125,-1,-1,-1,-1
231,2,0,0.846378,1188,206,731,297,-1,-1,-1,-1
232,1,0,0.876051,71,223,534,126,-1,-1,-1,-1
232,2,0,0.848221,1185,205,734,298,-1,-1,-1,-1
233,1,0,0.877225,72,224,532,124,-1,-1,-1,-1
233,2,0,0.844295,1182,207,737,296,-1,-1,-1,-1
234,1,0,0.88301,71,223,533,125,-1,-1,-1,-1
234,2,0,0.854975,1181,209,738,293,-1,-1,-1,-1
235,1,0,0.883357,71,222,533,127,-1,-1,-1,-1
235,2,0,0.855435,1179,208,740,294,-1,-1,-1,-1
236,1,0,0.883973,71,222,533,127,-1,-1,-1,-1
236,2,0,0.854775,1175,207,744,295,-1,-1,-1,-1
237,1,0,0.883421,71,223,533,126,-1,-1,-1,-1
237,2,0,0.851527,1174,210,745,292,-1,-1,-1,-1
238,1,0,0.884919,72,223,531,125,-1,-1,-1,-1
238,2,0,0.840552,1172,208,747,293,-1,-1,-1,-1
239,1,0,0.883152,71,223,533,125,-1,-1,-1,-1
239,2,0,0.846402,1169,207,750,293,-1,-1,-1,-1
240,1,0,0.882807,71,223,534,125,-1,-1,-1,-1
240,2,0,0.84648,1168,205,751,295,-1,-1,-1,-1
241,1,0,0.885051,71,224,533,123,-1,-1,-1,-1
241,2,0,0.839681,1165,203,754,298,-1,-1,-1,-1
242,1,0,0.886798,71,223,533,124,-1,-1,-1,-1
242,2,0,0.832899,1162,197,757,304,-1,-1,-1,-1
243,1,0,0.881346,70,223,534,125,-1,-1,-1,-1
243,2,0,0.830867,1161,203,758,296,-1,-1,-1,-1
244,1,0,0.881321,71,224,533,123,-1,-1,-1,-1
244,2,0,0.821953,1159,197,760,303,-1,-1,-1,-1
245,1,0,0.882755,71,224,532,123,-1,-1,-1,-1
245,2,0,0.783295,1155,199,764,301,-1,-1,-1,-1
246,1,0,0.87991,71,224,531,123,-1,-1,-1,-1
246,2,0,0.777529,1155,191,764,308,-1,-1,-1,-1
247,1,0,0.887267,70,223,533,124,-1,-1,-1,-1
247,2,0,0.743888,1152,193,767,308,-1,-1,-1,-1
248,1,0,0.887022,69,223,535,125,-1,-1,-1,-1
248,2,0,0.72076,1150,188,769,313,-1,-1,-1,-1
249,1,0,0.885172,70,224,532,123,-1,-1,-1,-1
249,2,0,0.756393,1148,183,771,316,-1,-1,-1,-1
250,1,0,0.886525,70,223,534,124,-1,-1,-1,-1
250,2,0,0.752592,1146,188,773,311,-1,-1,-1,-1
251,1,0,0.887575,69,222,537,126,-1,-1,-1,-1
251,2,0,0.764757,1144,192,775,308,-1,-1,-1,-1
252,1,0,0.890299,69,222,537,126,-1,-1,-1,-1
252,2,0,0.82641,1142,186,777,316,-1,-1,-1,-1
253,1,0,0.886041,69,222,537,126,-1,-1,-1,-1
253,2,0,0.807065,1140,195,779,307,-1,-1,-1,-1
254,1,0,0.887627,70,223,537,125,-1,-1,-1,-1
254,2,0,0.841672,1138,195,781,308,-1,-1,-1,-1
255,1,0,0.886935,71,224,535,123,-1,-1,-1,-1
255,2,0,0.852919,1135,189,784,314,-1,-1,-1,-1
256,1,0,0.887391,71,223,535,124,-1,-1,-1,-1
256,2,0,0.848993,1133,195,786,307,-1,-1,-1,-1
257,1,0,0.890433,70,223,537,125,-1,-1,-1,-1
257,2,0,0.84052,1133,195,786,307,-1,-1,-1,-1
258,1,0,0.889139,71,224,535,123,-1,-1,-1,-1
258,2,0,0.852988,1129,197,790,305,-1,-1,-1,-1
259,1,0,0.892089,70,223,536,124,-1,-1,-1,-1
259,2,0,0.865839,1127,192,792,308,-1,-1,-1,-1
260,1,0,0.890968,70,222,535,126,-1,-1,-1,-1
260,2,0,0.862325,1126,195,793,305,-1,-1,-1,-1
261,1,0,0.888688,69,222,535,126,-1,-1,-1,-1
261,2,0,0.863009,1123,196,796,305,-1,-1,-1,-1
262,1,0,0.887353,69,222,536,126,-1,-1,-1,-1
262,2,0,0.878045,1119,197,800,303,-1,-1,-1,-1
263,1,0,0.88913,69,222,535,126,-1,-1,-1,-1
263,2,0,0.878027,1117,191,802,309,-1,-1,-1,-1
264,1,0,0.890757,69,223,535,125,-1,-1,-1,-1
264,2,0,0.875836,1115,200,804,300,-1,-1,-1,-1
265,1,0,0.887345,70,224,534,123,-1,-1,-1,-1
265,2,0,0.881093,1113,200,805,300,-1,-1,-1,-1
266,1,0,0.886743,70,224,533,123,-1,-1,-1,-1
266,2,0,0.884357,1110,193,808,307,-1,-1,-1,-1
267,1,0,0.890383,70,223,533,125,-1,-1,-1,-1
267,2,0,0.884977,1107,191,811,309,-1,-1,-1,-1
268,1,0,0.888644,69,223,535,125,-1,-1,-1,-1
268,2,0,0.875913,1105,197,814,303,-1,-1,-1,-1
269,1,0,0.887907,70,224,533,123,-1,-1,-1,-1
269,2,0,0.878504,1104,198,814,301,-1,-1,-1,-1
270,1,0,0.8862,70,224,532,123,-1,-1,-1,-1
270,2,0,0.871066,1101,198,818,301,-1,-1,-1,-1
271,1,0,0.888526,70,224,532,123,-1,-1,-1,-1
271,2,0,0.874174,1100,185,818,315,-1,-1,-1,-1
272,1,0,0.884227,70,224,532,123,-1,-1,-1,-1
272,2,0,0.877736,1097,187,822,314,-1,-1,-1,-1
273,1,0,0.89101,70,224,532,123,-1,-1,-1,-1
273,2,0,0.884797,1096,181,822,321,-1,-1,-1,-1
274,1,0,0.885697,70,224,531,123,-1,-1,-1,-1
274,2,0,0.882665,1092,181,827,321,-1,-1,-1,-1
275,1,0,0.888547,69,224,534,123,-1,-1,-1,-1
275,2,0,0.88454,1090,182,829,320,-1,-1,-1,-1
276,1,0,0.887882,70,224,530,123,-1,-1,-1,-1
276,2,0,0.882889,1089,180,829,322,-1,-1,-1,-1
277,1,0,0.891249,70,224,529,123,-1,-1,-1,-1
277,2,0,0.885261,1087,178,832,323,-1,-1,-1,-1
278,1,0,0.8883,69,225,530,123,-1,-1,-1,-1
278,2,0,0.880794,1084,181,835,320,-1,-1,-1,-1
279,1,0,0.876758,70,226,528,121,-1,-1,-1,-1
279,2,0,0.876721,1080,181,839,319,-1,-1,-1,-1
280,1,0,0.883929,70,226,527,121,-1,-1,-1,-1
280,2,0,0.880904,1078,181,841,319,-1,-1,-1,-1
281,1,0,0.880733,70,226,527,121,-1,-1,-1,-1
281,2,0,0.878752,1076,179,843,320,-1,-1,-1,-1
282,1,0,0.883982,70,225,527,122,-1,-1,-1,-1
282,2,0,0.879443,1075,185,844,314,-1,-1,-1,-1
283,1,0,0.883471,70,225,527,122,-1,-1,-1,-1
283,2,0,0.870833,1072,187,847,312,-1,-1,-1,-1
284,1,0,0.887313,70,225,527,122,-1,-1,-1,-1
284,2,0,0.872236,1069,179,850,319,-1,-1,-1,-1
285,1,0,0.887706,70,225,527,122,-1,-1,-1,-1
285,2,0,0.883364,1067,175,852,323,-1,-1,-1,-1
286,1,0,0.887594,69,225,529,122,-1,-1,-1,-1
286,2,0,0.877609,1064,181,855,316,-1,-1,-1,-1
287,1,0,0.885251,70,225,528,122,-1,-1,-1,-1
287,2,0,0.882064,1063,181,856,316,-1,-1,-1,-1
288,1,0,0.889657,69,225,530,122,-1,-1,-1,-1
288,2,0,0.868489,1060,177,859,320,-1,-1,-1,-1
289,1,0,0.886319,70,225,530,122,-1,-1,-1,-1
289,2,0,0.871827,1056,182,863,315,-1,-1,-1,-1
290,1,0,0.885354,70,225,531,122,-1,-1,-1,-1
290,2,0,0.872324,1055,179,864,318,-1,-1,-1,-1
291,1,0,0.883763,70,225,530,122,-1,-1,-1,-1
291,2,0,0.867178,1054,175,865,321,-1,-1,-1,-1
292,1,0,0.883891,69,225,531,122,-1,-1,-1,-1
292,2,0,0.848805,1049,174,870,322,-1,-1,-1,-1
293,1,0,0.885479,71,225,528,122,-1,-1,-1,-1
293,2,0,0.839852,1046,173,873,323,-1,-1,-1,-1
294,1,0,0.885102,70,225,529,122,-1,-1,-1,-1
294,2,0,0.852898,1042,172,877,324,-1,-1,-1,-1
295,1,0,0.886507,71,225,527,122,-1,-1,-1,-1
295,2,0,0.864656,1040,173,879,322,-1,-1,-1,-1
296,1,0,0.885014,71,224,527,123,-1,-1,-1,-1
296,2,0,0.8644,1040,174,879,322,-1,-1,-1,-1
297,1,0,0.884542,70,224,531,124,-1,-1,-1,-1
297,2,0,0.866304,1037,170,882,326,-1,-1,-1,-1
298,1,0,0.884424,71,225,528,123,-1,-1,-1,-1
298,2,0,0.88052,1033,164,886,334,-1,-1,-1,-1
299,1,0,0.887267,70,225,529,122,-1,-1,-1,-1
299,2,0,0.8832,1033,160,886,339,-1,-1,-1,-1
300,1,0,0.88873,70,225,530,122,-1,-1,-1,-1
300,2,0,0.878553,1030,166,889,333,-1,-1,-1,-1
301,1,0,0.892828,70,225,531,122,-1,-1,-1,-1
301,2,0,0.883722,1027,166,892,333,-1,-1,-1,-1
302,1,0,0.893663,70,224,529,123,-1,-1,-1,-1
302,2,0,0.888604,1025,166,894,333,-1,-1,-1,-1
303,1,0,0.892326,69,223,532,125,-1,-1,-1,-1
303,2,0,0.889671,1021,166,898,335,-1,-1,-1,-1
304,1,0,0.888273,69,223,531,125,-1,-1,-1,-1
304,2,0,0.887249,1024,162,895,339,-1,-1,-1,-1
305,1,0,0.889888,70,223,530,124,-1,-1,-1,-1
305,2,0,0.888813,1018,166,901,333,-1,-1,-1,-1
306,1,0,0.899509,69,223,531,125,-1,-1,-1,-1
306,2,0,0.884451,1015,168,904,331,-1,-1,-1,-1
307,1,0,0.894527,69,223,532,125,-1,-1,-1,-1
307,2,0,0.883177,1016,161,903,338,-1,-1,-1,-1
308,1,0,0.900707,69,223,532,125,-1,-1,-1,-1
308,2,0,0.885907,1012,166,907,332,-1,-1,-1,-1
309,1,0,0.901705,69,224,533,124,-1,-1,-1,-1
309,2,0,0.886429,1011,159,908,338,-1,-1,-1,-1
310,1,0,0.906699,70,225,530,122,-1,-1,-1,-1
310,2,0,0.881503,1007,163,912,334,-1,-1,-1,-1
311,1,0,0.907838,70,224,530,123,-1,-1,-1,-1
311,2,0,0.885893,1005,160,914,337,-1,-1,-1,-1
312,1,0,0.912232,69,224,531,124,-1,-1,-1,-1
312,2,0,0.882981,1005,157,914,341,-1,-1,-1,-1
313,1,0,0.899383,70,225,529,122,-1,-1,-1,-1
313,2,0,0.883522,1002,155,917,344,-1,-1,-1,-1
314,1,0,0.889911,70,225,528,122,-1,-1,-1,-1
314,2,0,0.884888,998,155,921,344,-1,-1,-1,-1
315,1,0,0.903856,70,225,529,122,-1,-1,-1,-1
315,2,0,0.886629,995,155,924,344,-1,-1,-1,-1
316,1,0,0.896716,70,224,530,123,-1,-1,-1,-1
316,2,0,0.88515,995,155,924,342,-1,-1,-1,-1
317,1,0,0.899494,69,223,532,125,-1,-1,-1,-1
317,2,0,0.886239,993,148,926,349,-1,-1,-1,-1
318,1,0,0.908019,69,223,532,125,-1,-1,-1,-1
318,2,0,0.888628,990,150,929,344,-1,-1,-1,-1
319,1,0,0.899674,69,223,533,125,-1,-1,-1,-1
319,2,0,0.885639,990,151,929,345,-1,-1,-1,-1
320,1,0,0.892583,69,223,534,125,-1,-1,-1,-1
320,2,0,0.888299,986,157,933,339,-1,-1,-1,-1
321,1,0,0.901586,69,223,535,125,-1,-1,-1,-1
321,2,0,0.888468,985,148,934,349,-1,-1,-1,-1
322,1,0,0.899599,70,223,533,125,-1,-1,-1,-1
322,2,0,0.88615,982,148,937,349,-1,-1,-1,-1
323,1,0,0.894715,69,223,534,125,-1,-1,-1,-1
323,2,0,0.885442,981,151,938,346,-1,-1,-1,-1
324,1,0,0.905246,69,224,534,124,-1,-1,-1,-1
324,2,0,0.883986,980,148,939,347,-1,-1,-1,-1
325,1,0,0.907195,70,224,532,123,-1,-1,-1,-1
325,2,0,0.88699,977,144,942,350,-1,-1,-1,-1
326,1,0,0.894203,69,224,533,124,-1,-1,-1,-1
326,2,0,0.888555,976,146,943,349,-1,-1,-1,-1
327,1,0,0.897693,70,225,531,122,-1,-1,-1,-1
327,2,0,0.887229,974,141,945,355,-1,-1,-1,-1
328,1,0,0.898906,70,225,531,122,-1,-1,-1,-1
328,2,0,0.889333,971,139,948,356,-1,-1,-1,-1
329,1,0,0.902627,70,225,531,122,-1,-1,-1,-1
329,2,0,0.888702,970,140,949,355,-1,-1,-1,-1
330,1,0,0.907013,70,225,530,122,-1,-1,-1,-1
330,2,0,0.888774,968,138,951,356,-1,-1,-1,-1
331,1,0,0.900616,70,225,531,122,-1,-1,-1,-1
331,2,0,0.890243,963,139,956,354,-1,-1,-1,-1
332,1,0,0.892541,70,225,531,122,-1,-1,-1,-1
332,2,0,0.89207,963,137,956,355,-1,-1,-1,-1
333,1,0,0.890311,70,225,530,122,-1,-1,-1,-1
333,2,0,0.882741,961,135,958,358,-1,-1,-1,-1
334,1,0,0.893462,70,224,531,123,-1,-1,-1,-1
334,2,0,0.889345,957,134,962,359,-1,-1,-1,-1
335,1,0,0.892464,69,223,533,125,-1,-1,-1,-1
335,2,0,0.87537,957,135,962,357,-1,-1,-1,-1
336,1,0,0.891953,69,224,532,124,-1,-1,-1,-1
336,2,0,0.87175,961,130,958,364,-1,-1,-1,-1
337,1,0,0.892111,70,225,530,122,-1,-1,-1,-1
337,2,0,0.867071,952,129,967,364,-1,-1,-1,-1
338,1,0,0.890766,70,225,529,122,-1,-1,-1,-1
338,2,0,0.882942,952,125,967,369,-1,-1,-1,-1
339,1,0,0.892211,69,225,531,122,-1,-1,-1,-1
339,2,0,0.883591,948,132,971,361,-1,-1,-1,-1
340,1,0,0.899199,70,225,530,122,-1,-1,-1,-1
340,2,0,0.892859,944,132,975,360,-1,-1,-1,-1
341,1,0,0.902537,70,225,530,122,-1,-1,-1,-1
341,2,0,0.892711,944,137,975,355,-1,-1,-1,-1
342,1,0,0.908417,69,225,531,122,-1,-1,-1,-1
342,2,0,0.893403,942,134,977,359,-1,-1,-1,-1
343,1,0,0.915148,70,224,530,123,-1,-1,-1,-1
343,2,0,0.894109,939,134,980,359,-1,-1,-1,-1
344,1,0,0.909345,69,224,532,124,-1,-1,-1,-1
344,2,0,0.896152,938,135,981,359,-1,-1,-1,-1
345,1,0,0.911621,70,224,531,123,-1,-1,-1,-1
345,2,0,0.897369,937,126,982,368,-1,-1,-1,-1
346,1,0,0.913816,69,224,533,124,-1,-1,-1,-1
346,2,0,0.892883,934,128,985,366,-1,-1,-1,-1
347,1,0,0.904998,70,224,531,123,-1,-1,-1,-1
347,2,0,0.892709,934,124,985,371,-1,-1,-1,-1
348,1,0,0.906544,69,223,532,125,-1,-1,-1,-1
348,2,0,0.893405,931,126,988,369,-1,-1,-1,-1
349,1,0,0.905287,69,224,533,124,-1,-1,-1,-1
349,2,0,0.890426,932,126,987,370,-1,-1,-1,-1
350,1,0,0.914302,70,225,531,122,-1,-1,-1,-1
350,2,0,0.888349,929,127,990,369,-1,-1,-1,-1
351,1,0,0.920902,70,224,532,123,-1,-1,-1,-1
351,2,0,0.889278,927,123,992,372,-1,-1,-1,-1
352,1,0,0.919319,69,224,533,124,-1,-1,-1,-1
352,2,0,0.889091,925,121,994,374,-1,-1,-1,-1
353,1,0,0.921579,70,224,531,123,-1,-1,-1,-1
353,2,0,0.888681,923,122,996,374,-1,-1,-1,-1
354,1,0,0.916112,69,223,533,125,-1,-1,-1,-1
354,2,0,0.88749,921,123,998,372,-1,-1,-1,-1
355,1,0,0.914802,69,223,533,125,-1,-1,-1,-1
355,2,0,0.889635,919,124,1000,371,-1,-1,-1,-1
356,1,0,0.918257,69,223,533,125,-1,-1,-1,-1
356,2,0,0.886957,916,127,1003,368,-1,-1,-1,-1
357,1,0,0.922118,69,223,533,125,-1,-1,-1,-1
357,2,0,0.888179,916,120,1003,375,-1,-1,-1,-1
358,1,0,0.921611,69,224,533,124,-1,-1,-1,-1
358,2,0,0.886154,912,123,1007,371,-1,-1,-1,-1
359,1,0,0.919379,70,225,531,122,-1,-1,-1,-1
359,2,0,0.886912,913,123,1006,371,-1,-1,-1,-1
360,1,0,0.917425,70,225,530,122,-1,-1,-1,-1
360,2,0,0.886254,909,124,1010,370,-1,-1,-1,-1
361,1,0,0.924503,70,225,531,122,-1,-1,-1,-1
361,2,0,0.887653,907,126,1012,367,-1,-1,-1,-1
362,1,0,0.924313,70,225,531,122,-1,-1,-1,-1
362,2,0,0.885006,908,124,1011,369,-1,-1,-1,-1
363,1,0,0.928489,70,224,532,123,-1,-1,-1,-1
363,2,0,0.888806,904,123,1015,371,-1,-1,-1,-1
364,1,0,0.926487,69,224,534,124,-1,-1,-1,-1
364,2,0,0.887537,903,118,1016,376,-1,-1,-1,-1
365,1,0,0.925118,70,225,532,122,-1,-1,-1,-1
365,2,0,0.886993,900,111,1019,384,-1,-1,-1,-1
366,1,0,0.9225,70,225,531,122,-1,-1,-1,-1
366,2,0,0.887506,899,115,1020,378,-1,-1,-1,-1
367,1,0,0.925434,69,225,534,122,-1,-1,-1,-1
367,2,0,0.885007,891,110,1028,377,-1,-1,-1,-1
368,1,0,0.934887,70,225,533,122,-1,-1,-1,-1
368,2,0,0.883118,890,108,1029,379,-1,-1,-1,-1
369,1,0,0.939901,70,225,533,122,-1,-1,-1,-1
369,2,0,0.886567,888,107,1031,380,-1,-1,-1,-1
370,1,0,0.938165,71,225,533,123,-1,-1,-1,-1
370,2,0,0.886471,884,106,1035,379,-1,-1,-1,-1
371,1,0,0.940107,70,224,535,125,-1,-1,-1,-1
371,2,0,0.889884,884,107,1035,379,-1,-1,-1,-1
372,1,0,0.940272,70,224,535,125,-1,-1,-1,-1
372,2,0,0.887567,882,106,1037,380,-1,-1,-1,-1
373,1,0,0.940865,70,224,535,125,-1,-1,-1,-1
373,2,0,0.887876,881,106,1038,379,-1,-1,-1,-1
374,1,0,0.942568,70,224,534,125,-1,-1,-1,-1
374,2,0,0.889094,880,105,1039,380,-1,-1,-1,-1
375,1,0,0.938719,70,224,535,125,-1,-1,-1,-1
375,2,0,0.886677,880,103,1039,382,-1,-1,-1,-1
376,1,0,0.93751,70,224,534,125,-1,-1,-1,-1
376,2,0,0.892958,876,106,1043,380,-1,-1,-1,-1
377,1,0,0.930209,71,224,532,124,-1,-1,-1,-1
377,2,0,0.893199,872,104,1047,382,-1,-1,-1,-1
378,1,0,0.933026,70,223,534,126,-1,-1,-1,-1
378,2,0,0.895711,873,99,1046,387,-1,-1,-1,-1
379,1,0,0.928284,70,224,534,125,-1,-1,-1,-1
379,2,0,0.891476,870,101,1049,384,-1,-1,-1,-1
380,1,0,0.927559,70,224,534,125,-1,-1,-1,-1
380,2,0,0.893098,879,99,1040,391,-1,-1,-1,-1
381,1,0,0.924915,70,225,533,124,-1,-1,-1,-1
381,2,0,0.894487,875,99,1044,392,-1,-1,-1,-1
382,1,0,0.926085,70,225,534,124,-1,-1,-1,-1
382,2,0,0.894276,876,98,1043,394,-1,-1,-1,-1
383,1,0,0.923189,71,225,533,124,-1,-1,-1,-1
383,2,0,0.89275,873,95,1046,397,-1,-1,-1,-1
384,1,0,0.925429,70,225,534,124,-1,-1,-1,-1
384,2,0,0.894464,871,94,1048,397,-1,-1,-1,-1
385,1,0,0.921687,70,225,534,124,-1,-1,-1,-1
385,2,0,0.893346,868,94,1051,397,-1,-1,-1,-1
386,1,0,0.919825,70,225,534,124,-1,-1,-1,-1
386,2,0,0.893407,868,93,1051,399,-1,-1,-1,-1
387,1,0,0.920553,70,225,534,124,-1,-1,-1,-1
387,2,0,0.895528,866,97,1053,395,-1,-1,-1,-1
388,1,0,0.91699,70,224,534,124,-1,-1,-1,-1
388,2,0,0.896035,863,99,1056,394,-1,-1,-1,-1
389,1,0,0.918463,71,225,532,122,-1,-1,-1,-1
389,2,0,0.893316,864,98,1055,395,-1,-1,-1,-1
390,1,0,0.917848,71,225,532,122,-1,-1,-1,-1
390,2,0,0.892965,859,101,1060,392,-1,-1,-1,-1
391,1,0,0.924176,71,225,532,122,-1,-1,-1,-1
391,2,0,0.894551,859,99,1060,395,-1,-1,-1,-1
392,1,0,0.926293,71,225,533,123,-1,-1,-1,-1
392,2,0,0.892408,854,102,1065,391,-1,-1,-1,-1
393,1,0,0.92073,70,224,533,124,-1,-1,-1,-1
393,2,0,0.889017,855,102,1064,390,-1,-1,-1,-1
394,1,0,0.926397,71,225,531,122,-1,-1,-1,-1
394,2,0,0.887902,853,98,1066,395,-1,-1,-1,-1
395,1,0,0.923387,71,224,532,123,-1,-1,-1,-1
395,2,0,0.889858,852,96,1067,398,-1,-1,-1,-1
396,1,0,0.925193,71,223,531,125,-1,-1,-1,-1
396,2,0,0.892437,849,98,1070,396,-1,-1,-1,-1
397,1,0,0.925147,70,223,533,125,-1,-1,-1,-1
397,2,0,0.887855,849,96,1070,398,-1,-1,-1,-1
398,1,0,0.927668,70,223,534,125,-1,-1,-1,-1
398,2,0,0.890737,847,94,1072,400,-1,-1,-1,-1
399,1,0,0.927071,70,223,533,125,-1,-1,-1,-1
399,2,0,0.890687,845,103,1074,391,-1,-1,-1,-1
400,1,0,0.925767,70,223,534,125,-1,-1,-1,-1
400,2,0,0.892235,844,103,1075,391,-1,-1,-1,-1
401,1,0,0.929548,71,223,530,125,-1,-1,-1,-1
401,2,0,0.886611,842,99,1077,396,-1,-1,-1,-1
402,1,0,0.929647,70,223,531,125,-1,-1,-1,-1
402,2,0,0.88172,841,99,1078,395,-1,-1,-1,-1
403,1,0,0.931784,71,223,530,125,-1,-1,-1,-1
403,2,0,0.880014,838,98,1081,396,-1,-1,-1,-1
404,1,0,0.933257,70,223,531,125,-1,-1,-1,-1
404,2,0,0.883625,840,97,1079,397,-1,-1,-1,-1
405,1,0,0.934213,70,223,532,125,-1,-1,-1,-1
405,2,0,0.878407,836,97,1083,396,-1,-1,-1,-1
406,1,0,0.929956,71,223,530,125,-1,-1,-1,-1
406,2,0,0.877115,837,96,1082,398,-1,-1,-1,-1
407,1,0,0.933615,70,223,531,125,-1,-1,-1,-1
407,2,0,0.877989,833,95,1086,400,-1,-1,-1,-1
408,1,0,0.930863,70,224,532,124,-1,-1,-1,-1
408,2,0,0.875484,834,95,1085,400,-1,-1,-1,-1
409,1,0,0.936672,71,225,528,122,-1,-1,-1,-1
409,2,0,0.87921,830,99,1089,394,-1,-1,-1,-1
410,1,0,0.934145,71,225,528,122,-1,-1,-1,-1
410,2,0,0.873334,830,105,1089,388,-1,-1,-1,-1
411,1,0,0.937608,71,225,528,122,-1,-1,-1,-1
411,2,0,0.87788,826,107,1093,386,-1,-1,-1,-1
412,1,0,0.934811,71,224,528,123,-1,-1,-1,-1
412,2,0,0.879283,827,104,1092,390,-1,-1,-1,-1
413,1,0,0.934347,71,224,529,122,-1,-1,-1,-1
413,2,0,0.876637,824,107,1095,386,-1,-1,-1,-1
414,1,0,0.93548,71,224,529,123,-1,-1,-1,-1
414,2,0,0.879612,823,113,1096,379,-1,-1,-1,-1
415,1,0,0.931956,70,223,531,125,-1,-1,-1,-1
415,2,0,0.879778,821,107,1098,386,-1,-1,-1,-1
416,1,0,0.933535,70,223,531,125,-1,-1,-1,-1
416,2,0,0.88079,821,103,1098,391,-1,-1,-1,-1
417,1,0,0.934377,69,223,532,125,-1,-1,-1,-1
417,2,0,0.884476,817,110,1102,383,-1,-1,-1,-1
418,1,0,0.933456,69,223,531,125,-1,-1,-1,-1
418,2,0,0.882379,817,100,1102,395,-1,-1,-1,-1
419,1,0,0.938803,70,223,530,125,-1,-1,-1,-1
419,2,0,0.880698,814,107,1105,385,-1,-1,-1,-1
420,1,0,0.936516,71,224,531,124,-1,-1,-1,-1
420,2,0,0.891749,812,115,1107,375,-1,-1,-1,-1
421,1,0,0.939312,70,223,533,125,-1,-1,-1,-1
421,2,0,0.890483,810,116,1109,374,-1,-1,-1,-1
422,1,0,0.940802,71,224,531,124,-1,-1,-1,-1
422,2,0,0.892817,808,119,1111,372,-1,-1,-1,-1
423,1,0,0.941668,70,223,533,126,-1,-1,-1,-1
423,2,0,0.889975,807,118,1112,373,-1,-1,-1,-1
424,1,0,0.940098,70,223,532,125,-1,-1,-1,-1
424,2,0,0.890611,807,115,1112,376,-1,-1,-1,-1
425,1,0,0.941709,70,223,532,124,-1,-1,-1,-1
425,2,0,0.89178,805,114,1114,377,-1,-1,-1,-1
426,1,0,0.9417,71,224,532,124,-1,-1,-1,-1
426,2,0,0.893377,801,121,1118,369,-1,-1,-1,-1
427,1,0,0.944073,70,223,533,125,-1,-1,-1,-1
427,2,0,0.892609,802,120,1117,371,-1,-1,-1,-1
428,1,0,0.941,71,224,531,124,-1,-1,-1,-1
428,2,0,0.894754,800,111,1119,381,-1,-1,-1,-1
429,1,0,0.943398,70,223,531,126,-1,-1,-1,-1
429,2,0,0.896672,798,117,1121,373,-1,-1,-1,-1
430,1,0,0.944829,70,223,533,126,-1,-1,-1,-1
430,2,0,0.895086,797,115,1122,376,-1,-1,-1,-1
431,1,0,0.943291,69,223,534,125,-1,-1,-1,-1
431,2,0,0.894823,797,112,1122,378,-1,-1,-1,-1
432,1,0,0.944154,70,224,532,123,-1,-1,-1,-1
432,2,0,0.892962,794,113,1125,376,-1,-1,-1,-1
433,1,0,0.941545,70,224,533,123,-1,-1,-1,-1
433,2,0,0.890451,795,111,1124,379,-1,-1,-1,-1
434,1,0,0.943003,71,224,531,124,-1,-1,-1,-1
434,2,0,0.891974,792,117,1127,372,-1,-1,-1,-1
435,1,0,0.942154,69,223,533,126,-1,-1,-1,-1
435,2,0,0.89257,792,117,1127,372,-1,-1,-1,-1
436,1,0,0.943188,69,223,533,126,-1,-1,-1,-1
436,2,0,0.894074,790,113,1129,376,-1,-1,-1,-1
437,1,0,0.941836,70,223,532,126,-1,-1,-1,-1
437,2,0,0.89341,788,116,1131,373,-1,-1,-1,-1
438,1,0,0.944145,69,223,534,126,-1,-1,-1,-1
438,2,0,0.892717,786,124,1133,365,-1,-1,-1,-1
439,1,0,0.943123,70,223,533,126,-1,-1,-1,-1
439,2,0,0.894056,785,127,1134,361,-1,-1,-1,-1
440,1,0,0.941024,69,223,535,126,-1,-1,-1,-1
440,2,0,0.896041,784,123,1134,365,-1,-1,-1,-1
441,1,0,0.942356,69,223,534,126,-1,-1,-1,-1
441,2,0,0.896413,781,123,1138,365,-1,-1,-1,-1
442,1,0,0.94129,69,223,535,126,-1,-1,-1,-1
442,2,0,0.894904,781,121,1137,367,-1,-1,-1,-1
443,1,0,0.938843,69,223,535,126,-1,-1,-1,-1
443,2,0,0.893313,778,108,1140,381,-1,-1,-1,-1
444,1,0,0.940609,70,223,533,126,-1,-1,-1,-1
444,2,0,0.891685,778,106,1139,383,-1,-1,-1,-1
445,1,0,0.941309,69,223,534,126,-1,-1,-1,-1
445,2,0,0.89182,774,110,1144,378,-1,-1,-1,-1
446,1,0,0.941905,69,223,533,125,-1,-1,-1,-1
446,2,0,0.887667,773,115,1145,373,-1,-1,-1,-1
447,1,0,0.941673,69,224,533,124,-1,-1,-1,-1
447,2,0,0.883756,772,118,1147,370,-1,-1,-1,-1
448,1,0,0.939827,70,225,531,122,-1,-1,-1,-1
448,2,0,0.880352,769,114,1148,375,-1,-1,-1,-1
449,1,0,0.940582,70,225,531,122,-1,-1,-1,-1
449,2,0,0.885094,768,113,1150,375,-1,-1,-1,-1
450,1,0,0.941037,70,225,530,122,-1,-1,-1,-1
450,2,0,0.882307,765,115,1153,372,-1,-1,-1,-1
451,1,0,0.939262,70,225,530,122,-1,-1,-1,-1
451,2,0,0.881392,766,105,1151,385,-1,-1,-1,-1
452,1,0,0.942774,70,225,529,122,-1,-1,-1,-1
452,2,0,0.88591,760,108,1158,380,-1,-1,-1,-1
453,1,0,0.944708,69,225,530,123,-1,-1,-1,-1
453,2,0,0.882287,760,98,1157,391,-1,-1,-1,-1
454,1,0,0.946041,70,225,529,122,-1,-1,-1,-1
454,2,0,0.883747,756,93,1161,396,-1,-1,-1,-1
455,1,0,0.946527,70,225,529,122,-1,-1,-1,-1
455,2,0,0.88694,753,96,1166,392,-1,-1,-1,-1
456,1,0,0.947313,70,225,528,122,-1,-1,-1,-1
456,2,0,0.886605,754,108,1163,381,-1,-1,-1,-1
457,1,0,0.949117,70,225,529,122,-1,-1,-1,-1
457,2,0,0.886808,750,102,1169,389,-1,-1,-1,-1
458,1,0,0.949846,70,225,529,122,-1,-1,-1,-1
458,2,0,0.88661,749,98,1170,392,-1,-1,-1,-1
459,1,0,0.950164,71,224,529,123,-1,-1,-1,-1
459,2,0,0.888484,747,96,1172,394,-1,-1,-1,-1
460,1,0,0.952008,70,224,531,124,-1,-1,-1,-1
460,2,0,0.885855,745,98,1174,392,-1,-1,-1,-1
461,1,0,0.950258,71,225,530,122,-1,-1,-1,-1
461,2,0,0.88228,743,101,1176,389,-1,-1,-1,-1
462,1,0,0.952786,71,225,530,122,-1,-1,-1,-1
462,2,0,0.884897,744,96,1175,395,-1,-1,-1,-1
463,1,0,0.953366,71,225,530,122,-1,-1,-1,-1
463,2,0,0.884894,741,97,1178,393,-1,-1,-1,-1
464,1,0,0.953221,71,225,530,122,-1,-1,-1,-1
464,2,0,0.888926,740,100,1179,389,-1,-1,-1,-1
465,1,0,0.955192,70,224,530,123,-1,-1,-1,-1
465,2,0,0.890456,740,95,1179,396,-1,-1,-1,-1
466,1,0,0.957273,69,223,532,125,-1,-1,-1,-1
466,2,0,0.889233,739,92,1180,399,-1,-1,-1,-1
467,1,0,0.957179,69,223,533,125,-1,-1,-1,-1
467,2,0,0.890493,736,92,1183,398,-1,-1,-1,-1
468,1,0,0.957943,69,223,533,125,-1,-1,-1,-1
468,2,0,0.891461,734,93,1185,397,-1,-1,-1,-1
469,1,0,0.959346,69,223,533,125,-1,-1,-1,-1
469,2,0,0.893666,733,94,1186,395,-1,-1,-1,-1
470,1,0,0.960035,70,223,533,125,-1,-1,-1,-1
470,2,0,0.887359,732,92,1187,398,-1,-1,-1,-1
471,1,0,0.960678,70,224,533,124,-1,-1,-1,-1
471,2,0,0.886406,730,92,1189,397,-1,-1,-1,-1
472,1,0,0.962105,69,223,534,125,-1,-1,-1,-1
472,2,0,0.885428,728,94,1191,394,-1,-1,-1,-1
473,1,0,0.960889,70,224,532,124,-1,-1,-1,-1
473,2,0,0.887387,728,97,1191,392,-1,-1,-1,-1
474,1,0,0.963089,69,223,533,126,-1,-1,-1,-1
474,2,0,0.88561,726,93,1193,397,-1,-1,-1,-1
475,1,0,0.963581,69,223,534,125,-1,-1,-1,-1
475,2,0,0.88744,725,92,1194,398,-1,-1,-1,-1
476,1,0,0.963202,70,224,533,124,-1,-1,-1,-1
476,2,0,0.886272,721,95,1198,394,-1,-1,-1,-1
477,1,0,0.96599,69,223,534,125,-1,-1,-1,-1
477,2,0,0.88687,722,85,1197,404,-1,-1,-1,-1
478,1,0,0.966126,70,224,532,124,-1,-1,-1,-1
478,2,0,0.88395,719,86,1200,402,-1,-1,-1,-1
479,1,0,0.964542,69,224,532,124,-1,-1,-1,-1
479,2,0,0.882789,718,91,1201,397,-1,-1,-1,-1
480,1,0,0.965948,70,224,533,124,-1,-1,-1,-1
480,2,0,0.887607,717,89,1202,399,-1,-1,-1,-1
481,1,0,0.966086,69,223,533,125,-1,-1,-1,-1
481,2,0,0.888816,715,87,1204,401,-1,-1,-1,-1
482,1,0,0.966937,69,223,532,124,-1,-1,-1,-1
482,2,0,0.886464,713,86,1206,402,-1,-1,-1,-1
483,1,0,0.966371,70,224,531,124,-1,-1,-1,-1
483,2,0,0.888658,711,86,1208,402,-1,-1,-1,-1
484,1,0,0.967058,69,223,533,125,-1,-1,-1,-1
484,2,0,0.885196,710,86,1209,402,-1,-1,-1,-1
485,1,0,0.966493,70,224,532,124,-1,-1,-1,-1
485,2,0,0.886782,709,88,1210,399,-1,-1,-1,-1
486,1,0,0.966435,69,223,533,126,-1,-1,-1,-1
486,2,0,0.885404,708,85,1211,403,-1,-1,-1,-1
487,1,0,0.966156,69,223,533,126,-1,-1,-1,-1
487,2,0,0.887204,707,81,1212,406,-1,-1,-1,-1
488,1,0,0.966858,69,223,533,125,-1,-1,-1,-1
488,2,0,0.884683,705,84,1214,402,-1,-1,-1,-1
489,1,0,0.965188,69,224,532,124,-1,-1,-1,-1
489,2,0,0.882917,702,89,1217,398,-1,-1,-1,-1
490,1,0,0.966576,70,225,526,123,-1,-1,-1,-1
490,2,0,0.889684,703,80,1216,407,-1,-1,-1,-1
491,1,0,0.967912,69,225,528,123,-1,-1,-1,-1
491,2,0,0.889735,701,80,1218,406,-1,-1,-1,-1
492,1,0,0.968369,70,225,527,124,-1,-1,-1,-1
492,2,0,0.889169,701,80,1218,406,-1,-1,-1,-1
493,1,0,0.967689,69,225,529,124,-1,-1,-1,-1
493,2,0,0.888052,699,78,1220,409,-1,-1,-1,-1
494,1,0,0.967667,69,224,528,124,-1,-1,-1,-1
494,2,0,0.886331,698,79,1221,407,-1,-1,-1,-1
495,1,0,0.968124,70,225,527,122,-1,-1,-1,-1
495,2,0,0.884534,695,81,1224,405,-1,-1,-1,-1
496,1,0,0.967852,70,224,530,123,-1,-1,-1,-1
496,2,0,0.885203,696,77,1223,410,-1,-1,-1,-1
497,1,0,0.966762,69,224,527,124,-1,-1,-1,-1
497,2,0,0.881861,693,77,1226,410,-1,-1,-1,-1
498,1,0,0.967431,70,225,525,122,-1,-1,-1,-1
498,2,0,0.883401,692,77,1227,410,-1,-1,-1,-1
499,1,0,0.966559,70,225,525,122,-1,-1,-1,-1
499,2,0,0.883626,689,78,1230,408,-1,-1,-1,-1
500,1,0,0.966859,70,225,524,122,-1,-1,-1,-1
500,2,0,0.88275,689,80,1230,406,-1,-1,-1,-1
501,1,0,0.966887,69,225,527,122,-1,-1,-1,-1
501,2,0,0.880526,687,80,1232,407,-1,-1,-1,-1
502,1,0,0.968099,70,225,527,122,-1,-1,-1,-1
502,2,0,0.882875,686,80,1233,406,-1,-1,-1,-1
503,1,0,0.967807,70,225,526,122,-1,-1,-1,-1
503,2,0,0.882849,685,76,1234,410,-1,-1,-1,-1
504,1,0,0.966933,70,225,526,122,-1,-1,-1,-1
504,2,0,0.886471,683,79,1236,406,-1,-1,-1,-1
505,1,0,0.967028,70,225,525,122,-1,-1,-1,-1
505,2,0,0.888513,683,78,1236,407,-1,-1,-1,-1
506,1,0,0.966592,70,224,526,123,-1,-1,-1,-1
506,2,0,0.886925,679,81,1240,404,-1,-1,-1,-1
507,1,0,0.967161,69,223,527,125,-1,-1,-1,-1
507,2,0,0.888338,681,80,1238,406,-1,-1,-1,-1
508,1,0,0.967672,69,223,526,125,-1,-1,-1,-1
508,2,0,0.886908,677,79,1242,408,-1,-1,-1,-1
509,1,0,0.968086,69,224,523,124,-1,-1,-1,-1
509,2,0,0.884085,676,79,1243,408,-1,-1,-1,-1
510,1,0,0.96661,70,225,521,122,-1,-1,-1,-1
510,2,0,0.884305,673,85,1246,402,-1,-1,-1,-1
511,1,0,0.966799,70,225,519,122,-1,-1,-1,-1
511,2,0,0.881616,673,86,1246,402,-1,-1,-1,-1
512,1,0,0.96731,69,225,522,122,-1,-1,-1,-1
512,2,0,0.884229,671,86,1248,401,-1,-1,-1,-1
513,1,0,0.966852,69,225,524,122,-1,-1,-1,-1
513,2,0,0.883824,669,87,1250,399,-1,-1,-1,-1
514,1,0,0.967444,70,225,522,122,-1,-1,-1,-1
514,2,0,0.880502,666,88,1253,399,-1,-1,-1,-1
515,1,0,0.966763,70,224,523,123,-1,-1,-1,-1
515,2,0,0.882013,665,88,1254,398,-1,-1,-1,-1
516,1,0,0.967444,69,224,522,124,-1,-1,-1,-1
516,2,0,0.878644,662,88,1257,397,-1,-1,-1,-1
517,1,0,0.967946,70,225,520,122,-1,-1,-1,-1
517,2,0,0.87986,662,89,1256,397,-1,-1,-1,-1
518,1,0,0.967806,69,225,521,123,-1,-1,-1,-1
518,2,0,0.876042,659,89,1260,397,-1,-1,-1,-1
519,1,0,0.96813,70,225,520,122,-1,-1,-1,-1
519,2,0,0.883681,659,90,1260,396,-1,-1,-1,-1
520,1,0,0.968293,69,225,522,122,-1,-1,-1,-1
520,2,0,0.880359,658,89,1260,399,-1,-1,-1,-1
521,1,0,0.968769,69,225,528,122,-1,-1,-1,-1
521,2,0,0.882678,657,90,1261,399,-1,-1,-1,-1
522,1,0,0.968212,70,225,521,122,-1,-1,-1,-1
522,2,0,0.885278,655,89,1263,399,-1,-1,-1,-1
523,1,0,0.969418,70,224,524,123,-1,-1,-1,-1
523,2,0,0.882872,654,89,1264,399,-1,-1,-1,-1
524,1,0,0.970226,69,223,527,125,-1,-1,-1,-1
524,2,0,0.885815,654,88,1264,400,-1,-1,-1,-1
525,1,0,0.96966,70,223,523,124,-1,-1,-1,-1
525,2,0,0.888317,651,88,1268,399,-1,-1,-1,-1
526,1,0,0.970042,70,223,526,125,-1,-1,-1,-1
526,2,0,0.892591,651,89,1268,397,-1,-1,-1,-1
527,1,0,0.969881,69,224,523,125,-1,-1,-1,-1
527,2,0,0.883971,649,89,1270,396,-1,-1,-1,-1
528,1,0,0.969283,69,224,523,125,-1,-1,-1,-1
528,2,0,0.886288,650,89,1268,397,-1,-1,-1,-1
529,1,0,0.969461,70,224,518,124,-1,-1,-1,-1
529,2,0,0.886744,648,88,1270,399,-1,-1,-1,-1
530,1,0,0.969267,69,223,522,126,-1,-1,-1,-1
530,2,0,0.882865,646,89,1273,398,-1,-1,-1,-1
531,1,0,0.969205,69,223,522,126,-1,-1,-1,-1
531,2,0,0.882685,645,89,1274,398,-1,-1,-1,-1
532,1,0,0.968512,69,223,524,126,-1,-1,-1,-1
532,2,0,0.883719,644,88,1275,399,-1,-1,-1,-1
533,1,0,0.968754,69,224,516,125,-1,-1,-1,-1
533,2,0,0.880158,642,88,1277,400,-1,-1,-1,-1
534,1,0,0.969209,70,225,513,124,-1,-1,-1,-1
534,2,0,0.879355,639,88,1280,399,-1,-1,-1,-1
535,1,0,0.968954,69,225,516,123,-1,-1,-1,-1
535,2,0,0.878733,640,89,1279,397,-1,-1,-1,-1
536,1,0,0.968273,69,225,506,124,-1,-1,-1,-1
536,2,0,0.875844,639,89,1280,398,-1,-1,-1,-1
537,1,0,0.968739,69,226,506,123,-1,-1,-1,-1
537,2,0,0.86891,639,89,1280,397,-1,-1,-1,-1
538,1,0,0.968638,71,227,499,121,-1,-1,-1,-1
538,2,0,0.872211,638,89,1281,397,-1,-1,-1,-1
539,1,0,0.968793,70,226,503,122,-1,-1,-1,-1
539,2,0,0.871618,635,89,1284,396,-1,-1,-1,-1
540,1,0,0.968533,70,226,501,123,-1,-1,-1,-1
540,2,0,0.871302,636,89,1283,396,-1,-1,-1,-1
541,1,0,0.968787,70,227,500,121,-1,-1,-1,-1
541,2,0,0.871382,633,89,1286,397,-1,-1,-1,-1
542,1,0,0.968711,70,227,499,121,-1,-1,-1,-1
542,2,0,0.873114,632,89,1287,396,-1,-1,-1,-1
543,1,0,0.968838,71,227,495,122,-1,-1,-1,-1
543,2,0,0.881207,630,88,1289,396,-1,-1,-1,-1
544,1,0,0.968448,70,225,503,123,-1,-1,-1,-1
544,2,0,0.88009,629,89,1290,397,-1,-1,-1,-1
545,1,0,0.967722,69,226,501,123,-1,-1,-1,-1
545,2,0,0.871234,628,89,1291,398,-1,-1,-1,-1
546,1,0,0.96851,70,227,497,122,-1,-1,-1,-1
546,2,0,0.877502,627,89,1292,397,-1,-1,-1,-1
547,1,0,0.968347,70,227,500,121,-1,-1,-1,-1
547,2,0,0.869755,627,88,1292,397,-1,-1,-1,-1
548,1,0,0.968585,71,227,499,121,-1,-1,-1,-1
548,2,0,0.876601,624,87,1295,397,-1,-1,-1,-1
549,1,0,0.96876,71,226,499,122,-1,-1,-1,-1
549,2,0,0.87691,623,88,1296,396,-1,-1,-1,-1
550,1,0,0.969541,69,226,501,122,-1,-1,-1,-1
550,2,0,0.867822,622,87,1297,397,-1,-1,-1,-1
551,1,0,0.969119,69,229,497,120,-1,-1,-1,-1
551,2,0,0.866796,622,87,1297,397,-1,-1,-1,-1
552,1,0,0.96813,71,228,498,119,-1,-1,-1,-1
552,2,0,0.86475,620,88,1299,397,-1,-1,-1,-1
553,1,0,0.969204,70,228,499,120,-1,-1,-1,-1
553,2,0,0.865707,618,89,1301,396,-1,-1,-1,-1
554,1,0,0.968809,70,227,500,121,-1,-1,-1,-1
554,2,0,0.87227,618,89,1301,395,-1,-1,-1,-1
555,1,0,0.968776,70,228,494,121,-1,-1,-1,-1
555,2,0,0.866451,615,89,1304,395,-1,-1,-1,-1
556,1,0,0.96826,71,229,493,119,-1,-1,-1,-1
556,2,0,0.874127,614,88,1305,398,-1,-1,-1,-1
557,1,0,0.967824,70,229,493,120,-1,-1,-1,-1
557,2,0,0.873452,612,87,1307,400,-1,-1,-1,-1
558,1,0,0.967984,71,229,493,119,-1,-1,-1,-1
558,2,0,0.877077,612,87,1307,400,-1,-1,-1,-1
559,1,0,0.966816,70,229,494,120,-1,-1,-1,-1
559,2,0,0.876682,611,88,1308,398,-1,-1,-1,-1
560,1,0,0.966152,71,230,493,118,-1,-1,-1,-1
560,2,0,0.873325,610,88,1309,399,-1,-1,-1,-1
561,1,0,0.966295,71,230,492,118,-1,-1,-1,-1
561,2,0,0.878038,609,89,1310,398,-1,-1,-1,-1
562,1,0,0.965744,71,230,492,118,-1,-1,-1,-1
562,2,0,0.876636,608,88,1311,399,-1,-1,-1,-1
563,1,0,0.965869,71,230,492,118,-1,-1,-1,-1
563,2,0,0.871646,606,88,1313,397,-1,-1,-1,-1
564,1,0,0.965726,71,230,492,118,-1,-1,-1,-1
564,2,0,0.874311,608,88,1311,397,-1,-1,-1,-1
565,1,0,0.964846,71,230,492,118,-1,-1,-1,-1
565,2,0,0.876378,606,88,1313,398,-1,-1,-1,-1
566,1,0,0.964157,71,230,492,118,-1,-1,-1,-1
566,2,0,0.877312,604,88,1315,397,-1,-1,-1,-1
567,1,0,0.964417,70,230,493,119,-1,-1,-1,-1
567,2,0,0.874963,602,89,1317,396,-1,-1,-1,-1
568,1,0,0.964496,71,230,492,118,-1,-1,-1,-1
568,2,0,0.87726,602,89,1317,395,-1,-1,-1,-1
569,1,0,0.963695,71,230,491,118,-1,-1,-1,-1
569,2,0,0.875229,600,88,1319,397,-1,-1,-1,-1
570,1,0,0.963162,71,230,493,118,-1,-1,-1,-1
570,2,0,0.878625,596,88,1323,397,-1,-1,-1,-1
571,1,0,0.9634,71,230,492,119,-1,-1,-1,-1
571,2,0,0.876351,597,88,1322,395,-1,-1,-1,-1
572,1,0,0.962714,72,231,490,117,-1,-1,-1,-1
572,2,0,0.879638,595,87,1324,397,-1,-1,-1,-1
573,1,0,0.962718,72,230,491,118,-1,-1,-1,-1
573,2,0,0.880484,593,87,1326,398,-1,-1,-1,-1
574,1,0,0.962213,70,230,494,119,-1,-1,-1,-1
574,2,0,0.881007,591,86,1328,399,-1,-1,-1,-1
575,1,0,0.962324,72,230,490,118,-1,-1,-1,-1
575,2,0,0.879641,589,85,1330,399,-1,-1,-1,-1
576,1,0,0.963002,72,230,487,118,-1,-1,-1,-1
576,2,0,0.877816,591,85,1328,400,-1,-1,-1,-1
577,1,0,0.96169,71,229,490,120,-1,-1,-1,-1
577,2,0,0.877647,586,84,1333,400,-1,-1,-1,-1
578,1,0,0.962439,72,229,489,120,-1,-1,-1,-1
578,2,0,0.883504,588,83,1331,401,-1,-1,-1,-1
579,1,0,0.96136,71,229,490,120,-1,-1,-1,-1
579,2,0,0.88411,584,83,1335,402,-1,-1,-1,-1
580,1,0,0.96208,71,229,490,120,-1,-1,-1,-1
580,2,0,0.886312,582,82,1337,402,-1,-1,-1,-1
581,1,0,0.961531,71,229,491,120,-1,-1,-1,-1
581,2,0,0.881667,580,83,1339,401,-1,-1,-1,-1
582,1,0,0.960704,71,230,490,119,-1,-1,-1,-1
582,2,0,0.883959,579,83,1340,401,-1,-1,-1,-1
583,1,0,0.961005,72,231,488,117,-1,-1,-1,-1
583,2,0,0.883052,579,83,1340,398,-1,-1,-1,-1
584,1,0,0.961749,72,231,488,117,-1,-1,-1,-1
584,2,0,0.881013,579,82,1340,399,-1,-1,-1,-1
585,1,0,0.960108,72,230,487,118,-1,-1,-1,-1
585,2,0,0.884899,577,82,1342,399,-1,-1,-1,-1
586,1,0,0.959095,71,230,489,119,-1,-1,-1,-1
586,2,0,0.880273,575,82,1344,400,-1,-1,-1,-1
587,1,0,0.959443,72,231,486,117,-1,-1,-1,-1
587,2,0,0.88114,573,83,1346,399,-1,-1,-1,-1
588,1,0,0.959759,72,231,487,117,-1,-1,-1,-1
588,2,0,0.882458,574,82,1345,399,-1,-1,-1,-1
589,1,0,0.958163,71,231,488,117,-1,-1,-1,-1
589,2,0,0.88059,571,82,1348,400,-1,-1,-1,-1
590,1,0,0.958055,71,231,488,117,-1,-1,-1,-1
590,2,0,0.880723,572,81,1347,403,-1,-1,-1,-1
591,1,0,0.957759,72,231,486,117,-1,-1,-1,-1
591,2,0,0.879856,568,81,1351,403,-1,-1,-1,-1
592,1,0,0.958353,72,231,485,117,-1,-1,-1,-1
592,2,0,0.879495,567,81,1352,403,-1,-1,-1,-1
593,1,0,0.960132,72,231,484,117,-1,-1,-1,-1
593,2,0,0.877996,563,80,1356,405,-1,-1,-1,-1
594,1,0,0.961406,72,231,483,117,-1,-1,-1,-1
594,2,0,0.878099,561,80,1358,406,-1,-1,-1,-1
595,1,0,0.962264,72,231,482,117,-1,-1,-1,-1
595,2,0,0.876898,560,80,1359,406,-1,-1,-1,-1
596,1,0,0.961106,72,231,481,117,-1,-1,-1,-1
596,2,0,0.872564,561,81,1358,403,-1,-1,-1,-1
597,1,0,0.962795,70,231,487,117,-1,-1,-1,-1
597,2,0,0.87946,558,80,1361,403,-1,-1,-1,-1
598,1,0,0.963822,72,231,482,117,-1,-1,-1,-1
598,2,0,0.875809,558,80,1361,404,-1,-1,-1,-1
599,1,0,0.964173,70,231,486,118,-1,-1,-1,-1
599,2,0,0.879015,555,80,1364,403,-1,-1,-1,-1
600,1,0,0.964052,72,232,479,116,-1,-1,-1,-1
600,2,0,0.86961,554,79,1365,404,-1,-1,-1,-1
601,1,0,0.9647,72,231,476,117,-1,-1,-1,-1
601,2,0,0.869121,551,79,1368,404,-1,-1,-1,-1
602,1,0,0.964997,71,231,477,117,-1,-1,-1,-1
602,2,0,0.867991,550,79,1369,404,-1,-1,-1,-1
603,1,0,0.96617,72,232,475,115,-1,-1,-1,-1
603,2,0,0.866899,550,79,1368,406,-1,-1,-1,-1
604,1,0,0.965241,72,232,472,115,-1,-1,-1,-1
604,2,0,0.869583,549,80,1370,405,-1,-1,-1,-1
605,1,0,0.966578,72,231,473,116,-1,-1,-1,-1
605,2,0,0.874648,546,81,1372,403,-1,-1,-1,-1
606,1,0,0.966639,72,231,472,117,-1,-1,-1,-1
606,2,0,0.870449,546,80,1371,404,-1,-1,-1,-1
607,1,0,0.967433,71,232,475,116,-1,-1,-1,-1
607,2,0,0.871432,545,79,1371,406,-1,-1,-1,-1
608,1,0,0.968368,72,231,472,117,-1,-1,-1,-1
608,2,0,0.869116,542,80,1375,405,-1,-1,-1,-1
609,1,0,0.967912,72,230,473,118,-1,-1,-1,-1
609,2,0,0.8665,542,81,1375,404,-1,-1,-1,-1
610,1,0,0.967819,71,229,474,120,-1,-1,-1,-1
610,2,0,0.869578,542,80,1374,405,-1,-1,-1,-1
611,1,0,0.968184,71,229,475,120,-1,-1,-1,-1
611,2,0,0.862582,541,80,1375,406,-1,-1,-1,-1
612,1,0,0.968104,71,229,475,120,-1,-1,-1,-1
612,2,0,0.866027,540,79,1377,407,-1,-1,-1,-1
613,1,0,0.968212,71,229,473,120,-1,-1,-1,-1
613,2,0,0.865758,540,79,1376,407,-1,-1,-1,-1
614,1,0,0.969027,71,230,470,119,-1,-1,-1,-1
614,2,0,0.870473,538,78,1379,408,-1,-1,-1,-1
615,1,0,0.968354,71,230,469,119,-1,-1,-1,-1
615,2,0,0.870623,536,79,1381,406,-1,-1,-1,-1
616,1,0,0.968227,71,231,469,118,-1,-1,-1,-1
616,2,0,0.868525,535,79,1382,406,-1,-1,-1,-1
617,1,0,0.968834,72,232,465,116,-1,-1,-1,-1
617,2,0,0.873334,536,78,1380,408,-1,-1,-1,-1
618,1,0,0.969145,72,232,465,116,-1,-1,-1,-1
618,2,0,0.872391,533,78,1384,408,-1,-1,-1,-1
619,1,0,0.969452,72,232,463,116,-1,-1,-1,-1
619,2,0,0.879663,532,78,1385,409,-1,-1,-1,-1
620,1,0,0.968278,71,232,465,117,-1,-1,-1,-1
620,2,0,0.878635,533,78,1383,406,-1,-1,-1,-1
621,1,0,0.968408,72,233,462,115,-1,-1,-1,-1
621,2,0,0.877747,531,77,1385,406,-1,-1,-1,-1
622,1,0,0.968423,72,233,461,115,-1,-1,-1,-1
622,2,0,0.877625,530,77,1385,407,-1,-1,-1,-1
623,1,0,0.968524,72,233,461,115,-1,-1,-1,-1
623,2,0,0.880368,530,77,1387,406,-1,-1,-1,-1
624,1,0,0.968369,72,233,460,115,-1,-1,-1,-1
624,2,0,0.872101,527,78,1390,405,-1,-1,-1,-1
625,1,0,0.968682,72,233,458,115,-1,-1,-1,-1
625,2,0,0.870351,525,78,1391,404,-1,-1,-1,-1
626,1,0,0.968959,72,233,459,115,-1,-1,-1,-1
626,2,0,0.871868,524,77,1391,407,-1,-1,-1,-1
627,1,0,0.969438,71,233,459,115,-1,-1,-1,-1
627,2,0,0.871305,522,79,1395,405,-1,-1,-1,-1
628,1,0,0.968485,72,233,458,114,-1,-1,-1,-1
628,2,0,0.869092,524,79,1392,406,-1,-1,-1,-1
629,1,0,0.969873,72,233,457,114,-1,-1,-1,-1
629,2,0,0.870422,521,79,1395,405,-1,-1,-1,-1
630,1,0,0.969373,72,232,454,116,-1,-1,-1,-1
630,2,0,0.874462,518,79,1398,405,-1,-1,-1,-1
631,1,0,0.968977,71,231,454,118,-1,-1,-1,-1
631,2,0,0.884988,515,79,1401,406,-1,-1,-1,-1
632,1,0,0.969188,71,232,459,116,-1,-1,-1,-1
632,2,0,0.875206,515,79,1402,405,-1,-1,-1,-1
633,1,0,0.969432,72,232,451,116,-1,-1,-1,-1
633,2,0,0.881565,513,79,1403,405,-1,-1,-1,-1
634,1,0,0.968531,71,232,450,117,-1,-1,-1,-1
634,2,0,0.875116,509,80,1408,405,-1,-1,-1,-1
635,1,0,0.969223,72,232,452,116,-1,-1,-1,-1
635,2,0,0.877177,511,79,1405,405,-1,-1,-1,-1
636,1,0,0.969143,70,232,452,117,-1,-1,-1,-1
636,2,0,0.879586,507,79,1411,404,-1,-1,-1,-1
637,1,0,0.968895,71,233,449,116,-1,-1,-1,-1
637,2,0,0.885189,504,78,1413,404,-1,-1,-1,-1
638,1,0,0.968577,72,234,445,114,-1,-1,-1,-1
638,2,0,0.881624,502,78,1415,404,-1,-1,-1,-1
639,1,0,0.969114,71,234,446,114,-1,-1,-1,-1
639,2,0,0.888209,502,78,1416,404,-1,-1,-1,-1
640,1,0,0.969631,70,234,446,114,-1,-1,-1,-1
640,2,0,0.882764,502,78,1415,405,-1,-1,-1,-1
641,1,0,0.969829,71,234,447,114,-1,-1,-1,-1
641,2,0,0.888445,498,78,1421,404,-1,-1,-1,-1
642,1,0,0.970309,71,234,446,114,-1,-1,-1,-1
642,2,0,0.88957,498,78,1421,403,-1,-1,-1,-1
643,1,0,0.970092,70,234,446,114,-1,-1,-1,-1
643,2,0,0.882763,496,78,1422,404,-1,-1,-1,-1
644,1,0,0.970096,71,234,445,113,-1,-1,-1,-1
644,2,0,0.883374,495,78,1424,403,-1,-1,-1,-1
645,1,0,0.969728,71,233,443,114,-1,-1,-1,-1
645,2,0,0.878164,493,78,1426,401,-1,-1,-1,-1
646,1,0,0.970026,71,233,443,115,-1,-1,-1,-1
646,2,0,0.871644,492,77,1426,402,-1,-1,-1,-1
647,1,0,0.969968,72,232,441,116,-1,-1,-1,-1
647,2,0,0.873286,493,78,1425,403,-1,-1,-1,-1
648,1,0,0.970346,72,231,439,117,-1,-1,-1,-1
648,2,0,0.858445,491,79,1427,402,-1,-1,-1,-1
649,1,0,0.970526,71,232,438,116,-1,-1,-1,-1
649,2,0,0.845942,490,79,1427,402,-1,-1,-1,-1
650,1,0,0.970531,71,233,435,115,-1,-1,-1,-1
650,2,0,0.819973,489,78,1428,405,-1,-1,-1,-1
651,1,0,0.970607,71,234,440,114,-1,-1,-1,-1
651,2,0,0.793343,487,77,1431,406,-1,-1,-1,-1
652,1,0,0.970537,71,235,437,114,-1,-1,-1,-1
652,2,0,0.796359,486,76,1432,407,-1,-1,-1,-1
653,1,0,0.970493,72,238,420,109,-1,-1,-1,-1
653,2,0,0.769855,483,76,1435,407,-1,-1,-1,-1
654,1,0,0.970317,74,237,418,109,-1,-1,-1,-1
654,2,0,0.802457,481,77,1437,406,-1,-1,-1,-1
655,1,0,0.970374,72,239,416,108,-1,-1,-1,-1
655,2,0,0.760445,479,78,1439,405,-1,-1,-1,-1
656,1,0,0.970892,70,252,417,95,-1,-1,-1,-1
656,2,0,0.755978,475,78,1444,404,-1,-1,-1,-1
657,1,0,0.970439,70,256,412,91,-1,-1,-1,-1
657,2,0,0.772178,473,77,1445,404,-1,-1,-1,-1
658,1,0,0.971605,71,258,409,88,-1,-1,-1,-1
658,2,0,0.780577,471,77,1447,405,-1,-1,-1,-1
659,1,0,0.970857,70,260,410,87,-1,-1,-1,-1
659,2,0,0.781143,469,78,1450,404,-1,-1,-1,-1
660,1,0,0.971465,71,262,406,85,-1,-1,-1,-1
660,2,0,0.787447,469,77,1449,406,-1,-1,-1,-1
661,1,0,0.971715,70,263,409,84,-1,-1,-1,-1
661,2,0,0.790909,468,76,1451,408,-1,-1,-1,-1
662,1,0,0.972151,70,264,404,83,-1,-1,-1,-1
662,2,0,0.791485,466,76,1452,408,-1,-1,-1,-1
663,1,0,0.972113,70,265,401,82,-1,-1,-1,-1
663,2,0,0.801758,465,75,1454,410,-1,-1,-1,-1
664,1,0,0.972093,71,266,397,81,-1,-1,-1,-1
664,2,0,0.805997,461,75,1458,410,-1,-1,-1,-1
665,1,0,0.972761,71,266,397,81,-1,-1,-1,-1
665,2,0,0.803285,460,76,1459,408,-1,-1,-1,-1
666,1,0,0.973052,71,267,395,80,-1,-1,-1,-1
666,2,0,0.800939,459,75,1460,409,-1,-1,-1,-1
667,1,0,0.973269,71,265,395,82,-1,-1,-1,-1
667,2,0,0.794212,457,75,1462,409,-1,-1,-1,-1
668,1,0,0.973229,71,266,393,81,-1,-1,-1,-1
668,2,0,0.802258,456,75,1463,409,-1,-1,-1,-1
669,1,0,0.973267,71,265,391,82,-1,-1,-1,-1
669,2,0,0.801094,455,74,1464,410,-1,-1,-1,-1
670,1,0,0.973245,71,263,388,85,-1,-1,-1,-1
670,2,0,0.788536,455,74,1464,411,-1,-1,-1,-1
671,1,0,0.973561,72,263,384,85,-1,-1,-1,-1
671,2,0,0.796539,452,73,1467,412,-1,-1,-1,-1
672,1,0,0.973758,71,263,386,86,-1,-1,-1,-1
672,2,0,0.796148,451,73,1468,412,-1,-1,-1,-1
673,1,0,0.974131,72,263,381,85,-1,-1,-1,-1
673,2,0,0.794374,448,73,1471,410,-1,-1,-1,-1
674,1,0,0.974001,71,263,383,86,-1,-1,-1,-1
674,2,0,0.791531,448,73,1471,412,-1,-1,-1,-1
675,1,0,0.974119,71,263,379,85,-1,-1,-1,-1
675,2,0,0.792088,445,74,1474,411,-1,-1,-1,-1
676,1,0,0.97383,71,264,380,85,-1,-1,-1,-1
676,2,0,0.809942,444,73,1475,412,-1,-1,-1,-1
677,1,0,0.973426,72,265,376,83,-1,-1,-1,-1
677,2,0,0.816857,442,74,1477,411,-1,-1,-1,-1
678,1,0,0.973465,72,265,375,83,-1,-1,-1,-1
678,2,0,0.820404,440,74,1479,411,-1,-1,-1,-1
679,1,0,0.973807,72,265,373,83,-1,-1,-1,-1
679,2,0,0.82183,439,74,1480,409,-1,-1,-1,-1
680,1,0,0.974112,72,265,373,83,-1,-1,-1,-1
680,2,0,0.820581,439,73,1480,409,-1,-1,-1,-1
681,1,0,0.974625,72,264,371,84,-1,-1,-1,-1
681,2,0,0.819381,437,73,1482,410,-1,-1,-1,-1
682,1,0,0.974991,72,264,371,84,-1,-1,-1,-1
682,2,0,0.807518,435,73,1484,409,-1,-1,-1,-1
683,1,0,0.97422,72,264,369,84,-1,-1,-1,-1
683,2,0,0.814352,434,72,1485,410,-1,-1,-1,-1
684,1,0,0.974926,72,264,368,84,-1,-1,-1,-1
684,2,0,0.805109,431,71,1488,411,-1,-1,-1,-1
685,1,0,0.973987,72,264,366,84,-1,-1,-1,-1
685,2,0,0.806738,429,72,1490,410,-1,-1,-1,-1
686,1,0,0.97415,72,264,365,84,-1,-1,-1,-1
686,2,0,0.809643,429,71,1490,411,-1,-1,-1,-1
687,1,0,0.974191,72,264,363,84,-1,-1,-1,-1
687,2,0,0.812618,427,71,1492,411,-1,-1,-1,-1
688,1,0,0.973139,72,264,362,85,-1,-1,-1,-1
688,2,0,0.818109,425,72,1494,410,-1,-1,-1,-1
689,1,0,0.973203,71,265,362,85,-1,-1,-1,-1
689,2,0,0.815567,426,71,1493,411,-1,-1,-1,-1
690,1,0,0.973162,72,266,358,83,-1,-1,-1,-1
690,2,0,0.802836,422,71,1497,412,-1,-1,-1,-1
691,1,0,0.97354,71,265,356,84,-1,-1,-1,-1
691,2,0,0.792897,421,71,1498,412,-1,-1,-1,-1
692,1,0,0.973405,70,265,358,85,-1,-1,-1,-1
692,2,0,0.793933,418,70,1501,412,-1,-1,-1,-1
693,1,0,0.973496,71,266,353,83,-1,-1,-1,-1
693,2,0,0.792807,418,70,1501,412,-1,-1,-1,-1
694,1,0,0.972517,71,266,353,83,-1,-1,-1,-1
694,2,0,0.783227,416,70,1503,412,-1,-1,-1,-1
695,1,0,0.972753,71,265,351,84,-1,-1,-1,-1
695,2,0,0.772648,420,70,1497,412,-1,-1,-1,-1
696,1,0,0.972152,71,265,350,85,-1,-1,-1,-1
696,2,0,0.73897,417,70,1500,412,-1,-1,-1,-1
697,1,0,0.971778,70,265,350,85,-1,-1,-1,-1
697,2,0,0.763922,416,71,1501,411,-1,-1,-1,-1
698,1,0,0.971388,70,266,350,84,-1,-1,-1,-1
698,2,0,0.754007,415,72,1502,409,-1,-1,-1,-1
699,1,0,0.971923,71,267,346,82,-1,-1,-1,-1
699,2,0,0.750463,414,71,1502,410,-1,-1,-1,-1
700,1,0,0.971446,71,266,344,83,-1,-1,-1,-1
700,2,0,0.72786,412,70,1505,411,-1,-1,-1,-1
701,1,0,0.970831,71,265,343,84,-1,-1,-1,-1
701,2,0,0.704122,410,69,1508,411,-1,-1,-1,-1
702,1,0,0.971151,69,265,343,85,-1,-1,-1,-1
702,2,0,0.709895,410,69,1507,412,-1,-1,-1,-1
703,1,0,0.970589,69,265,341,85,-1,-1,-1,-1
703,2,0,0.693552,408,69,1510,412,-1,-1,-1,-1
704,1,0,0.969786,70,266,337,83,-1,-1,-1,-1
704,2,0,0.690737,406,69,1512,412,-1,-1,-1,-1
705,1,0,0.969704,70,265,338,84,-1,-1,-1,-1
705,2,0,0.689645,402,69,1517,411,-1,-1,-1,-1
706,1,0,0.968942,70,264,337,85,-1,-1,-1,-1
706,2,0,0.684552,402,69,1515,412,-1,-1,-1,-1
707,1,0,0.968708,69,264,337,85,-1,-1,-1,-1
707,2,0,0.704953,397,68,1522,412,-1,-1,-1,-1
708,1,0,0.968726,70,265,335,84,-1,-1,-1,-1
708,2,0,0.712387,397,68,1522,412,-1,-1,-1,-1
709,1,0,0.96868,71,264,332,85,-1,-1,-1,-1
709,2,0,0.706062,394,68,1524,413,-1,-1,-1,-1
710,1,0,0.96873,69,263,332,86,-1,-1,-1,-1
710,2,0,0.729283,389,68,1530,412,-1,-1,-1,-1
711,1,0,0.968297,71,263,328,85,-1,-1,-1,-1
711,2,0,0.727173,391,68,1527,412,-1,-1,-1,-1
712,1,0,0.968202,70,263,328,86,-1,-1,-1,-1
712,2,0,0.735068,387,69,1531,411,-1,-1,-1,-1
713,1,0,0.968676,71,263,327,85,-1,-1,-1,-1
713,2,0,0.731182,390,68,1528,413,-1,-1,-1,-1
714,1,0,0.967987,69,263,325,86,-1,-1,-1,-1
714,2,0,0.746233,384,68,1534,414,-1,-1,-1,-1
715,1,0,0.968175,69,264,325,85,-1,-1,-1,-1
715,2,0,0.751111,383,68,1535,413,-1,-1,-1,-1
716,1,0,0.967864,70,265,321,83,-1,-1,-1,-1
716,2,0,0.749128,381,68,1537,412,-1,-1,-1,-1
717,1,0,0.968153,69,265,320,83,-1,-1,-1,-1
717,2,0,0.746335,379,67,1539,413,-1,-1,-1,-1
718,1,0,0.967943,68,265,322,84,-1,-1,-1,-1
718,2,0,0.758816,376,66,1543,414,-1,-1,-1,-1
719,1,0,0.968466,69,265,318,83,-1,-1,-1,-1
719,2,0,0.759344,372,67,1547,413,-1,-1,-1,-1
720,1,0,0.968362,68,266,321,83,-1,-1,-1,-1
720,2,0,0.757752,372,67,1546,413,-1,-1,-1,-1
721,1,0,0.968206,69,266,317,82,-1,-1,-1,-1
721,2,0,0.75162,371,66,1548,413,-1,-1,-1,-1
722,1,0,0.967641,69,266,317,82,-1,-1,-1,-1
722,2,0,0.7519,368,65,1550,414,-1,-1,-1,-1
723,1,0,0.96838,68,266,317,82,-1,-1,-1,-1
723,2,0,0.752765,368,66,1551,413,-1,-1,-1,-1
724,1,0,0.968432,68,266,317,82,-1,-1,-1,-1
724,2,0,0.750281,366,65,1553,413,-1,-1,-1,-1
725,1,0,0.969122,68,266,314,82,-1,-1,-1,-1
725,2,0,0.731351,364,65,1555,413,-1,-1,-1,-1
726,1,0,0.970067,66,266,314,82,-1,-1,-1,-1
726,2,0,0.728295,361,67,1558,411,-1,-1,-1,-1
727,1,0,0.97037,67,267,311,81,-1,-1,-1,-1
727,2,0,0.744072,361,67,1558,411,-1,-1,-1,-1
728,1,0,0.970344,66,266,312,82,-1,-1,-1,-1
728,2,0,0.727756,357,66,1562,411,-1,-1,-1,-1
729,1,0,0.970452,67,265,308,79,-1,-1,-1,-1
729,2,0,0.70506,356,66,1563,411,-1,-1,-1,-1
730,1,0,0.970353,69,266,304,77,-1,-1,-1,-1
730,2,0,0.696862,354,66,1565,411,-1,-1,-1,-1
731,1,0,0.971168,69,266,303,78,-1,-1,-1,-1
731,2,0,0.6926,353,66,1566,411,-1,-1,-1,-1
732,1,0,0.971643,68,265,304,79,-1,-1,-1,-1
732,2,0,0.697942,351,66,1568,412,-1,-1,-1,-1
733,1,0,0.970633,70,266,291,77,-1,-1,-1,-1
733,2,0,0.702412,348,66,1571,411,-1,-1,-1,-1
734,1,0,0.971162,70,265,290,78,-1,-1,-1,-1
734,2,0,0.69884,348,65,1571,412,-1,-1,-1,-1
735,1,0,0.970908,69,265,289,79,-1,-1,-1,-1
735,2,0,0.69624,346,65,1573,412,-1,-1,-1,-1
736,1,0,0.971972,69,266,288,77,-1,-1,-1,-1
736,2,0,0.689084,345,64,1574,413,-1,-1,-1,-1
737,1,0,0.972725,70,266,284,77,-1,-1,-1,-1
737,2,0,0.697761,342,63,1577,413,-1,-1,-1,-1
738,1,0,0.972718,69,265,286,78,-1,-1,-1,-1
738,2,0,0.704481,340,64,1579,412,-1,-1,-1,-1
739,1,0,0.972867,70,266,281,76,-1,-1,-1,-1
739,2,0,0.709564,338,64,1581,412,-1,-1,-1,-1
740,1,0,0.973015,70,266,280,77,-1,-1,-1,-1
740,2,0,0.717726,338,64,1581,413,-1,-1,-1,-1
741,1,0,0.972859,70,265,280,78,-1,-1,-1,-1
741,2,0,0.718649,334,64,1585,413,-1,-1,-1,-1
742,1,0,0.973242,71,266,275,76,-1,-1,-1,-1
742,2,0,0.720299,333,64,1586,412,-1,-1,-1,-1
743,1,0,0.972906,71,266,274,77,-1,-1,-1,-1
743,2,0,0.725689,333,63,1586,413,-1,-1,-1,-1
744,1,0,0.972561,71,266,270,77,-1,-1,-1,-1
744,2,0,0.733388,330,63,1589,413,-1,-1,-1,-1
745,1,0,0.972937,71,266,269,77,-1,-1,-1,-1
745,2,0,0.729501,329,64,1590,412,-1,-1,-1,-1
746,1,0,0.972618,71,266,268,77,-1,-1,-1,-1
746,2,0,0.73572,330,62,1589,414,-1,-1,-1,-1
747,1,0,0.972863,71,266,266,77,-1,-1,-1,-1
747,2,0,0.740419,327,62,1592,413,-1,-1,-1,-1
748,1,0,0.973206,71,266,264,77,-1,-1,-1,-1
748,2,0,0.756683,324,62,1595,413,-1,-1,-1,-1
749,1,0,0.972996,70,266,265,77,-1,-1,-1,-1
749,2,0,0.751491,324,62,1595,413,-1,-1,-1,-1
750,1,0,0.972606,71,266,260,77,-1,-1,-1,-1
750,2,0,0.747954,320,63,1599,412,-1,-1,-1,-1
751,1,0,0.972811,70,266,261,77,-1,-1,-1,-1
751,2,0,0.743076,320,61,1599,415,-1,-1,-1,-1
752,1,0,0.972419,72,265,258,78,-1,-1,-1,-1
752,2,0,0.740111,317,61,1602,415,-1,-1,-1,-1
753,1,0,0.972845,70,264,261,80,-1,-1,-1,-1
753,2,0,0.73434,316,62,1603,414,-1,-1,-1,-1
754,1,0,0.972209,70,265,261,79,-1,-1,-1,-1
754,2,0,0.734552,315,61,1604,415,-1,-1,-1,-1
755,1,0,0.972609,70,265,261,80,-1,-1,-1,-1
755,2,0,0.719959,314,60,1605,416,-1,-1,-1,-1
756,1,0,0.972367,70,265,261,80,-1,-1,-1,-1
756,2,0,0.729831,312,60,1607,416,-1,-1,-1,-1
757,1,0,0.972382,70,265,259,80,-1,-1,-1,-1
757,2,0,0.736471,313,60,1606,417,-1,-1,-1,-1
758,1,0,0.97296,70,265,259,80,-1,-1,-1,-1
758,2,0,0.737694,310,60,1609,417,-1,-1,-1,-1
759,1,0,0.972437,70,265,260,80,-1,-1,-1,-1
759,2,0,0.719909,310,60,1609,417,-1,-1,-1,-1
760,1,0,0.972332,71,265,259,79,-1,-1,-1,-1
760,2,0,0.709105,307,60,1612,416,-1,-1,-1,-1
761,1,0,0.971564,70,265,259,80,-1,-1,-1,-1
761,2,0,0.698024,306,60,1613,416,-1,-1,-1,-1
762,1,0,0.970129,70,265,259,80,-1,-1,-1,-1
762,2,0,0.697193,306,61,1613,419,-1,-1,-1,-1
763,1,0,0.971214,70,266,259,79,-1,-1,-1,-1
763,2,0,0.678059,304,61,1615,415,-1,-1,-1,-1
764,1,0,0.970637,71,266,257,78,-1,-1,-1,-1
764,2,0,0.669051,302,60,1617,416,-1,-1,-1,-1
765,1,0,0.970752,71,266,257,78,-1,-1,-1,-1
765,2,0,0.685806,301,59,1618,417,-1,-1,-1,-1
766,1,0,0.970603,70,265,258,80,-1,-1,-1,-1
766,2,0,0.665602,299,60,1620,416,-1,-1,-1,-1
767,1,0,0.97038,71,265,257,80,-1,-1,-1,-1
767,2,0,0.668692,298,61,1621,419,-1,-1,-1,-1
768,1,0,0.969561,71,265,256,80,-1,-1,-1,-1
768,2,0,0.617936,297,61,1622,420,-1,-1,-1,-1
769,1,0,0.970636,70,265,255,79,-1,-1,-1,-1
769,2,0,0.633265,295,61,1624,420,-1,-1,-1,-1
770,1,0,0.970202,72,266,252,78,-1,-1,-1,-1
770,2,0,0.663632,294,62,1625,419,-1,-1,-1,-1
771,1,0,0.970535,71,266,253,78,-1,-1,-1,-1
771,2,0,0.64866,292,62,1627,418,-1,-1,-1,-1
772,1,0,0.97005,71,266,252,79,-1,-1,-1,-1
772,2,0,0.636343,292,62,1627,419,-1,-1,-1,-1
773,1,0,0.970735,70,265,253,81,-1,-1,-1,-1
773,2,0,0.646364,291,62,1628,418,-1,-1,-1,-1
774,1,0,0.970765,70,265,254,81,-1,-1,-1,-1
774,2,0,0.625511,290,62,1629,418,-1,-1,-1,-1
775,1,0,0.970146,70,265,254,80,-1,-1,-1,-1
775,2,0,0.589707,289,62,1630,418,-1,-1,-1,-1
776,1,0,0.970039,71,265,252,79,-1,-1,-1,-1
776,2,0,0.593515,288,61,1631,419,-1,-1,-1,-1
777,1,0,0.96921,70,264,253,80,-1,-1,-1,-1
777,2,0,0.58559,287,60,1632,420,-1,-1,-1,-1
778,1,0,0.969241,71,265,251,79,-1,-1,-1,-1
778,2,0,0.588278,284,60,1635,419,-1,-1,-1,-1
779,1,0,0.969908,70,265,252,79,-1,-1,-1,-1
779,2,0,0.58778,284,60,1635,420,-1,-1,-1,-1
780,1,0,0.968654,70,264,252,80,-1,-1,-1,-1
780,2,0,0.536484,283,59,1636,420,-1,-1,-1,-1
781,1,0,0.968936,70,264,250,79,-1,-1,-1,-1
781,2,0,0.545229,281,60,1638,418,-1,-1,-1,-1
782,1,0,0.969286,70,264,250,78,-1,-1,-1,-1
782,2,0,0.536188,282,60,1637,420,-1,-1,-1,-1
783,1,0,0.969551,69,265,251,78,-1,-1,-1,-1
783,2,0,0.519652,280,60,1639,419,-1,-1,-1,-1
784,1,0,0.968982,69,265,250,77,-1,-1,-1,-1
784,2,0,0.502541,279,60,1640,418,-1,-1,-1,-1
785,1,0,0.969377,70,265,248,76,-1,-1,-1,-1
785,2,0,0.863034,279,60,1640,420,-1,-1,-1,-1
786,1,0,0.96893,69,265,250,77,-1,-1,-1,-1
786,2,0,0.848449,275,61,1644,420,-1,-1,-1,-1
787,1,0,0.968656,70,266,247,75,-1,-1,-1,-1
787,2,0,0.825319,275,61,1644,419,-1,-1,-1,-1
788,1,0,0.968336,70,266,247,75,-1,-1,-1,-1
788,2,0,0.825319,275,62,1645,419,-1,-1,-1,-1
789,2,0,0.968675,273,59,1646,420,-1,-1,-1,-1
790,2,0,0.968111,273,59,1646,421,-1,-1,-1,-1
791,2,0,0.967938,271,58,1648,422,-1,-1,-1,-1
792,2,0,0.967958,269,57,1650,424,-1,-1,-1,-1
793,2,0,0.968137,268,58,1651,422,-1,-1,-1,-1
794,2,0,0.967259,268,57,1651,419,-1,-1,-1,-1
795,2,0,0.968151,268,57,1651,423,-1,-1,-1,-1
796,2,0,0.967445,264,58,1655,422,-1,-1,-1,-1
797,2,0,0.966935,265,56,1654,420,-1,-1,-1,-1
798,2,0,0.967426,264,55,1655,420,-1,-1,-1,-1
799,2,0,0.967372,265,56,1654,419,-1,-1,-1,-1
800,2,0,0.967724,264,56,1655,420,-1,-1,-1,-1
801,2,0,0.967576,262,57,1657,419,-1,-1,-1,-1
802,2,0,0.967597,261,57,1658,421,-1,-1,-1,-1
803,2,0,0.967576,260,57,1659,418,-1,-1,-1,-1
804,2,0,0.967314,261,56,1658,418,-1,-1,-1,-1
805,2,0,0.967417,259,56,1660,419,-1,-1,-1,-1
806,2,0,0.967919,258,56,1661,419,-1,-1,-1,-1
807,2,0,0.966904,258,55,1661,419,-1,-1,-1,-1
808,2,0,0.966986,259,55,1660,420,-1,-1,-1,-1
809,2,0,0.966771,256,54,1663,420,-1,-1,-1,-1
810,2,0,0.966108,255,54,1664,420,-1,-1,-1,-1
811,2,0,0.966518,254,55,1665,419,-1,-1,-1,-1
812,2,0,0.966918,256,55,1663,419,-1,-1,-1,-1
813,2,0,0.967394,255,55,1664,420,-1,-1,-1,-1
814,2,0,0.967342,253,55,1666,420,-1,-1,-1,-1
815,2,0,0.967609,250,55,1669,420,-1,-1,-1,-1
816,2,0,0.96791,251,55,1668,420,-1,-1,-1,-1
817,2,0,0.968319,252,55,1667,421,-1,-1,-1,-1
818,2,0,0.96852,251,56,1668,421,-1,-1,-1,-1
819,2,0,0.967865,248,56,1671,421,-1,-1,-1,-1
820,2,0,0.967332,248,56,1671,421,-1,-1,-1,-1
821,2,0,0.967897,248,56,1671,420,-1,-1,-1,-1
822,2,0,0.967239,250,56,1669,419,-1,-1,-1,-1
823,2,0,0.966818,248,55,1671,420,-1,-1,-1,-1
824,2,0,0.967239,246,56,1673,419,-1,-1,-1,-1
825,2,0,0.967361,247,55,1672,420,-1,-1,-1,-1
826,2,0,0.967723,246,55,1673,420,-1,-1,-1,-1
827,2,0,0.967378,246,55,1673,420,-1,-1,-1,-1
828,2,0,0.967181,246,55,1673,420,-1,-1,-1,-1
829,2,0,0.967207,244,55,1675,421,-1,-1,-1,-1
830,2,0,0.966829,243,55,1676,421,-1,-1,-1,-1
831,2,0,0.967211,243,55,1676,421,-1,-1,-1,-1
832,2,0,0.967296,244,56,1675,420,-1,-1,-1,-1
833,2,0,0.967212,244,56,1675,419,-1,-1,-1,-1
834,2,0,0.966853,243,55,1676,421,-1,-1,-1,-1
835,2,0,0.966894,243,54,1676,422,-1,-1,-1,-1
836,2,0,0.966946,241,54,1678,423,-1,-1,-1,-1
837,2,0,0.966697,241,55,1678,421,-1,-1,-1,-1
838,2,0,0.966225,239,55,1680,420,-1,-1,-1,-1
839,2,0,0.966332,240,54,1679,420,-1,-1,-1,-1
840,2,0,0.966352,239,54,1680,420,-1,-1,-1,-1
841,2,0,0.966034,239,55,1680,420,-1,-1,-1,-1
842,2,0,0.966003,239,55,1680,420,-1,-1,-1,-1
843,2,0,0.965945,236,55,1683,419,-1,-1,-1,-1
844,2,0,0.965466,235,56,1684,418,-1,-1,-1,-1
845,2,0,0.965428,234,56,1685,418,-1,-1,-1,-1
846,2,0,0.964999,235,55,1684,419,-1,-1,-1,-1
847,2,0,0.965014,234,54,1685,421,-1,-1,-1,-1
848,2,0,0.965042,234,54,1685,423,-1,-1,-1,-1
849,2,0,0.964903,233,55,1686,423,-1,-1,-1,-1
850,2,0,0.964131,234,54,1685,424,-1,-1,-1,-1
851,2,0,0.964013,233,54,1686,424,-1,-1,-1,-1
852,2,0,0.963845,231,54,1688,422,-1,-1,-1,-1
853,2,0,0.963928,231,54,1688,421,-1,-1,-1,-1
854,2,0,0.963891,230,54,1689,422,-1,-1,-1,-1
855,2,0,0.964406,230,54,1689,422,-1,-1,-1,-1
856,2,0,0.963952,230,54,1689,423,-1,-1,-1,-1
857,2,0,0.963536,228,55,1691,423,-1,-1,-1,-1
858,2,0,0.963248,229,54,1690,424,-1,-1,-1,-1
859,2,0,0.963071,227,54,1692,423,-1,-1,-1,-1
860,2,0,0.963093,226,53,1693,423,-1,-1,-1,-1
861,2,0,0.963161,226,53,1693,423,-1,-1,-1,-1
862,2,0,0.962795,225,53,1694,423,-1,-1,-1,-1
863,2,0,0.962397,225,53,1694,423,-1,-1,-1,-1
864,2,0,0.962521,226,53,1693,424,-1,-1,-1,-1
865,2,0,0.962184,224,53,1695,425,-1,-1,-1,-1
866,2,0,0.961754,225,53,1694,425,-1,-1,-1,-1
867,2,0,0.96166,222,53,1697,425,-1,-1,-1,-1
868,2,0,0.960518,222,52,1697,426,-1,-1,-1,-1
869,2,0,0.961209,220,52,1699,425,-1,-1,-1,-1
870,2,0,0.960188,221,53,1698,424,-1,-1,-1,-1
871,2,0,0.96058,222,52,1697,425,-1,-1,-1,-1
872,2,0,0.959893,220,52,1699,426,-1,-1,-1,-1
873,2,0,0.959943,220,52,1699,426,-1,-1,-1,-1
874,2,0,0.9602,220,52,1699,426,-1,-1,-1,-1
875,2,0,0.959776,220,52,1699,426,-1,-1,-1,-1
876,2,0,0.959434,219,53,1700,425,-1,-1,-1,-1
877,2,0,0.959277,218,52,1701,425,-1,-1,-1,-1
878,2,0,0.959296,218,52,1701,425,-1,-1,-1,-1
879,2,0,0.959267,218,53,1701,424,-1,-1,-1,-1
880,2,0,0.960054,218,52,1701,424,-1,-1,-1,-1
881,2,0,0.95973,218,52,1701,424,-1,-1,-1,-1
882,2,0,0.959559,216,53,1703,425,-1,-1,-1,-1
883,2,0,0.959239,216,53,1703,425,-1,-1,-1,-1
884,2,0,0.959243,216,52,1703,426,-1,-1,-1,-1
885,2,0,0.960107,217,52,1702,426,-1,-1,-1,-1
886,2,0,0.959871,218,52,1701,426,-1,-1,-1,-1
887,2,0,0.959443,217,53,1702,425,-1,-1,-1,-1
888,2,0,0.959817,217,52,1702,425,-1,-1,-1,-1
889,2,0,0.959418,218,52,1701,426,-1,-1,-1,-1
890,2,0,0.959882,216,53,1703,426,-1,-1,-1,-1
891,2,0,0.959231,215,53,1704,426,-1,-1,-1,-1
892,2,0,0.95908,215,53,1704,426,-1,-1,-1,-1
893,2,0,0.959246,215,53,1704,426,-1,-1,-1,-1
894,2,0,0.958187,214,53,1705,426,-1,-1,-1,-1
895,2,0,0.958382,214,53,1705,426,-1,-1,-1,-1
896,2,0,0.959351,214,53,1705,425,-1,-1,-1,-1
897,2,0,0.959001,215,52,1704,425,-1,-1,-1,-1
898,2,0,0.959544,215,52,1704,425,-1,-1,-1,-1
899,2,0,0.959377,215,52,1704,425,-1,-1,-1,-1
900,2,0,0.95874,213,53,1706,424,-1,-1,-1,-1
901,2,0,0.959008,214,53,1705,424,-1,-1,-1,-1
902,2,0,0.95899,213,54,1706,423,-1,-1,-1,-1
903,2,0,0.958631,214,53,1705,424,-1,-1,-1,-1
904,2,0,0.958741,214,52,1705,424,-1,-1,-1,-1
905,2,0,0.958989,214,52,1705,424,-1,-1,-1,-1
906,2,0,0.958785,214,52,1705,424,-1,-1,-1,-1
907,2,0,0.958256,213,52,1706,424,-1,-1,-1,-1
908,2,0,0.958723,213,52,1706,424,-1,-1,-1,-1
909,2,0,0.958514,212,52,1707,424,-1,-1,-1,-1
910,2,0,0.958323,211,53,1708,423,-1,-1,-1,-1
911,2,0,0.958391,212,52,1707,423,-1,-1,-1,-1
912,2,0,0.958412,212,52,1707,424,-1,-1,-1,-1
913,2,0,0.958769,211,53,1708,423,-1,-1,-1,-1
914,2,0,0.95852,212,53,1707,423,-1,-1,-1,-1
915,2,0,0.958423,212,54,1707,423,-1,-1,-1,-1
916,2,0,0.958265,212,54,1707,423,-1,-1,-1,-1
917,2,0,0.958642,212,54,1707,423,-1,-1,-1,-1
918,2,0,0.958629,211,54,1708,422,-1,-1,-1,-1
919,2,0,0.958364,212,55,1707,422,-1,-1,-1,-1
920,2,0,0.958457,212,54,1707,423,-1,-1,-1,-1
921,2,0,0.958331,211,54,1708,423,-1,-1,-1,-1
922,2,0,0.958905,211,54,1708,423,-1,-1,-1,-1
923,2,0,0.958727,210,54,1709,422,-1,-1,-1,-1
924,2,0,0.959033,211,54,1708,423,-1,-1,-1,-1
925,2,0,0.959206,210,54,1709,423,-1,-1,-1,-1
926,2,0,0.958775,210,54,1709,422,-1,-1,-1,-1
927,2,0,0.958891,211,53,1708,422,-1,-1,-1,-1
928,2,0,0.958506,212,53,1707,422,-1,-1,-1,-1
929,2,0,0.958784,212,53,1707,422,-1,-1,-1,-1
930,2,0,0.958659,212,53,1707,422,-1,-1,-1,-1
931,2,0,0.958655,212,53,1707,422,-1,-1,-1,-1
932,2,0,0.958802,212,53,1707,422,-1,-1,-1,-1
933,2,0,0.958997,212,53,1707,422,-1,-1,-1,-1
934,2,0,0.959092,212,53,1707,422,-1,-1,-1,-1
935,2,0,0.958828,211,53,1708,422,-1,-1,-1,-1
936,2,0,0.958971,211,53,1708,422,-1,-1,-1,-1
937,2,0,0.959282,211,53,1708,422,-1,-1,-1,-1
938,2,0,0.959108,211,53,1708,422,-1,-1,-1,-1
939,2,0,0.958765,212,53,1707,422,-1,-1,-1,-1
940,2,0,0.959182,212,53,1707,422,-1,-1,-1,-1
941,2,0,0.959442,212,53,1707,422,-1,-1,-1,-1
942,2,0,0.958902,212,53,1707,422,-1,-1,-1,-1
943,2,0,0.959264,212,54,1707,422,-1,-1,-1,-1
944,2,0,0.958508,212,54,1707,422,-1,-1,-1,-1
945,2,0,0.959022,212,53,1707,423,-1,-1,-1,-1
946,2,0,0.959891,211,54,1708,422,-1,-1,-1,-1
947,2,0,0.959976,212,54,1707,423,-1,-1,-1,-1
948,2,0,0.959849,211,54,1708,422,-1,-1,-1,-1
949,2,0,0.95997,212,55,1707,422,-1,-1,-1,-1
950,2,0,0.95993,212,54,1707,422,-1,-1,-1,-1
951,2,0,0.960288,212,54,1707,423,-1,-1,-1,-1
952,2,0,0.960001,211,54,1708,423,-1,-1,-1,-1
953,2,0,0.960029,211,54,1708,422,-1,-1,-1,-1
954,2,0,0.960041,212,54,1707,423,-1,-1,-1,-1
955,2,0,0.960142,211,53,1708,424,-1,-1,-1,-1
956,2,0,0.959966,211,53,1708,424,-1,-1,-1,-1
957,2,0,0.960089,211,53,1708,424,-1,-1,-1,-1
958,2,0,0.960104,211,54,1708,423,-1,-1,-1,-1
959,2,0,0.959788,211,54,1708,423,-1,-1,-1,-1
960,2,0,0.959992,211,53,1708,423,-1,-1,-1,-1
961,2,0,0.95974,211,53,1708,423,-1,-1,-1,-1
962,2,0,0.959941,211,53,1708,423,-1,-1,-1,-1
963,2,0,0.959296,211,53,1708,424,-1,-1,-1,-1
964,2,0,0.959542,211,52,1708,424,-1,-1,-1,-1
965,2,0,0.958927,211,53,1708,423,-1,-1,-1,-1
966,2,0,0.958588,212,53,1707,424,-1,-1,-1,-1
967,2,0,0.958714,211,52,1708,424,-1,-1,-1,-1
968,2,0,0.959207,211,52,1708,424,-1,-1,-1,-1
969,2,0,0.95904,211,53,1708,423,-1,-1,-1,-1
970,2,0,0.958575,213,54,1706,423,-1,-1,-1,-1
971,2,0,0.958396,213,54,1706,423,-1,-1,-1,-1
972,2,0,0.959751,213,54,1706,423,-1,-1,-1,-1
973,2,0,0.958976,213,54,1706,423,-1,-1,-1,-1
974,2,0,0.958794,213,54,1706,423,-1,-1,-1,-1
975,2,0,0.959333,212,54,1707,422,-1,-1,-1,-1
976,2,0,0.958643,213,53,1706,422,-1,-1,-1,-1
977,2,0,0.95864,213,53,1706,423,-1,-1,-1,-1
978,2,0,0.95934,212,54,1707,422,-1,-1,-1,-1
979,2,0,0.958742,213,53,1706,422,-1,-1,-1,-1
980,2,0,0.958572,213,53,1706,422,-1,-1,-1,-1
981,2,0,0.95873,213,53,1706,422,-1,-1,-1,-1
982,2,0,0.958769,213,53,1706,422,-1,-1,-1,-1
983,2,0,0.958636,213,53,1706,423,-1,-1,-1,-1
984,2,0,0.958727,212,52,1707,423,-1,-1,-1,-1
985,2,0,0.959564,212,53,1707,422,-1,-1,-1,-1
986,2,0,0.95903,213,54,1706,421,-1,-1,-1,-1
987,2,0,0.959348,213,54,1706,421,-1,-1,-1,-1
988,2,0,0.959982,214,54,1705,421,-1,-1,-1,-1
989,2,0,0.960383,213,54,1706,422,-1,-1,-1,-1
990,2,0,0.960208,213,55,1706,422,-1,-1,-1,-1
991,2,0,0.960152,213,54,1706,423,-1,-1,-1,-1
992,2,0,0.959789,212,54,1707,422,-1,-1,-1,-1
993,2,0,0.959846,213,54,1706,422,-1,-1,-1,-1
994,2,0,0.960384,213,55,1706,422,-1,-1,-1,-1
995,2,0,0.960083,213,54,1706,422,-1,-1,-1,-1
996,2,0,0.960539,212,54,1707,421,-1,-1,-1,-1
997,2,0,0.960371,213,54,1706,422,-1,-1,-1,-1
998,2,0,0.959729,212,54,1707,422,-1,-1,-1,-1
999,2,0,0.959707,213,53,1706,422,-1,-1,-1,-1
1000,2,0,0.959578,213,53,1706,423,-1,-1,-1,-1
1001,2,0,0.960364,212,54,1707,422,-1,-1,-1,-1
1002,2,0,0.959966,213,53,1706,422,-1,-1,-1,-1
1003,2,0,0.960194,212,53,1707,422,-1,-1,-1,-1
1004,2,0,0.959928,212,53,1707,422,-1,-1,-1,-1
1005,2,0,0.959818,212,53,1707,422,-1,-1,-1,-1
1006,2,0,0.959902,212,54,1707,422,-1,-1,-1,-1
1007,2,0,0.959973,212,54,1707,423,-1,-1,-1,-1
1008,2,0,0.960097,211,54,1708,423,-1,-1,-1,-1
1009,2,0,0.959849,211,54,1708,423,-1,-1,-1,-1
1010,2,0,0.95942,211,54,1708,423,-1,-1,-1,-1
1011,2,0,0.959625,211,54,1708,423,-1,-1,-1,-1
1012,2,0,0.959873,212,54,1707,423,-1,-1,-1,-1
1013,2,0,0.959693,212,54,1707,423,-1,-1,-1,-1
1014,2,0,0.959997,212,54,1707,423,-1,-1,-1,-1
1015,2,0,0.959923,212,54,1707,423,-1,-1,-1,-1
1016,2,0,0.960178,211,54,1708,423,-1,-1,-1,-1
1017,2,0,0.960164,212,54,1707,423,-1,-1,-1,-1
1018,2,0,0.959753,212,54,1707,423,-1,-1,-1,-1
1019,2,0,0.960189,211,54,1708,423,-1,-1,-1,-1
1020,2,0,0.959602,212,54,1707,423,-1,-1,-1,-1
1021,2,0,0.95898,212,54,1707,423,-1,-1,-1,-1
1022,2,0,0.959488,212,54,1707,423,-1,-1,-1,-1
1023,2,0,0.95946,212,54,1707,423,-1,-1,-1,-1
1024,2,0,0.959112,212,54,1707,423,-1,-1,-1,-1
1025,2,0,0.958763,212,54,1707,423,-1,-1,-1,-1
1026,2,0,0.957908,212,53,1707,424,-1,-1,-1,-1
1027,2,0,0.958819,212,54,1707,423,-1,-1,-1,-1
1028,2,0,0.958355,211,54,1708,422,-1,-1,-1,-1
1029,2,0,0.958549,212,55,1707,422,-1,-1,-1,-1
1030,2,0,0.958268,212,54,1707,423,-1,-1,-1,-1
1031,2,0,0.958329,211,53,1708,423,-1,-1,-1,-1
1032,2,0,0.958094,211,54,1708,422,-1,-1,-1,-1
1033,2,0,0.958428,213,54,1706,423,-1,-1,-1,-1
1034,2,0,0.958586,213,53,1706,423,-1,-1,-1,-1
1035,2,0,0.958854,214,53,1705,424,-1,-1,-1,-1
1036,2,0,0.958638,213,54,1706,424,-1,-1,-1,-1
1037,2,0,0.958979,213,54,1706,423,-1,-1,-1,-1
1038,2,0,0.958317,213,53,1706,423,-1,-1,-1,-1
1039,2,0,0.95841,211,54,1708,422,-1,-1,-1,-1
