1,1,517,259,872,265,-1,0,0,-1
1,2,786,292,421,340,-1,0,0,-1
2,1,517,259,872,265,-1,0,0,-1
2,2,786,292,421,340,-1,0,0,-1
3,1,517,259,872,265,-1,0,0,-1
3,2,786,292,421,340,-1,0,0,-1
4,1,517,259,872,265,-1,0,0,-1
4,2,786,292,421,340,-1,0,0,-1
5,1,517,259,872,265,-1,0,0,-1
5,2,786,292,421,340,-1,0,0,-1
6,1,517,259,872,265,-1,0,0,-1
6,2,786,292,421,340,-1,0,0,-1
7,1,517,259,872,265,-1,0,0,-1
7,2,786,292,421,340,-1,0,0,-1
8,1,515,259,874,265,-1,0,0,-1
8,2,786,292,421,340,-1,0,0,-1
9,1,517,259,872,265,-1,0,0,-1
9,2,786,292,421,340,-1,0,0,-1
10,1,513,258,877,266,-1,0,0,-1
10,2,786,292,421,340,-1,0,0,-1
11,1,513,258,876,266,-1,0,0,-1
11,2,786,292,421,340,-1,0,0,-1
12,1,512,259,875,265,-1,0,0,-1
12,2,786,292,421,340,-1,0,0,-1
13,1,512,259,875,265,-1,0,0,-1
13,2,786,292,420,340,-1,0,0,-1
14,1,511,259,876,265,-1,0,0,-1
14,2,786,292,421,340,-1,0,0,-1
15,1,511,259,876,265,-1,0,0,-1
15,2,786,292,421,340,-1,0,0,-1
16,1,507,259,880,265,-1,0,0,-1
16,2,786,292,421,340,-1,0,0,-1
17,1,507,259,880,265,-1,0,0,-1
17,2,786,292,421,340,-1,0,0,-1
18,1,507,259,880,265,-1,0,0,-1
18,2,786,292,421,340,-1,0,0,-1
19,1,507,259,880,265,-1,0,0,-1
19,2,786,292,421,340,-1,0,0,-1
20,1,507,259,880,265,-1,0,0,-1
20,2,786,292,421,340,-1,0,0,-1
21,1,502,259,885,265,-1,0,0,-1
21,2,786,292,421,340,-1,0,0,-1
22,1,502,259,885,265,-1,0,0,-1
22,2,786,292,421,340,-1,0,0,-1
23,1,502,259,885,265,-1,0,0,-1
23,2,786,292,421,340,-1,0,0,-1
24,1,502,259,885,265,-1,0,0,-1
24,2,786,292,421,340,-1,0,0,-1
25,1,502,259,885,265,-1,0,0,-1
25,2,786,292,421,340,-1,0,0,-1
26,1,501,259,886,265,-1,0,0,-1
26,2,786,292,421,340,-1,0,0,-1
27,1,501,259,886,265,-1,0,0,-1
27,2,786,292,421,340,-1,0,0,-1
28,1,501,259,886,265,-1,0,0,-1
28,2,786,292,420,339,-1,0,0,-1
29,1,499,258,889,266,-1,0,0,-1
29,2,786,292,421,340,-1,0,0,-1
30,1,500,259,887,266,-1,0,0,-1
30,2,786,292,421,340,-1,0,0,-1
31,1,502,259,885,265,-1,0,0,-1
31,2,786,292,421,340,-1,0,0,-1
32,1,498,258,890,266,-1,0,0,-1
32,2,786,292,421,340,-1,0,0,-1
33,1,502,259,885,265,-1,0,0,-1
33,2,786,292,421,340,-1,0,0,-1
34,1,502,259,885,265,-1,0,0,-1
34,2,786,292,421,340,-1,0,0,-1
35,1,502,259,885,265,-1,0,0,-1
35,2,786,292,421,340,-1,0,0,-1
36,1,495,259,892,265,-1,0,0,-1
36,2,786,292,421,340,-1,0,0,-1
37,1,495,259,892,265,-1,0,0,-1
37,2,786,292,421,340,-1,0,0,-1
38,1,495,259,892,265,-1,0,0,-1
38,2,786,292,421,340,-1,0,0,-1
39,1,495,259,892,265,-1,0,0,-1
39,2,786,292,421,340,-1,0,0,-1
40,1,495,259,892,265,-1,0,0,-1
40,2,786,292,421,340,-1,0,0,-1
41,1,490,259,897,265,-1,0,0,-1
41,2,786,292,421,340,-1,0,0,-1
42,1,490,259,897,265,-1,0,0,-1
42,2,786,292,421,340,-1,0,0,-1
43,1,490,259,897,265,-1,0,0,-1
43,2,786,292,421,340,-1,0,0,-1
44,1,490,259,897,265,-1,0,0,-1
44,2,786,292,421,340,-1,0,0,-1
45,1,490,259,897,265,-1,0,0,-1
45,2,786,292,421,340,-1,0,0,-1
46,1,489,259,897,265,-1,0,0,-1
46,2,786,292,421,340,-1,0,0,-1
47,1,490,259,897,265,-1,0,0,-1
47,2,786,292,421,340,-1,0,0,-1
48,1,488,258,900,266,-1,0,0,-1
48,2,786,292,421,340,-1,0,0,-1
49,1,488,259,899,266,-1,0,0,-1
49,2,786,292,421,340,-1,0,0,-1
50,1,488,259,899,265,-1,0,0,-1
50,2,786,292,421,340,-1,0,0,-1
51,1,489,259,898,265,-1,0,0,-1
51,2,786,292,421,340,-1,0,0,-1
52,1,485,258,903,267,-1,0,0,-1
52,2,786,292,421,340,-1,0,0,-1
53,1,490,259,897,265,-1,0,0,-1
53,2,786,292,421,340,-1,0,0,-1
54,1,484,258,904,267,-1,0,0,-1
54,2,786,292,421,340,-1,0,0,-1
55,1,490,259,897,265,-1,0,0,-1
55,2,786,292,421,340,-1,0,0,-1
56,1,487,258,900,266,-1,0,0,-1
56,2,786,292,421,340,-1,0,0,-1
57,1,482,259,898,265,-1,0,0,-1
57,2,786,292,421,340,-1,0,0,-1
58,1,482,259,898,265,-1,0,0,-1
58,2,786,292,421,340,-1,0,0,-1
59,1,482,259,898,265,-1,0,0,-1
59,2,786,292,421,340,-1,0,0,-1
60,1,482,259,898,265,-1,0,0,-1
60,2,786,292,421,340,-1,0,0,-1
61,1,482,259,898,265,-1,0,0,-1
61,2,786,292,421,340,-1,0,0,-1
62,1,482,259,898,265,-1,0,0,-1
62,2,786,292,421,340,-1,0,0,-1
63,1,479,258,901,266,-1,0,0,-1
63,2,786,292,421,340,-1,0,0,-1
64,1,481,259,898,265,-1,0,0,-1
64,2,786,292,421,340,-1,0,0,-1
65,1,480,259,900,266,-1,0,0,-1
65,2,786,292,421,340,-1,0,0,-1
66,1,478,258,903,267,-1,0,0,-1
66,2,786,292,421,340,-1,0,0,-1
67,1,478,258,903,267,-1,0,0,-1
67,2,786,292,421,340,-1,0,0,-1
68,1,482,259,898,265,-1,0,0,-1
68,2,786,292,421,340,-1,0,0,-1
69,1,477,258,904,267,-1,0,0,-1
69,2,786,292,421,340,-1,0,0,-1
70,1,482,259,898,265,-1,0,0,-1
70,2,786,292,421,340,-1,0,0,-1
71,1,482,259,897,265,-1,0,0,-1
71,2,786,292,421,340,-1,0,0,-1
72,1,473,259,907,265,-1,0,0,-1
72,2,786,292,421,340,-1,0,0,-1
73,1,473,259,907,265,-1,0,0,-1
73,2,786,292,421,340,-1,0,0,-1
74,1,473,259,907,265,-1,0,0,-1
74,2,786,292,421,340,-1,0,0,-1
75,1,468,259,912,265,-1,0,0,-1
75,2,786,292,421,340,-1,0,0,-1
76,1,468,259,912,265,-1,0,0,-1
76,2,786,292,421,340,-1,0,0,-1
77,1,468,259,912,265,-1,0,0,-1
77,2,786,292,421,340,-1,0,0,-1
78,1,467,259,913,265,-1,0,0,-1
78,2,786,292,421,340,-1,0,0,-1
79,1,467,259,913,265,-1,0,0,-1
79,2,786,292,421,340,-1,0,0,-1
80,1,466,259,914,266,-1,0,0,-1
80,2,786,292,421,340,-1,0,0,-1
81,1,467,259,913,265,-1,0,0,-1
81,2,786,292,421,340,-1,0,0,-1
82,1,465,258,916,266,-1,0,0,-1
82,2,786,292,421,340,-1,0,0,-1
83,1,465,258,916,266,-1,0,0,-1
83,2,786,292,421,340,-1,0,0,-1
84,1,465,258,916,266,-1,0,0,-1
84,2,786,292,421,340,-1,0,0,-1
85,1,465,258,916,266,-1,0,0,-1
85,2,786,292,421,340,-1,0,0,-1
86,1,460,258,921,266,-1,0,0,-1
86,2,786,292,421,340,-1,0,0,-1
87,1,460,258,921,266,-1,0,0,-1
87,2,786,292,421,340,-1,0,0,-1
88,1,460,258,921,266,-1,0,0,-1
88,2,786,292,421,340,-1,0,0,-1
89,1,460,258,921,266,-1,0,0,-1
89,2,786,292,421,340,-1,0,0,-1
90,1,460,258,921,266,-1,0,0,-1
90,2,786,292,421,340,-1,0,0,-1
91,1,460,258,921,266,-1,0,0,-1
91,2,786,292,421,340,-1,0,0,-1
92,1,460,258,921,266,-1,0,0,-1
92,2,786,292,421,340,-1,0,0,-1
93,1,457,258,924,266,-1,0,0,-1
93,2,786,292,421,340,-1,0,0,-1
94,1,457,258,924,266,-1,0,0,-1
94,2,786,292,421,340,-1,0,0,-1
95,1,457,258,924,266,-1,0,0,-1
95,2,786,292,421,340,-1,0,0,-1
96,1,457,258,924,266,-1,0,0,-1
96,2,786,292,421,340,-1,0,0,-1
97,1,457,258,924,266,-1,0,0,-1
97,2,786,292,421,340,-1,0,0,-1
98,1,457,258,924,266,-1,0,0,-1
98,2,786,292,421,340,-1,0,0,-1
99,1,457,258,924,266,-1,0,0,-1
99,2,786,292,421,340,-1,0,0,-1
100,1,454,257,928,267,-1,0,0,-1
100,2,786,292,421,340,-1,0,0,-1
101,1,456,258,925,266,-1,0,0,-1
101,2,786,292,421,340,-1,0,0,-1
102,1,456,258,925,266,-1,0,0,-1
102,2,786,292,421,340,-1,0,0,-1
103,1,456,258,925,266,-1,0,0,-1
103,2,786,292,421,340,-1,0,0,-1
104,1,449,258,932,266,-1,0,0,-1
104,2,786,292,421,340,-1,0,0,-1
105,1,449,258,932,266,-1,0,0,-1
105,2,786,292,421,340,-1,0,0,-1
106,1,449,258,932,266,-1,0,0,-1
106,2,786,292,421,340,-1,0,0,-1
107,1,449,258,932,266,-1,0,0,-1
107,2,786,292,421,340,-1,0,0,-1
108,1,449,258,932,266,-1,0,0,-1
108,2,786,292,421,340,-1,0,0,-1
109,1,447,258,934,267,-1,0,0,-1
109,2,786,292,421,340,-1,0,0,-1
110,1,449,258,932,266,-1,0,0,-1
110,2,786,292,421,340,-1,0,0,-1
111,1,449,258,932,266,-1,0,0,-1
111,2,786,292,421,340,-1,0,0,-1
112,1,446,257,935,267,-1,0,0,-1
112,2,786,292,421,340,-1,0,0,-1
113,1,448,258,933,266,-1,0,0,-1
113,2,786,292,421,340,-1,0,0,-1
114,1,447,258,934,266,-1,0,0,-1
114,2,786,292,421,340,-1,0,0,-1
115,1,445,257,937,267,-1,0,0,-1
115,2,786,292,421,340,-1,0,0,-1
116,1,444,257,938,268,-1,0,0,-1
116,2,786,292,421,340,-1,0,0,-1
117,1,449,258,932,266,-1,0,0,-1
117,2,786,292,421,340,-1,0,0,-1
118,1,449,258,931,266,-1,0,0,-1
118,2,786,292,421,340,-1,0,0,-1
119,1,449,258,932,266,-1,0,0,-1
119,2,786,292,421,340,-1,0,0,-1
120,1,441,258,940,267,-1,0,0,-1
120,2,786,292,421,340,-1,0,0,-1
121,1,441,258,940,267,-1,0,0,-1
121,2,786,292,421,340,-1,0,0,-1
122,1,441,258,940,267,-1,0,0,-1
122,2,786,292,421,340,-1,0,0,-1
123,1,441,258,940,267,-1,0,0,-1
123,2,786,292,421,340,-1,0,0,-1
124,1,441,258,940,267,-1,0,0,-1
124,2,786,292,421,340,-1,0,0,-1
125,1,436,258,941,267,-1,0,0,-1
125,2,786,292,421,340,-1,0,0,-1
126,1,436,258,941,267,-1,0,0,-1
126,2,786,292,421,340,-1,0,0,-1
127,1,436,258,941,267,-1,0,0,-1
127,2,786,292,421,340,-1,0,0,-1
128,1,436,258,941,267,-1,0,0,-1
128,2,786,292,421,340,-1,0,0,-1
129,1,436,258,941,267,-1,0,0,-1
129,2,786,292,421,340,-1,0,0,-1
130,1,436,258,941,267,-1,0,0,-1
130,2,786,292,421,340,-1,0,0,-1
131,1,436,258,941,267,-1,0,0,-1
131,2,786,292,421,340,-1,0,0,-1
132,1,435,258,941,267,-1,0,0,-1
132,2,786,292,421,340,-1,0,0,-1
133,1,436,258,941,267,-1,0,0,-1
133,2,786,292,421,340,-1,0,0,-1
134,1,435,258,941,267,-1,0,0,-1
134,2,786,292,421,340,-1,0,0,-1
135,1,436,258,941,267,-1,0,0,-1
135,2,786,292,421,340,-1,0,0,-1
136,1,433,257,945,268,-1,0,0,-1
136,2,786,292,421,340,-1,0,0,-1
137,1,432,257,946,269,-1,0,0,-1
137,2,786,292,421,340,-1,0,0,-1
138,1,431,258,944,267,-1,0,0,-1
138,2,786,292,421,340,-1,0,0,-1
139,1,431,258,944,267,-1,0,0,-1
139,2,786,292,421,340,-1,0,0,-1
140,1,431,258,944,267,-1,0,0,-1
140,2,786,292,421,340,-1,0,0,-1
141,1,431,258,944,267,-1,0,0,-1
141,2,786,292,421,340,-1,0,0,-1
142,1,431,258,944,267,-1,0,0,-1
142,2,786,292,421,340,-1,0,0,-1
143,1,431,258,944,267,-1,0,0,-1
143,2,786,292,421,340,-1,0,0,-1
144,1,431,258,944,267,-1,0,0,-1
144,2,786,292,421,340,-1,0,0,-1
145,1,430,258,944,267,-1,0,0,-1
145,2,786,292,421,340,-1,0,0,-1
146,1,430,258,945,267,-1,0,0,-1
146,2,786,292,421,340,-1,0,0,-1
147,1,431,258,944,267,-1,0,0,-1
147,2,786,292,421,340,-1,0,0,-1
148,1,428,257,948,268,-1,0,0,-1
148,2,786,292,421,340,-1,0,0,-1
149,1,425,258,950,267,-1,0,0,-1
149,2,786,292,421,340,-1,0,0,-1
150,1,425,258,950,267,-1,0,0,-1
150,2,786,292,421,340,-1,0,0,-1
151,1,425,258,950,267,-1,0,0,-1
151,2,786,292,421,340,-1,0,0,-1
152,1,425,258,950,267,-1,0,0,-1
152,2,786,292,421,340,-1,0,0,-1
153,1,425,258,950,267,-1,0,0,-1
153,2,786,292,421,340,-1,0,0,-1
154,1,425,258,950,267,-1,0,0,-1
154,2,786,292,421,340,-1,0,0,-1
155,1,423,258,949,267,-1,0,0,-1
155,2,786,292,421,340,-1,0,0,-1
156,1,423,258,949,267,-1,0,0,-1
156,2,786,292,421,340,-1,0,0,-1
157,1,423,258,949,267,-1,0,0,-1
157,2,786,292,421,340,-1,0,0,-1
158,1,423,258,949,267,-1,0,0,-1
158,2,786,292,421,340,-1,0,0,-1
159,1,423,258,949,267,-1,0,0,-1
159,2,786,292,421,340,-1,0,0,-1
160,1,422,258,950,267,-1,0,0,-1
160,2,786,292,421,340,-1,0,0,-1
161,1,422,258,950,267,-1,0,0,-1
161,2,786,292,421,340,-1,0,0,-1
162,1,421,258,951,267,-1,0,0,-1
162,2,786,292,421,340,-1,0,0,-1
163,1,420,257,953,268,-1,0,0,-1
163,2,786,292,421,340,-1,0,0,-1
164,1,419,257,954,268,-1,0,0,-1
164,2,786,292,421,340,-1,0,0,-1
165,1,423,258,949,267,-1,0,0,-1
165,2,786,292,421,340,-1,0,0,-1
166,1,422,258,950,267,-1,0,0,-1
166,2,786,292,421,340,-1,0,0,-1
167,1,414,258,958,267,-1,0,0,-1
167,2,786,292,421,340,-1,0,0,-1
168,1,414,258,958,267,-1,0,0,-1
168,2,786,292,421,340,-1,0,0,-1
169,1,414,258,958,267,-1,0,0,-1
169,2,786,292,421,340,-1,0,0,-1
170,1,414,258,958,267,-1,0,0,-1
170,2,786,292,421,340,-1,0,0,-1
171,1,413,258,959,267,-1,0,0,-1
171,2,786,292,421,340,-1,0,0,-1
172,1,413,258,959,267,-1,0,0,-1
172,2,786,292,421,340,-1,0,0,-1
173,1,413,258,959,267,-1,0,0,-1
173,2,786,292,421,340,-1,0,0,-1
174,1,413,258,959,267,-1,0,0,-1
174,2,786,292,421,340,-1,0,0,-1
175,1,414,258,958,267,-1,0,0,-1
175,2,786,292,421,340,-1,0,0,-1
176,1,410,257,962,268,-1,0,0,-1
176,2,786,292,421,340,-1,0,0,-1
177,1,408,257,963,268,-1,0,0,-1
177,2,786,292,421,340,-1,0,0,-1
178,1,408,257,963,268,-1,0,0,-1
178,2,786,292,421,340,-1,0,0,-1
179,1,408,257,963,268,-1,0,0,-1
179,2,786,292,421,340,-1,0,0,-1
180,1,407,257,964,268,-1,0,0,-1
180,2,786,292,421,340,-1,0,0,-1
181,1,407,257,964,268,-1,0,0,-1
181,2,786,292,421,340,-1,0,0,-1
182,1,407,257,964,268,-1,0,0,-1
182,2,786,292,421,340,-1,0,0,-1
183,1,407,257,964,268,-1,0,0,-1
183,2,786,292,421,340,-1,0,0,-1
184,1,403,257,968,268,-1,0,0,-1
184,2,786,292,421,340,-1,0,0,-1
185,1,403,257,968,268,-1,0,0,-1
185,2,786,292,421,340,-1,0,0,-1
186,1,403,257,968,268,-1,0,0,-1
186,2,786,292,421,340,-1,0,0,-1
187,1,403,257,968,268,-1,0,0,-1
187,2,786,292,421,340,-1,0,0,-1
188,1,403,257,968,268,-1,0,0,-1
188,2,786,292,421,340,-1,0,0,-1
189,1,403,257,968,268,-1,0,0,-1
189,2,786,292,421,340,-1,0,0,-1
190,1,403,257,968,268,-1,0,0,-1
190,2,786,292,421,340,-1,0,0,-1
191,1,400,257,971,269,-1,0,0,-1
191,2,786,292,421,340,-1,0,0,-1
192,1,401,257,971,269,-1,0,0,-1
192,2,786,292,421,340,-1,0,0,-1
193,1,399,256,972,269,-1,0,0,-1
193,2,786,292,421,340,-1,0,0,-1
194,1,402,257,969,268,-1,0,0,-1
194,2,786,292,421,340,-1,0,0,-1
195,1,398,256,973,270,-1,0,0,-1
195,2,786,292,421,340,-1,0,0,-1
196,1,396,257,972,268,-1,0,0,-1
196,2,786,292,421,340,-1,0,0,-1
197,1,396,257,972,268,-1,0,0,-1
197,2,786,292,421,340,-1,0,0,-1
198,1,396,257,972,268,-1,0,0,-1
198,2,786,292,421,340,-1,0,0,-1
199,1,396,257,972,268,-1,0,0,-1
199,2,786,292,421,340,-1,0,0,-1
200,1,396,257,972,268,-1,0,0,-1
200,2,786,292,421,340,-1,0,0,-1
201,1,395,257,973,268,-1,0,0,-1
201,2,786,292,421,340,-1,0,0,-1
202,1,392,257,976,268,-1,0,0,-1
202,2,786,292,421,340,-1,0,0,-1
203,1,392,257,976,268,-1,0,0,-1
203,2,786,292,421,340,-1,0,0,-1
204,1,392,257,976,268,-1,0,0,-1
204,2,786,292,421,340,-1,0,0,-1
205,1,392,257,976,268,-1,0,0,-1
205,2,786,292,421,340,-1,0,0,-1
206,1,392,257,976,268,-1,0,0,-1
206,2,786,292,421,340,-1,0,0,-1
207,1,392,257,976,268,-1,0,0,-1
207,2,786,292,421,340,-1,0,0,-1
208,1,392,257,976,268,-1,0,0,-1
208,2,786,292,421,340,-1,0,0,-1
209,1,392,257,976,268,-1,0,0,-1
209,2,786,292,421,340,-1,0,0,-1
210,1,392,257,976,268,-1,0,0,-1
210,2,786,292,421,340,-1,0,0,-1
211,1,392,257,976,268,-1,0,0,-1
211,2,786,292,421,340,-1,0,0,-1
212,1,391,257,976,268,-1,0,0,-1
212,2,786,292,421,340,-1,0,0,-1
213,1,391,257,977,268,-1,0,0,-1
213,2,786,292,421,340,-1,0,0,-1
214,1,391,257,977,268,-1,0,0,-1
214,2,786,292,421,340,-1,0,0,-1
215,1,391,257,977,268,-1,0,0,-1
215,2,786,292,421,340,-1,0,0,-1
216,1,389,256,980,269,-1,0,0,-1
216,2,786,292,421,340,-1,0,0,-1
217,1,389,256,980,269,-1,0,0,-1
217,2,786,292,421,340,-1,0,0,-1
218,1,388,256,980,269,-1,0,0,-1
218,2,786,292,421,340,-1,0,0,-1
219,1,391,257,977,268,-1,0,0,-1
219,2,786,292,421,340,-1,0,0,-1
220,1,388,256,981,269,-1,0,0,-1
220,2,786,292,421,340,-1,0,0,-1
221,1,385,256,982,270,-1,0,0,-1
221,2,786,292,421,340,-1,0,0,-1
222,1,385,256,982,270,-1,0,0,-1
222,2,786,292,421,340,-1,0,0,-1
223,1,385,256,982,270,-1,0,0,-1
223,2,786,292,421,340,-1,0,0,-1
224,1,385,256,982,270,-1,0,0,-1
224,2,786,292,421,340,-1,0,0,-1
225,1,385,256,982,270,-1,0,0,-1
225,2,786,292,421,340,-1,0,0,-1
226,1,384,256,983,270,-1,0,0,-1
226,2,786,292,421,340,-1,0,0,-1
227,1,382,256,985,270,-1,0,0,-1
227,2,786,292,421,340,-1,0,0,-1
228,1,382,256,985,270,-1,0,0,-1
228,2,786,292,421,340,-1,0,0,-1
229,1,382,256,985,270,-1,0,0,-1
229,2,786,292,421,340,-1,0,0,-1
230,1,382,256,985,270,-1,0,0,-1
230,2,786,292,421,340,-1,0,0,-1
231,1,382,256,985,270,-1,0,0,-1
231,2,786,292,421,340,-1,0,0,-1
232,1,381,256,984,270,-1,0,0,-1
232,2,786,292,421,340,-1,0,0,-1
233,1,381,256,984,270,-1,0,0,-1
233,2,786,292,421,340,-1,0,0,-1
234,1,381,256,984,270,-1,0,0,-1
234,2,786,292,421,340,-1,0,0,-1
235,1,381,256,984,270,-1,0,0,-1
235,2,786,292,421,340,-1,0,0,-1
236,1,381,256,984,270,-1,0,0,-1
236,2,786,292,421,340,-1,0,0,-1
237,1,376,256,989,270,-1,0,0,-1
237,2,786,292,421,340,-1,0,0,-1
238,1,376,256,989,270,-1,0,0,-1
238,2,786,292,421,340,-1,0,0,-1
239,1,376,256,989,270,-1,0,0,-1
239,2,786,292,421,340,-1,0,0,-1
240,1,376,256,989,270,-1,0,0,-1
240,2,786,292,421,340,-1,0,0,-1
241,1,376,256,989,270,-1,0,0,-1
241,2,786,292,421,340,-1,0,0,-1
242,1,376,256,989,270,-1,0,0,-1
242,2,786,292,421,340,-1,0,0,-1
243,1,376,256,989,270,-1,0,0,-1
243,2,786,292,421,340,-1,0,0,-1
244,1,375,256,989,270,-1,0,0,-1
244,2,786,292,421,340,-1,0,0,-1
245,1,375,256,990,270,-1,0,0,-1
245,2,786,292,421,340,-1,0,0,-1
246,1,371,256,994,270,-1,0,0,-1
246,2,786,292,421,340,-1,0,0,-1
247,1,371,256,994,270,-1,0,0,-1
247,2,786,292,421,340,-1,0,0,-1
248,1,371,256,994,270,-1,0,0,-1
248,2,786,292,421,340,-1,0,0,-1
249,1,371,256,994,270,-1,0,0,-1
249,2,786,292,421,340,-1,0,0,-1
250,1,371,256,994,270,-1,0,0,-1
250,2,786,292,421,340,-1,0,0,-1
251,1,371,256,994,270,-1,0,0,-1
251,2,786,292,421,340,-1,0,0,-1
252,1,370,256,995,270,-1,0,0,-1
252,2,786,292,421,340,-1,0,0,-1
253,1,370,256,994,270,-1,0,0,-1
253,2,786,292,421,340,-1,0,0,-1
254,1,370,256,995,270,-1,0,0,-1
254,2,786,292,421,340,-1,0,0,-1
255,1,370,256,994,270,-1,0,0,-1
255,2,786,292,421,340,-1,0,0,-1
256,1,370,256,995,270,-1,0,0,-1
256,2,786,292,421,340,-1,0,0,-1
257,1,370,256,994,270,-1,0,0,-1
257,2,786,292,421,340,-1,0,0,-1
258,1,369,256,996,270,-1,0,0,-1
258,2,786,292,421,340,-1,0,0,-1
259,1,369,256,996,270,-1,0,0,-1
259,2,786,292,421,340,-1,0,0,-1
260,1,369,256,996,270,-1,0,0,-1
260,2,786,292,421,340,-1,0,0,-1
261,1,369,256,996,270,-1,0,0,-1
261,2,786,292,421,340,-1,0,0,-1
262,1,369,256,996,270,-1,0,0,-1
262,2,786,292,421,340,-1,0,0,-1
263,1,369,256,996,270,-1,0,0,-1
263,2,786,292,421,340,-1,0,0,-1
264,1,369,256,996,270,-1,0,0,-1
264,2,786,292,421,340,-1,0,0,-1
265,1,369,256,996,270,-1,0,0,-1
265,2,786,292,421,340,-1,0,0,-1
266,1,369,256,996,270,-1,0,0,-1
266,2,786,292,421,340,-1,0,0,-1
267,1,368,256,997,270,-1,0,0,-1
267,2,786,292,421,340,-1,0,0,-1
268,1,368,256,996,270,-1,0,0,-1
268,2,786,292,421,340,-1,0,0,-1
269,1,368,256,997,270,-1,0,0,-1
269,2,786,292,421,340,-1,0,0,-1
270,1,368,256,997,270,-1,0,0,-1
270,2,786,292,421,340,-1,0,0,-1
271,1,368,256,997,270,-1,0,0,-1
271,2,786,292,421,340,-1,0,0,-1
272,1,368,256,997,270,-1,0,0,-1
272,2,786,292,421,340,-1,0,0,-1
273,1,368,256,997,270,-1,0,0,-1
273,2,786,292,421,340,-1,0,0,-1
274,1,368,256,997,270,-1,0,0,-1
274,2,786,292,421,340,-1,0,0,-1
275,1,368,256,997,270,-1,0,0,-1
275,2,786,292,421,340,-1,0,0,-1
276,1,368,256,997,270,-1,0,0,-1
276,2,786,292,421,340,-1,0,0,-1
277,1,368,256,997,270,-1,0,0,-1
277,2,786,292,421,340,-1,0,0,-1
278,1,368,256,998,270,-1,0,0,-1
278,2,786,292,421,340,-1,0,0,-1
279,1,368,256,997,270,-1,0,0,-1
279,2,786,292,421,340,-1,0,0,-1
280,1,368,256,997,270,-1,0,0,-1
280,2,786,292,421,340,-1,0,0,-1
281,1,369,256,996,270,-1,0,0,-1
281,2,786,292,421,340,-1,0,0,-1
282,1,368,256,997,270,-1,0,0,-1
282,2,786,292,421,340,-1,0,0,-1
283,1,368,256,997,270,-1,0,0,-1
283,2,786,292,421,340,-1,0,0,-1
284,1,368,256,996,270,-1,0,0,-1
284,2,786,292,421,340,-1,0,0,-1
285,1,369,256,996,270,-1,0,0,-1
285,2,786,292,421,340,-1,0,0,-1
286,1,369,256,996,270,-1,0,0,-1
286,2,786,292,421,340,-1,0,0,-1
287,1,368,256,997,270,-1,0,0,-1
287,2,786,292,421,340,-1,0,0,-1
288,1,368,256,996,270,-1,0,0,-1
288,2,786,292,421,340,-1,0,0,-1
289,1,369,256,996,270,-1,0,0,-1
289,2,786,292,421,340,-1,0,0,-1
290,1,368,256,996,270,-1,0,0,-1
290,2,786,292,421,340,-1,0,0,-1
291,1,369,256,996,270,-1,0,0,-1
291,2,786,292,421,340,-1,0,0,-1
292,1,368,256,996,270,-1,0,0,-1
292,2,786,292,421,340,-1,0,0,-1
293,1,368,256,996,270,-1,0,0,-1
293,2,786,292,421,340,-1,0,0,-1
294,1,368,256,997,270,-1,0,0,-1
294,2,786,292,421,340,-1,0,0,-1
295,1,369,256,996,270,-1,0,0,-1
295,2,786,292,421,340,-1,0,0,-1
296,1,368,256,997,270,-1,0,0,-1
296,2,786,292,421,340,-1,0,0,-1
297,1,368,256,997,270,-1,0,0,-1
297,2,768,297,405,327,-1,0,0,-1
298,1,368,256,997,270,-1,0,0,-1
298,2,768,297,405,327,-1,0,0,-1
299,1,368,256,997,270,-1,0,0,-1
299,2,767,297,405,327,-1,0,0,-1
300,1,368,256,997,270,-1,0,0,-1
300,2,767,297,405,327,-1,0,0,-1
301,1,368,256,997,270,-1,0,0,-1
301,2,766,289,401,336,-1,0,0,-1
302,1,368,256,997,270,-1,0,0,-1
302,2,766,289,398,336,-1,0,0,-1
303,1,368,256,997,270,-1,0,0,-1
303,2,766,289,398,336,-1,0,0,-1
304,1,368,256,997,270,-1,0,0,-1
304,2,765,289,398,336,-1,0,0,-1
305,1,368,256,997,270,-1,0,0,-1
305,2,765,289,398,336,-1,0,0,-1
306,1,368,256,997,270,-1,0,0,-1
306,2,764,291,394,332,-1,0,0,-1
307,1,368,256,997,270,-1,0,0,-1
307,2,764,289,396,335,-1,0,0,-1
308,1,368,256,997,270,-1,0,0,-1
308,2,763,288,392,337,-1,0,0,-1
309,1,368,256,997,270,-1,0,0,-1
309,2,763,288,392,337,-1,0,0,-1
310,1,368,256,997,270,-1,0,0,-1
310,2,762,288,391,336,-1,0,0,-1
311,1,368,256,997,270,-1,0,0,-1
311,2,761,288,391,336,-1,0,0,-1
312,1,368,256,997,270,-1,0,0,-1
312,2,761,288,392,337,-1,0,0,-1
313,1,368,256,997,270,-1,0,0,-1
313,2,760,288,393,337,-1,0,0,-1
314,1,368,256,997,270,-1,0,0,-1
314,2,759,290,386,332,-1,0,0,-1
315,1,368,256,997,270,-1,0,0,-1
315,2,758,291,385,331,-1,0,0,-1
316,1,368,256,997,270,-1,0,0,-1
316,2,757,291,384,330,-1,0,0,-1
317,1,368,256,997,270,-1,0,0,-1
317,2,756,292,383,330,-1,0,0,-1
318,1,368,256,997,270,-1,0,0,-1
318,2,755,292,382,329,-1,0,0,-1
319,1,368,256,997,270,-1,0,0,-1
319,2,754,292,382,328,-1,0,0,-1
320,1,368,256,997,270,-1,0,0,-1
320,2,754,292,381,327,-1,0,0,-1
321,1,368,256,997,270,-1,0,0,-1
321,2,753,293,379,326,-1,0,0,-1
322,1,368,256,997,270,-1,0,0,-1
322,2,752,294,377,324,-1,0,0,-1
323,1,368,256,997,270,-1,0,0,-1
323,2,751,294,376,324,-1,0,0,-1
324,1,368,256,997,270,-1,0,0,-1
324,2,751,295,375,322,-1,0,0,-1
325,1,368,256,997,270,-1,0,0,-1
325,2,750,296,373,321,-1,0,0,-1
326,1,368,256,997,270,-1,0,0,-1
326,2,749,296,373,320,-1,0,0,-1
327,1,368,256,997,270,-1,0,0,-1
327,2,748,296,372,320,-1,0,0,-1
328,1,368,256,997,270,-1,0,0,-1
328,2,747,296,371,319,-1,0,0,-1
329,1,368,256,997,270,-1,0,0,-1
329,2,745,297,370,318,-1,0,0,-1
330,1,368,256,997,270,-1,0,0,-1
330,2,744,297,370,318,-1,0,0,-1
331,1,368,256,997,270,-1,0,0,-1
331,2,744,297,367,317,-1,0,0,-1
332,1,368,246,997,270,-1,0,0,-1
332,2,743,297,365,317,-1,0,0,-1
333,1,368,246,997,270,-1,0,0,-1
333,2,742,297,362,317,-1,0,0,-1
334,1,368,246,997,270,-1,0,0,-1
334,2,741,297,362,317,-1,0,0,-1
335,1,368,246,997,270,-1,0,0,-1
335,2,741,297,360,316,-1,0,0,-1
336,1,368,246,997,270,-1,0,0,-1
336,2,740,297,360,316,-1,0,0,-1
337,1,368,246,997,270,-1,0,0,-1
337,2,740,297,356,315,-1,0,0,-1
338,1,368,246,997,270,-1,0,0,-1
338,2,739,297,356,315,-1,0,0,-1
339,1,368,246,997,270,-1,0,0,-1
339,2,738,297,351,314,-1,0,0,-1
340,1,368,246,997,270,-1,0,0,-1
340,2,737,297,351,314,-1,0,0,-1
341,1,368,246,997,270,-1,0,0,-1
341,2,737,297,347,313,-1,0,0,-1
342,1,368,246,997,270,-1,0,0,-1
342,2,736,297,347,313,-1,0,0,-1
343,1,368,246,997,270,-1,0,0,-1
343,2,736,297,343,312,-1,0,0,-1
344,1,368,246,997,270,-1,0,0,-1
344,2,735,297,343,312,-1,0,0,-1
345,1,368,246,997,270,-1,0,0,-1
345,2,735,297,341,311,-1,0,0,-1
346,1,368,246,997,270,-1,0,0,-1
346,2,734,297,341,311,-1,0,0,-1
347,1,368,246,997,270,-1,0,0,-1
347,2,734,297,340,310,-1,0,0,-1
348,1,368,246,997,270,-1,0,0,-1
348,2,733,299,336,307,-1,0,0,-1
349,1,368,246,997,270,-1,0,0,-1
349,2,732,299,336,307,-1,0,0,-1
350,1,368,246,997,270,-1,0,0,-1
350,2,732,299,332,306,-1,0,0,-1
351,1,368,246,997,270,-1,0,0,-1
351,2,731,299,331,305,-1,0,0,-1
352,1,368,246,997,270,-1,0,0,-1
352,2,731,299,331,305,-1,0,0,-1
353,1,368,246,997,270,-1,0,0,-1
353,2,730,299,331,305,-1,0,0,-1
354,1,368,246,997,270,-1,0,0,-1
354,2,728,302,333,304,-1,0,0,-1
355,1,368,246,997,270,-1,0,0,-1
355,2,727,302,333,304,-1,0,0,-1
356,1,368,246,997,270,-1,0,0,-1
356,2,727,302,323,304,-1,0,0,-1
357,1,368,246,997,270,-1,0,0,-1
357,2,726,302,323,304,-1,0,0,-1
358,1,368,246,997,270,-1,0,0,-1
358,2,726,302,320,304,-1,0,0,-1
359,1,368,246,997,270,-1,0,0,-1
359,2,725,302,320,304,-1,0,0,-1
360,1,368,246,997,270,-1,0,0,-1
360,2,725,302,317,303,-1,0,0,-1
361,1,368,246,997,270,-1,0,0,-1
361,2,724,302,317,303,-1,0,0,-1
362,1,368,246,997,270,-1,0,0,-1
362,2,724,302,317,303,-1,0,0,-1
363,1,368,246,997,270,-1,0,0,-1
363,2,723,302,317,303,-1,0,0,-1
364,1,368,246,997,270,-1,0,0,-1
364,2,723,302,317,303,-1,0,0,-1
365,1,368,246,997,270,-1,0,0,-1
365,2,722,302,315,303,-1,0,0,-1
366,1,368,246,997,270,-1,0,0,-1
366,2,721,302,315,303,-1,0,0,-1
367,1,368,246,997,270,-1,0,0,-1
367,2,721,302,309,303,-1,0,0,-1
368,1,368,246,997,270,-1,0,0,-1
368,2,720,302,309,303,-1,0,0,-1
369,1,368,246,997,270,-1,0,0,-1
369,2,720,302,309,303,-1,0,0,-1
370,1,368,246,997,270,-1,0,0,-1
370,2,719,302,307,303,-1,0,0,-1
371,1,368,246,997,270,-1,0,0,-1
371,2,718,302,307,303,-1,0,0,-1
372,1,368,246,997,270,-1,0,0,-1
372,2,718,302,307,303,-1,0,0,-1
373,1,368,246,997,270,-1,0,0,-1
373,2,717,308,306,296,-1,0,0,-1
374,1,368,246,997,270,-1,0,0,-1
374,2,716,308,306,296,-1,0,0,-1
375,1,368,246,997,270,-1,0,0,-1
375,2,716,308,306,296,-1,0,0,-1
376,1,368,246,997,270,-1,0,0,-1
376,2,715,308,302,296,-1,0,0,-1
377,1,368,246,997,270,-1,0,0,-1
377,2,714,308,302,296,-1,0,0,-1
378,1,368,246,997,270,-1,0,0,-1
378,2,714,308,302,296,-1,0,0,-1
379,1,368,246,997,270,-1,0,0,-1
379,2,713,308,302,296,-1,0,0,-1
380,1,368,246,997,270,-1,0,0,-1
380,2,703,308,309,296,-1,0,0,-1
381,1,368,246,997,270,-1,0,0,-1
381,2,703,308,309,296,-1,0,0,-1
382,1,368,246,997,270,-1,0,0,-1
382,2,702,308,309,296,-1,0,0,-1
383,1,368,246,997,270,-1,0,0,-1
383,2,702,309,307,294,-1,0,0,-1
384,1,368,246,997,270,-1,0,0,-1
384,2,701,308,308,295,-1,0,0,-1
385,1,368,246,997,270,-1,0,0,-1
385,2,701,308,309,296,-1,0,0,-1
386,1,368,246,997,270,-1,0,0,-1
386,2,698,308,308,295,-1,0,0,-1
387,1,368,246,997,270,-1,0,0,-1
387,2,698,308,308,295,-1,0,0,-1
388,1,368,246,997,270,-1,0,0,-1
388,2,697,308,308,295,-1,0,0,-1
389,1,368,246,997,270,-1,0,0,-1
389,2,693,308,309,295,-1,0,0,-1
390,1,368,246,997,270,-1,0,0,-1
390,2,693,308,309,295,-1,0,0,-1
391,1,368,246,997,270,-1,0,0,-1
391,2,692,308,309,295,-1,0,0,-1
392,1,368,246,997,270,-1,0,0,-1
392,2,692,308,307,295,-1,0,0,-1
393,1,368,246,997,270,-1,0,0,-1
393,2,692,308,307,295,-1,0,0,-1
394,1,368,246,997,270,-1,0,0,-1
394,2,691,308,307,295,-1,0,0,-1
395,1,368,246,997,270,-1,0,0,-1
395,2,691,308,307,295,-1,0,0,-1
396,1,368,246,997,270,-1,0,0,-1
396,2,690,308,307,295,-1,0,0,-1
397,1,368,246,997,270,-1,0,0,-1
397,2,690,309,304,292,-1,0,0,-1
398,1,368,246,997,270,-1,0,0,-1
398,2,689,308,301,294,-1,0,0,-1
399,1,368,246,997,270,-1,0,0,-1
399,2,689,308,301,294,-1,0,0,-1
400,1,368,246,997,270,-1,0,0,-1
400,2,688,308,301,294,-1,0,0,-1
401,1,368,246,997,270,-1,0,0,-1
401,2,688,308,301,294,-1,0,0,-1
402,1,368,246,997,270,-1,0,0,-1
402,2,687,308,298,294,-1,0,0,-1
403,1,368,246,997,270,-1,0,0,-1
403,2,687,308,298,294,-1,0,0,-1
404,1,368,246,997,270,-1,0,0,-1
404,2,686,308,298,294,-1,0,0,-1
405,1,368,246,997,270,-1,0,0,-1
405,2,686,308,298,294,-1,0,0,-1
406,1,368,246,997,270,-1,0,0,-1
406,2,685,308,298,294,-1,0,0,-1
407,1,368,246,997,270,-1,0,0,-1
407,2,685,308,298,294,-1,0,0,-1
408,1,368,246,997,270,-1,0,0,-1
408,2,684,309,295,291,-1,0,0,-1
409,1,368,246,997,270,-1,0,0,-1
409,2,683,308,298,294,-1,0,0,-1
410,1,368,246,997,270,-1,0,0,-1
410,2,681,309,295,291,-1,0,0,-1
411,1,368,246,997,270,-1,0,0,-1
411,2,680,309,295,291,-1,0,0,-1
412,1,368,246,997,270,-1,0,0,-1
412,2,680,309,295,291,-1,0,0,-1
413,1,368,246,997,270,-1,0,0,-1
413,2,679,309,294,290,-1,0,0,-1
414,1,368,246,997,270,-1,0,0,-1
414,2,678,309,294,290,-1,0,0,-1
415,1,368,246,997,270,-1,0,0,-1
415,2,677,309,294,290,-1,0,0,-1
416,1,368,246,997,270,-1,0,0,-1
416,2,676,309,293,290,-1,0,0,-1
417,1,368,246,997,270,-1,0,0,-1
417,2,675,309,293,290,-1,0,0,-1
418,1,368,246,997,270,-1,0,0,-1
418,2,675,309,293,290,-1,0,0,-1
419,1,368,246,997,270,-1,0,0,-1
419,2,674,309,293,290,-1,0,0,-1
420,1,368,246,997,270,-1,0,0,-1
420,2,673,309,293,290,-1,0,0,-1
421,1,368,246,997,270,-1,0,0,-1
421,2,673,309,292,289,-1,0,0,-1
422,1,368,246,997,270,-1,0,0,-1
422,2,671,308,295,292,-1,0,0,-1
423,1,368,246,997,270,-1,0,0,-1
423,2,670,310,290,287,-1,0,0,-1
424,1,368,246,997,270,-1,0,0,-1
424,2,669,309,291,288,-1,0,0,-1
425,1,368,246,997,270,-1,0,0,-1
425,2,668,309,290,287,-1,0,0,-1
426,1,368,246,997,270,-1,0,0,-1
426,2,667,309,290,287,-1,0,0,-1
427,1,368,246,997,270,-1,0,0,-1
427,2,666,309,290,287,-1,0,0,-1
428,1,368,246,997,270,-1,0,0,-1
428,2,665,309,290,287,-1,0,0,-1
429,1,368,246,997,270,-1,0,0,-1
429,2,664,309,290,287,-1,0,0,-1
430,1,368,246,997,270,-1,0,0,-1
430,2,663,309,289,286,-1,0,0,-1
431,1,368,246,997,270,-1,0,0,-1
431,2,663,309,289,286,-1,0,0,-1
432,1,368,246,997,270,-1,0,0,-1
432,2,662,310,289,286,-1,0,0,-1
433,1,368,246,997,270,-1,0,0,-1
433,2,661,310,288,285,-1,0,0,-1
434,1,368,246,997,270,-1,0,0,-1
434,2,660,310,288,285,-1,0,0,-1
435,1,368,246,997,270,-1,0,0,-1
435,2,659,310,288,285,-1,0,0,-1
436,1,368,246,997,270,-1,0,0,-1
436,2,659,310,287,284,-1,0,0,-1
437,1,368,246,997,270,-1,0,0,-1
437,2,658,310,287,284,-1,0,0,-1
438,1,368,246,997,270,-1,0,0,-1
438,2,658,310,286,283,-1,0,0,-1
439,1,368,246,997,270,-1,0,0,-1
439,2,657,311,286,283,-1,0,0,-1
440,1,368,246,997,270,-1,0,0,-1
440,2,656,311,286,283,-1,0,0,-1
441,1,368,246,997,270,-1,0,0,-1
441,2,655,311,285,283,-1,0,0,-1
442,1,368,246,997,270,-1,0,0,-1
442,2,655,311,285,282,-1,0,0,-1
443,1,368,246,997,270,-1,0,0,-1
443,2,654,311,285,282,-1,0,0,-1
444,1,368,246,997,270,-1,0,0,-1
444,2,654,311,284,281,-1,0,0,-1
445,1,368,246,997,270,-1,0,0,-1
445,2,653,311,284,281,-1,0,0,-1
446,1,368,246,997,270,-1,0,0,-1
446,2,652,311,283,281,-1,0,0,-1
447,1,368,246,997,270,-1,0,0,-1
447,2,652,311,283,281,-1,0,0,-1
448,1,368,246,997,270,-1,0,0,-1
448,2,651,311,283,280,-1,0,0,-1
449,1,368,246,997,270,-1,0,0,-1
449,2,651,311,282,279,-1,0,0,-1
450,1,368,246,997,270,-1,0,0,-1
450,2,650,312,282,279,-1,0,0,-1
451,1,368,246,997,270,-1,0,0,-1
451,2,649,312,282,279,-1,0,0,-1
452,1,368,246,997,270,-1,0,0,-1
452,2,649,312,282,279,-1,0,0,-1
453,1,368,246,997,270,-1,0,0,-1
453,2,648,312,282,279,-1,0,0,-1
454,1,368,246,997,270,-1,0,0,-1
454,2,647,312,281,279,-1,0,0,-1
455,1,368,246,997,270,-1,0,0,-1
455,2,647,312,281,278,-1,0,0,-1
456,1,368,246,997,270,-1,0,0,-1
456,2,646,312,281,278,-1,0,0,-1
457,1,368,246,997,270,-1,0,0,-1
457,2,645,312,281,278,-1,0,0,-1
458,1,368,246,997,270,-1,0,0,-1
458,2,645,312,280,277,-1,0,0,-1
459,1,368,246,997,270,-1,0,0,-1
459,2,644,312,280,277,-1,0,0,-1
460,1,368,246,997,270,-1,0,0,-1
460,2,644,312,280,277,-1,0,0,-1
461,1,368,246,997,270,-1,0,0,-1
461,2,643,312,279,277,-1,0,0,-1
462,1,368,246,997,270,-1,0,0,-1
462,2,643,312,279,277,-1,0,0,-1
463,1,368,246,997,270,-1,0,0,-1
463,2,642,313,279,276,-1,0,0,-1
464,1,368,246,997,270,-1,0,0,-1
464,2,642,313,279,276,-1,0,0,-1
465,1,368,246,997,270,-1,0,0,-1
465,2,641,313,278,276,-1,0,0,-1
466,1,368,246,997,270,-1,0,0,-1
466,2,641,313,278,275,-1,0,0,-1
467,1,368,246,997,270,-1,0,0,-1
467,2,640,313,278,275,-1,0,0,-1
468,1,368,246,997,270,-1,0,0,-1
468,2,640,313,277,274,-1,0,0,-1
469,1,368,246,997,270,-1,0,0,-1
469,2,639,313,277,274,-1,0,0,-1
470,1,368,246,997,270,-1,0,0,-1
470,2,639,313,276,274,-1,0,0,-1
471,1,368,246,997,270,-1,0,0,-1
471,2,638,318,276,269,-1,0,0,-1
472,1,368,246,997,270,-1,0,0,-1
472,2,638,318,276,269,-1,0,0,-1
473,1,368,246,997,270,-1,0,0,-1
473,2,637,318,276,269,-1,0,0,-1
474,1,368,246,997,270,-1,0,0,-1
474,2,637,318,276,269,-1,0,0,-1
475,1,368,246,997,270,-1,0,0,-1
475,2,636,318,276,269,-1,0,0,-1
476,1,368,246,997,270,-1,0,0,-1
476,2,636,319,274,267,-1,0,0,-1
477,1,368,246,997,270,-1,0,0,-1
477,2,635,318,276,269,-1,0,0,-1
478,1,368,246,997,270,-1,0,0,-1
478,2,634,319,274,267,-1,0,0,-1
479,1,368,246,997,270,-1,0,0,-1
479,2,633,319,274,267,-1,0,0,-1
480,1,368,246,997,270,-1,0,0,-1
480,2,634,317,277,270,-1,0,0,-1
481,1,368,246,997,270,-1,0,0,-1
481,2,632,319,273,266,-1,0,0,-1
482,1,368,246,997,270,-1,0,0,-1
482,2,631,319,273,266,-1,0,0,-1
483,1,368,246,997,270,-1,0,0,-1
483,2,630,319,272,265,-1,0,0,-1
484,1,368,246,997,270,-1,0,0,-1
484,2,630,319,272,265,-1,0,0,-1
485,1,368,246,997,270,-1,0,0,-1
485,2,629,319,272,265,-1,0,0,-1
486,1,368,246,997,270,-1,0,0,-1
486,2,628,319,271,265,-1,0,0,-1
487,1,368,246,997,270,-1,0,0,-1
487,2,628,320,271,264,-1,0,0,-1
