1,1,1510,373,361,149,-1,0,0,-1
1,2,1148,511,622,187,-1,0,0,-1
1,3,129,245,1240,386,-1,0,0,-1
2,1,1510,373,361,149,-1,0,0,-1
2,2,1148,511,622,187,-1,0,0,-1
2,3,129,245,1240,386,-1,0,0,-1
3,1,1510,373,361,149,-1,0,0,-1
3,2,1148,511,622,187,-1,0,0,-1
3,3,129,245,1240,386,-1,0,0,-1
4,1,1510,373,361,149,-1,0,0,-1
4,2,1148,511,622,187,-1,0,0,-1
4,3,129,245,1240,386,-1,0,0,-1
5,1,1510,373,361,149,-1,0,0,-1
5,2,1148,511,622,187,-1,0,0,-1
5,3,129,245,1240,386,-1,0,0,-1
6,1,1510,373,361,149,-1,0,0,-1
6,2,1148,511,622,187,-1,0,0,-1
6,3,129,245,1240,386,-1,0,0,-1
7,1,1510,373,361,149,-1,0,0,-1
7,2,1148,511,622,187,-1,0,0,-1
7,3,129,245,1240,386,-1,0,0,-1
8,1,1510,373,361,149,-1,0,0,-1
8,2,1148,511,622,187,-1,0,0,-1
8,3,129,245,1240,386,-1,0,0,-1
9,1,1510,373,361,149,-1,0,0,-1
9,2,1148,511,622,187,-1,0,0,-1
9,3,129,245,1240,386,-1,0,0,-1
10,1,1510,373,361,149,-1,0,0,-1
10,2,1148,511,622,187,-1,0,0,-1
10,3,129,245,1240,386,-1,0,0,-1
11,1,1510,373,361,149,-1,0,0,-1
11,2,1148,511,622,187,-1,0,0,-1
11,3,129,245,1240,386,-1,0,0,-1
12,1,1510,373,361,149,-1,0,0,-1
12,2,1148,511,622,187,-1,0,0,-1
12,3,129,245,1240,386,-1,0,0,-1
13,1,1510,373,361,149,-1,0,0,-1
13,2,1148,511,622,187,-1,0,0,-1
13,3,129,245,1240,386,-1,0,0,-1
14,1,1510,373,361,149,-1,0,0,-1
14,2,1148,511,622,187,-1,0,0,-1
14,3,129,245,1240,386,-1,0,0,-1
15,1,1510,373,361,149,-1,0,0,-1
15,2,1148,511,622,187,-1,0,0,-1
15,3,129,245,1240,386,-1,0,0,-1
16,1,1510,373,361,149,-1,0,0,-1
16,2,1148,511,622,187,-1,0,0,-1
16,3,129,245,1240,386,-1,0,0,-1
17,1,1510,373,361,149,-1,0,0,-1
17,2,1148,511,622,187,-1,0,0,-1
17,3,129,245,1240,386,-1,0,0,-1
18,1,1510,373,361,149,-1,0,0,-1
18,2,1148,511,622,187,-1,0,0,-1
18,3,129,245,1240,386,-1,0,0,-1
19,1,1510,373,361,149,-1,0,0,-1
19,2,1148,511,622,187,-1,0,0,-1
19,3,129,245,1240,386,-1,0,0,-1
20,1,1510,373,361,149,-1,0,0,-1
20,2,1148,511,622,187,-1,0,0,-1
20,3,129,245,1240,386,-1,0,0,-1
21,1,1510,373,361,149,-1,0,0,-1
21,2,1148,511,622,187,-1,0,0,-1
21,3,129,245,1240,386,-1,0,0,-1
22,1,1510,373,361,149,-1,0,0,-1
22,2,1148,511,622,187,-1,0,0,-1
22,3,129,245,1240,386,-1,0,0,-1
23,1,1510,373,361,149,-1,0,0,-1
23,2,1148,511,622,187,-1,0,0,-1
23,3,129,245,1240,386,-1,0,0,-1
24,1,1510,373,361,149,-1,0,0,-1
24,2,1148,511,622,187,-1,0,0,-1
24,3,129,245,1240,386,-1,0,0,-1
25,1,1510,373,361,149,-1,0,0,-1
25,2,1148,511,622,187,-1,0,0,-1
25,3,129,245,1240,386,-1,0,0,-1
26,1,1510,373,361,149,-1,0,0,-1
26,2,1148,511,622,187,-1,0,0,-1
26,3,129,245,1240,386,-1,0,0,-1
27,1,1510,373,361,149,-1,0,0,-1
27,2,1148,511,622,187,-1,0,0,-1
27,3,129,245,1240,386,-1,0,0,-1
28,1,1510,373,361,149,-1,0,0,-1
28,2,1148,511,622,187,-1,0,0,-1
28,3,129,245,1240,386,-1,0,0,-1
29,1,1510,373,361,149,-1,0,0,-1
29,2,1148,511,622,187,-1,0,0,-1
29,3,129,245,1240,386,-1,0,0,-1
30,1,1510,373,361,149,-1,0,0,-1
30,2,1148,511,622,187,-1,0,0,-1
30,3,129,245,1240,386,-1,0,0,-1
31,1,1510,373,361,149,-1,0,0,-1
31,2,1148,511,622,187,-1,0,0,-1
31,3,129,245,1240,386,-1,0,0,-1
32,1,1510,373,361,149,-1,0,0,-1
32,2,1148,511,622,187,-1,0,0,-1
32,3,129,245,1240,386,-1,0,0,-1
33,1,1510,373,361,149,-1,0,0,-1
33,2,1148,511,622,187,-1,0,0,-1
33,3,129,245,1240,386,-1,0,0,-1
34,1,1510,373,361,149,-1,0,0,-1
34,2,1148,511,622,187,-1,0,0,-1
34,3,129,245,1240,386,-1,0,0,-1
35,1,1510,373,361,149,-1,0,0,-1
35,2,1148,511,622,187,-1,0,0,-1
35,3,129,245,1240,386,-1,0,0,-1
36,1,1510,373,361,149,-1,0,0,-1
36,2,1148,511,622,187,-1,0,0,-1
36,3,129,245,1240,386,-1,0,0,-1
37,1,1510,373,361,149,-1,0,0,-1
37,2,1148,511,622,187,-1,0,0,-1
37,3,129,245,1240,386,-1,0,0,-1
38,1,1510,373,361,149,-1,0,0,-1
38,2,1148,511,622,187,-1,0,0,-1
38,3,129,245,1240,386,-1,0,0,-1
39,1,1510,373,361,149,-1,0,0,-1
39,2,1148,511,622,187,-1,0,0,-1
39,3,129,245,1240,386,-1,0,0,-1
40,1,1510,373,361,149,-1,0,0,-1
40,2,1148,511,622,187,-1,0,0,-1
40,3,129,245,1240,386,-1,0,0,-1
41,1,1510,373,361,149,-1,0,0,-1
41,2,1148,511,622,187,-1,0,0,-1
41,3,129,245,1240,386,-1,0,0,-1
42,1,1510,373,361,149,-1,0,0,-1
42,2,1148,511,622,187,-1,0,0,-1
42,3,129,245,1240,386,-1,0,0,-1
43,1,1510,373,361,149,-1,0,0,-1
43,2,1148,511,622,187,-1,0,0,-1
43,3,129,245,1240,386,-1,0,0,-1
44,1,1510,373,361,149,-1,0,0,-1
44,2,1148,511,622,187,-1,0,0,-1
44,3,129,245,1240,386,-1,0,0,-1
45,1,1510,373,361,149,-1,0,0,-1
45,2,1148,511,622,187,-1,0,0,-1
45,3,129,245,1240,386,-1,0,0,-1
46,1,1510,373,361,149,-1,0,0,-1
46,2,1148,511,622,187,-1,0,0,-1
46,3,129,245,1240,386,-1,0,0,-1
47,1,1510,373,361,149,-1,0,0,-1
47,2,1148,511,622,187,-1,0,0,-1
47,3,129,245,1240,386,-1,0,0,-1
48,1,1510,373,361,149,-1,0,0,-1
48,2,1148,511,622,187,-1,0,0,-1
48,3,129,245,1240,386,-1,0,0,-1
49,1,1510,373,361,149,-1,0,0,-1
49,2,1148,511,622,187,-1,0,0,-1
49,3,129,245,1240,386,-1,0,0,-1
50,1,1510,373,361,149,-1,0,0,-1
50,2,1148,511,622,187,-1,0,0,-1
50,3,129,245,1240,386,-1,0,0,-1
51,1,1510,373,361,149,-1,0,0,-1
51,2,1148,511,622,187,-1,0,0,-1
51,3,129,245,1240,386,-1,0,0,-1
52,1,1510,373,361,149,-1,0,0,-1
52,2,1148,511,622,187,-1,0,0,-1
52,3,129,245,1240,386,-1,0,0,-1
53,1,1510,373,361,149,-1,0,0,-1
53,2,1148,511,622,187,-1,0,0,-1
53,3,129,245,1240,386,-1,0,0,-1
54,1,1510,373,361,149,-1,0,0,-1
54,2,1148,511,622,187,-1,0,0,-1
54,3,129,245,1240,386,-1,0,0,-1
55,1,1510,373,361,149,-1,0,0,-1
55,2,1148,511,622,187,-1,0,0,-1
55,3,129,245,1240,386,-1,0,0,-1
56,1,1510,373,361,149,-1,0,0,-1
56,2,1148,511,622,187,-1,0,0,-1
56,3,129,245,1240,386,-1,0,0,-1
57,1,1510,373,361,149,-1,0,0,-1
57,2,1148,511,622,187,-1,0,0,-1
57,3,129,245,1240,386,-1,0,0,-1
58,1,1510,373,361,149,-1,0,0,-1
58,2,1148,511,622,187,-1,0,0,-1
58,3,129,245,1240,386,-1,0,0,-1
59,1,1510,373,361,149,-1,0,0,-1
59,2,1148,511,622,187,-1,0,0,-1
59,3,129,245,1240,386,-1,0,0,-1
60,1,1510,373,361,149,-1,0,0,-1
60,2,1148,511,622,187,-1,0,0,-1
60,3,129,245,1240,386,-1,0,0,-1
61,1,1510,373,361,149,-1,0,0,-1
61,2,1148,511,622,187,-1,0,0,-1
61,3,129,245,1240,386,-1,0,0,-1
62,1,1510,373,361,149,-1,0,0,-1
62,2,1148,511,622,187,-1,0,0,-1
62,3,129,245,1240,386,-1,0,0,-1
63,1,1510,373,361,149,-1,0,0,-1
63,2,1148,511,622,187,-1,0,0,-1
63,3,129,245,1240,386,-1,0,0,-1
64,1,1510,373,361,149,-1,0,0,-1
64,2,1148,511,622,187,-1,0,0,-1
64,3,129,245,1240,386,-1,0,0,-1
65,1,1510,373,361,149,-1,0,0,-1
65,2,1148,511,622,187,-1,0,0,-1
65,3,129,245,1240,386,-1,0,0,-1
66,1,1510,373,361,149,-1,0,0,-1
66,2,1148,511,622,187,-1,0,0,-1
66,3,129,245,1240,386,-1,0,0,-1
67,1,1510,373,361,149,-1,0,0,-1
67,2,1148,511,622,187,-1,0,0,-1
67,3,129,245,1240,386,-1,0,0,-1
68,1,1510,373,361,149,-1,0,0,-1
68,2,1148,511,622,187,-1,0,0,-1
68,3,129,245,1240,386,-1,0,0,-1
69,1,1510,373,361,149,-1,0,0,-1
69,2,1148,511,622,187,-1,0,0,-1
69,3,129,245,1240,386,-1,0,0,-1
70,1,1510,373,361,149,-1,0,0,-1
70,2,1148,511,622,187,-1,0,0,-1
70,3,129,245,1240,386,-1,0,0,-1
71,1,1510,373,361,149,-1,0,0,-1
71,2,1148,511,622,187,-1,0,0,-1
71,3,129,245,1240,386,-1,0,0,-1
72,1,1510,373,361,149,-1,0,0,-1
72,2,1148,511,622,187,-1,0,0,-1
72,3,129,245,1240,386,-1,0,0,-1
73,1,1510,373,361,149,-1,0,0,-1
73,2,1148,511,622,187,-1,0,0,-1
73,3,129,245,1240,386,-1,0,0,-1
74,1,1510,373,361,149,-1,0,0,-1
74,2,1148,511,622,187,-1,0,0,-1
74,3,129,245,1240,386,-1,0,0,-1
75,1,1510,373,361,149,-1,0,0,-1
75,2,1148,511,622,187,-1,0,0,-1
75,3,129,245,1240,386,-1,0,0,-1
76,1,1510,373,361,149,-1,0,0,-1
76,2,1148,511,622,187,-1,0,0,-1
76,3,129,245,1240,386,-1,0,0,-1
77,1,1510,373,361,149,-1,0,0,-1
77,2,1148,511,622,187,-1,0,0,-1
77,3,129,245,1240,386,-1,0,0,-1
78,1,1510,373,361,149,-1,0,0,-1
78,2,1148,511,622,187,-1,0,0,-1
78,3,129,245,1240,386,-1,0,0,-1
79,1,1510,373,361,149,-1,0,0,-1
79,2,1148,511,622,187,-1,0,0,-1
79,3,129,245,1240,386,-1,0,0,-1
80,1,1510,373,361,149,-1,0,0,-1
80,2,1148,511,622,187,-1,0,0,-1
80,3,129,245,1240,386,-1,0,0,-1
81,1,1510,373,361,149,-1,0,0,-1
81,2,1148,511,622,187,-1,0,0,-1
81,3,129,245,1240,386,-1,0,0,-1
82,1,1510,373,361,149,-1,0,0,-1
82,2,1148,511,622,187,-1,0,0,-1
82,3,129,245,1240,386,-1,0,0,-1
83,1,1510,373,361,149,-1,0,0,-1
83,2,1148,511,622,187,-1,0,0,-1
83,3,129,245,1240,386,-1,0,0,-1
84,1,1510,373,361,149,-1,0,0,-1
84,2,1148,511,622,187,-1,0,0,-1
84,3,129,245,1240,386,-1,0,0,-1
85,1,1510,373,361,149,-1,0,0,-1
85,2,1148,511,622,187,-1,0,0,-1
85,3,129,245,1240,386,-1,0,0,-1
86,1,1510,373,361,149,-1,0,0,-1
86,2,1148,511,622,187,-1,0,0,-1
86,3,129,245,1240,386,-1,0,0,-1
87,1,1510,373,361,149,-1,0,0,-1
87,2,1148,511,622,187,-1,0,0,-1
87,3,129,245,1240,386,-1,0,0,-1
88,1,1510,373,361,149,-1,0,0,-1
88,2,1148,511,622,187,-1,0,0,-1
88,3,129,245,1240,386,-1,0,0,-1
89,1,1510,373,361,149,-1,0,0,-1
89,2,1148,511,622,187,-1,0,0,-1
89,3,129,245,1240,386,-1,0,0,-1
90,1,1510,373,361,149,-1,0,0,-1
90,2,1148,511,622,187,-1,0,0,-1
90,3,129,245,1240,386,-1,0,0,-1
91,1,1510,373,361,149,-1,0,0,-1
91,2,1148,511,622,187,-1,0,0,-1
91,3,129,245,1240,386,-1,0,0,-1
92,1,1510,373,361,149,-1,0,0,-1
92,2,1148,511,622,187,-1,0,0,-1
92,3,129,245,1240,386,-1,0,0,-1
93,1,1510,373,361,149,-1,0,0,-1
93,2,1148,511,622,187,-1,0,0,-1
93,3,129,245,1240,386,-1,0,0,-1
94,1,1510,373,361,149,-1,0,0,-1
94,2,1148,511,622,187,-1,0,0,-1
94,3,129,245,1240,386,-1,0,0,-1
95,1,1510,373,361,149,-1,0,0,-1
95,2,1148,511,622,187,-1,0,0,-1
95,3,129,245,1240,386,-1,0,0,-1
96,1,1510,373,361,149,-1,0,0,-1
96,2,1148,511,622,187,-1,0,0,-1
96,3,129,245,1240,386,-1,0,0,-1
97,1,1510,373,361,149,-1,0,0,-1
97,2,1148,511,622,187,-1,0,0,-1
97,3,129,245,1240,386,-1,0,0,-1
98,1,1510,373,361,149,-1,0,0,-1
98,2,1148,511,622,187,-1,0,0,-1
98,3,129,245,1240,386,-1,0,0,-1
99,1,1510,373,361,149,-1,0,0,-1
99,2,1148,511,622,187,-1,0,0,-1
99,3,129,245,1240,386,-1,0,0,-1
100,1,1510,373,361,149,-1,0,0,-1
100,2,1148,511,622,187,-1,0,0,-1
100,3,129,245,1240,386,-1,0,0,-1
101,1,1510,373,361,149,-1,0,0,-1
101,2,1148,511,622,187,-1,0,0,-1
101,3,129,245,1240,386,-1,0,0,-1
102,1,1510,373,361,149,-1,0,0,-1
102,2,1148,511,622,187,-1,0,0,-1
102,3,129,245,1240,386,-1,0,0,-1
103,1,1510,373,361,149,-1,0,0,-1
103,2,1148,511,622,187,-1,0,0,-1
103,3,129,245,1240,386,-1,0,0,-1
104,1,1510,373,361,149,-1,0,0,-1
104,2,1148,511,622,187,-1,0,0,-1
104,3,129,245,1240,386,-1,0,0,-1
105,1,1510,373,361,149,-1,0,0,-1
105,2,1148,511,622,187,-1,0,0,-1
105,3,129,245,1240,386,-1,0,0,-1
106,1,1510,373,361,149,-1,0,0,-1
106,2,1148,511,622,187,-1,0,0,-1
106,3,129,245,1240,386,-1,0,0,-1
107,1,1510,373,361,149,-1,0,0,-1
107,2,1148,511,622,187,-1,0,0,-1
107,3,129,245,1240,386,-1,0,0,-1
108,1,1510,373,361,149,-1,0,0,-1
108,2,1148,511,622,187,-1,0,0,-1
108,3,129,245,1240,386,-1,0,0,-1
109,1,1510,373,361,149,-1,0,0,-1
109,2,1148,511,622,187,-1,0,0,-1
109,3,129,245,1240,386,-1,0,0,-1
110,1,1510,373,361,149,-1,0,0,-1
110,2,1148,511,622,187,-1,0,0,-1
110,3,129,245,1240,386,-1,0,0,-1
111,1,1510,373,361,149,-1,0,0,-1
111,2,1148,511,622,187,-1,0,0,-1
111,3,129,245,1240,386,-1,0,0,-1
112,1,1510,373,361,149,-1,0,0,-1
112,2,1148,511,622,187,-1,0,0,-1
112,3,129,245,1240,386,-1,0,0,-1
113,1,1510,373,361,149,-1,0,0,-1
113,2,1148,511,622,187,-1,0,0,-1
113,3,129,245,1240,386,-1,0,0,-1
114,1,1510,373,361,149,-1,0,0,-1
114,2,1148,511,622,187,-1,0,0,-1
114,3,129,245,1240,386,-1,0,0,-1
115,1,1510,373,361,149,-1,0,0,-1
115,2,1148,511,622,187,-1,0,0,-1
115,3,129,245,1240,386,-1,0,0,-1
116,1,1510,373,361,149,-1,0,0,-1
116,2,1148,511,622,187,-1,0,0,-1
116,3,129,245,1240,386,-1,0,0,-1
117,1,1510,373,361,149,-1,0,0,-1
117,2,1148,511,622,187,-1,0,0,-1
117,3,129,245,1240,386,-1,0,0,-1
118,1,1510,373,361,149,-1,0,0,-1
118,2,1148,511,622,187,-1,0,0,-1
118,3,129,245,1240,386,-1,0,0,-1
119,1,1510,373,361,149,-1,0,0,-1
119,2,1148,511,622,187,-1,0,0,-1
119,3,129,245,1240,386,-1,0,0,-1
120,1,1510,373,361,149,-1,0,0,-1
120,2,1148,511,622,187,-1,0,0,-1
120,3,129,245,1240,386,-1,0,0,-1
121,1,1510,373,361,149,-1,0,0,-1
121,2,1148,511,622,187,-1,0,0,-1
121,3,129,245,1240,386,-1,0,0,-1
122,1,1510,373,361,149,-1,0,0,-1
122,2,1148,511,622,187,-1,0,0,-1
122,3,129,245,1240,386,-1,0,0,-1
123,1,1510,373,361,149,-1,0,0,-1
123,2,1148,511,622,187,-1,0,0,-1
123,3,129,245,1240,386,-1,0,0,-1
124,1,1510,373,361,149,-1,0,0,-1
124,2,1148,511,622,187,-1,0,0,-1
124,3,129,245,1240,386,-1,0,0,-1
125,1,1510,373,361,149,-1,0,0,-1
125,2,1148,511,622,187,-1,0,0,-1
125,3,129,245,1240,386,-1,0,0,-1
126,1,1510,373,361,149,-1,0,0,-1
126,2,1148,511,622,187,-1,0,0,-1
126,3,129,245,1240,386,-1,0,0,-1
127,1,1510,373,361,149,-1,0,0,-1
127,2,1148,511,622,187,-1,0,0,-1
127,3,129,245,1240,386,-1,0,0,-1
128,1,1510,373,361,149,-1,0,0,-1
128,2,1148,511,622,187,-1,0,0,-1
128,3,129,245,1240,386,-1,0,0,-1
129,1,1510,373,361,149,-1,0,0,-1
129,2,1148,511,622,187,-1,0,0,-1
129,3,129,245,1240,386,-1,0,0,-1
130,1,1510,373,361,149,-1,0,0,-1
130,2,1148,511,622,187,-1,0,0,-1
130,3,129,245,1240,386,-1,0,0,-1
131,1,1510,373,361,149,-1,0,0,-1
131,2,1148,511,622,187,-1,0,0,-1
131,3,129,245,1240,386,-1,0,0,-1
132,1,1510,373,361,149,-1,0,0,-1
132,2,1148,511,622,187,-1,0,0,-1
132,3,129,245,1240,386,-1,0,0,-1
133,1,1510,373,361,149,-1,0,0,-1
133,2,1148,511,622,187,-1,0,0,-1
133,3,129,245,1240,386,-1,0,0,-1
134,1,1510,373,361,149,-1,0,0,-1
134,2,1148,511,622,187,-1,0,0,-1
134,3,129,245,1240,386,-1,0,0,-1
135,1,1510,373,361,149,-1,0,0,-1
135,2,1148,511,622,187,-1,0,0,-1
135,3,129,245,1240,386,-1,0,0,-1
136,1,1510,373,361,149,-1,0,0,-1
136,2,1148,511,622,187,-1,0,0,-1
136,3,129,245,1240,386,-1,0,0,-1
137,1,1510,373,361,149,-1,0,0,-1
137,2,1148,511,622,187,-1,0,0,-1
137,3,129,245,1240,386,-1,0,0,-1
138,1,1510,373,361,149,-1,0,0,-1
138,2,1148,511,622,187,-1,0,0,-1
138,3,129,245,1240,386,-1,0,0,-1
139,1,1510,373,361,149,-1,0,0,-1
139,2,1148,511,622,187,-1,0,0,-1
139,3,129,245,1240,386,-1,0,0,-1
140,1,1510,373,361,149,-1,0,0,-1
140,2,1148,511,622,187,-1,0,0,-1
140,3,129,245,1240,386,-1,0,0,-1
141,1,1510,373,361,149,-1,0,0,-1
141,2,1148,511,622,187,-1,0,0,-1
141,3,129,245,1240,386,-1,0,0,-1
142,1,1510,373,361,149,-1,0,0,-1
142,2,1148,511,622,187,-1,0,0,-1
142,3,129,245,1240,386,-1,0,0,-1
143,1,1510,373,361,149,-1,0,0,-1
143,2,1148,511,622,187,-1,0,0,-1
143,3,129,245,1240,386,-1,0,0,-1
144,1,1510,373,361,149,-1,0,0,-1
144,2,1148,511,622,187,-1,0,0,-1
144,3,129,245,1240,386,-1,0,0,-1
145,1,1510,373,361,149,-1,0,0,-1
145,2,1148,511,622,187,-1,0,0,-1
145,3,129,245,1240,386,-1,0,0,-1
146,1,1510,373,361,149,-1,0,0,-1
146,2,1148,511,622,187,-1,0,0,-1
146,3,129,245,1240,386,-1,0,0,-1
147,1,1510,373,361,149,-1,0,0,-1
147,2,1148,511,622,187,-1,0,0,-1
147,3,129,245,1240,386,-1,0,0,-1
148,1,1510,373,361,149,-1,0,0,-1
148,2,1148,511,622,187,-1,0,0,-1
148,3,129,245,1240,386,-1,0,0,-1
149,1,1510,373,361,149,-1,0,0,-1
149,2,1148,511,622,187,-1,0,0,-1
149,3,129,245,1240,386,-1,0,0,-1
150,1,1510,373,361,149,-1,0,0,-1
150,2,1148,511,622,187,-1,0,0,-1
150,3,129,245,1240,386,-1,0,0,-1
151,1,1510,373,361,149,-1,0,0,-1
151,2,1148,511,622,187,-1,0,0,-1
151,3,129,245,1240,386,-1,0,0,-1
152,1,1510,373,361,149,-1,0,0,-1
152,2,1148,511,622,187,-1,0,0,-1
152,3,129,245,1240,386,-1,0,0,-1
153,1,1510,373,361,149,-1,0,0,-1
153,2,1148,511,622,187,-1,0,0,-1
153,3,129,245,1240,386,-1,0,0,-1
154,1,1510,373,361,149,-1,0,0,-1
154,2,1148,511,622,187,-1,0,0,-1
154,3,129,245,1240,386,-1,0,0,-1
155,1,1510,373,361,149,-1,0,0,-1
155,2,1148,511,622,187,-1,0,0,-1
155,3,129,245,1240,386,-1,0,0,-1
156,1,1510,373,361,149,-1,0,0,-1
156,2,1148,511,622,187,-1,0,0,-1
156,3,129,245,1240,386,-1,0,0,-1
157,1,1510,373,361,149,-1,0,0,-1
157,2,1148,511,622,187,-1,0,0,-1
157,3,129,245,1240,386,-1,0,0,-1
158,1,1510,373,361,149,-1,0,0,-1
158,2,1148,511,622,187,-1,0,0,-1
158,3,129,245,1240,386,-1,0,0,-1
159,1,1510,373,361,149,-1,0,0,-1
159,2,1148,511,622,187,-1,0,0,-1
159,3,129,245,1240,386,-1,0,0,-1
160,1,1510,373,361,149,-1,0,0,-1
160,2,1148,511,622,187,-1,0,0,-1
160,3,129,245,1240,386,-1,0,0,-1
161,1,1510,373,361,149,-1,0,0,-1
161,2,1148,511,622,187,-1,0,0,-1
161,3,129,245,1240,386,-1,0,0,-1
162,1,1510,373,361,149,-1,0,0,-1
162,2,1148,511,622,187,-1,0,0,-1
162,3,129,245,1240,386,-1,0,0,-1
163,1,1510,373,361,149,-1,0,0,-1
163,2,1148,511,622,187,-1,0,0,-1
163,3,129,245,1240,386,-1,0,0,-1
164,1,1510,373,361,149,-1,0,0,-1
164,2,1148,511,622,187,-1,0,0,-1
164,3,129,245,1240,386,-1,0,0,-1
165,1,1510,373,361,149,-1,0,0,-1
165,2,1148,511,622,187,-1,0,0,-1
165,3,129,245,1240,386,-1,0,0,-1
166,1,1510,373,361,149,-1,0,0,-1
166,2,1148,511,622,187,-1,0,0,-1
166,3,129,245,1240,386,-1,0,0,-1
167,1,1510,373,361,149,-1,0,0,-1
167,2,1148,511,622,187,-1,0,0,-1
167,3,129,245,1240,386,-1,0,0,-1
168,1,1510,373,361,149,-1,0,0,-1
168,2,1148,511,622,187,-1,0,0,-1
168,3,129,245,1240,386,-1,0,0,-1
169,1,1510,373,361,149,-1,0,0,-1
169,2,1148,511,622,187,-1,0,0,-1
169,3,129,245,1240,386,-1,0,0,-1
170,1,1510,373,361,149,-1,0,0,-1
170,2,1148,511,622,187,-1,0,0,-1
170,3,129,245,1240,386,-1,0,0,-1
171,1,1510,373,361,149,-1,0,0,-1
171,2,1148,511,622,187,-1,0,0,-1
171,3,129,245,1240,386,-1,0,0,-1
172,1,1510,373,361,149,-1,0,0,-1
172,2,1148,511,622,187,-1,0,0,-1
172,3,129,245,1240,386,-1,0,0,-1
173,1,1510,373,361,149,-1,0,0,-1
173,2,1148,511,622,187,-1,0,0,-1
173,3,129,245,1240,386,-1,0,0,-1
174,1,1510,373,361,149,-1,0,0,-1
174,2,1148,511,622,187,-1,0,0,-1
174,3,129,245,1240,386,-1,0,0,-1
175,1,1510,373,361,149,-1,0,0,-1
175,2,1148,511,622,187,-1,0,0,-1
175,3,129,245,1240,386,-1,0,0,-1
176,1,1510,373,361,149,-1,0,0,-1
176,2,1148,511,622,187,-1,0,0,-1
176,3,129,245,1240,386,-1,0,0,-1
177,1,1510,373,361,149,-1,0,0,-1
177,2,1148,511,622,187,-1,0,0,-1
177,3,129,245,1240,386,-1,0,0,-1
178,1,1510,373,361,149,-1,0,0,-1
178,2,1148,511,622,187,-1,0,0,-1
178,3,129,245,1240,386,-1,0,0,-1
179,1,1510,373,361,149,-1,0,0,-1
179,2,1148,511,622,187,-1,0,0,-1
179,3,129,245,1240,386,-1,0,0,-1
180,1,1510,373,361,149,-1,0,0,-1
180,2,1148,511,622,187,-1,0,0,-1
180,3,129,245,1240,386,-1,0,0,-1
181,1,1510,373,361,149,-1,0,0,-1
181,2,1148,511,622,187,-1,0,0,-1
181,3,129,245,1240,386,-1,0,0,-1
182,1,1510,373,361,149,-1,0,0,-1
182,2,1148,511,622,187,-1,0,0,-1
182,3,129,245,1240,386,-1,0,0,-1
183,1,1510,373,361,149,-1,0,0,-1
183,2,1148,511,622,187,-1,0,0,-1
183,3,129,245,1240,386,-1,0,0,-1
184,1,1510,373,361,149,-1,0,0,-1
184,2,1148,511,622,187,-1,0,0,-1
184,3,129,245,1240,386,-1,0,0,-1
185,1,1510,373,361,149,-1,0,0,-1
185,2,1148,511,622,187,-1,0,0,-1
185,3,129,245,1240,386,-1,0,0,-1
186,1,1510,373,361,149,-1,0,0,-1
186,2,1148,511,622,187,-1,0,0,-1
186,3,129,245,1240,386,-1,0,0,-1
187,1,1510,373,361,149,-1,0,0,-1
187,2,1148,511,622,187,-1,0,0,-1
187,3,129,245,1240,386,-1,0,0,-1
188,1,1510,373,361,149,-1,0,0,-1
188,2,1148,511,622,187,-1,0,0,-1
188,3,129,245,1240,386,-1,0,0,-1
189,1,1510,373,361,149,-1,0,0,-1
189,2,1148,511,622,187,-1,0,0,-1
189,3,129,245,1240,386,-1,0,0,-1
190,1,1510,373,361,149,-1,0,0,-1
190,2,1148,511,622,187,-1,0,0,-1
190,3,129,245,1240,386,-1,0,0,-1
191,1,1510,373,361,149,-1,0,0,-1
191,2,1148,511,622,187,-1,0,0,-1
191,3,129,245,1240,386,-1,0,0,-1
192,1,1510,373,361,149,-1,0,0,-1
192,2,1148,511,622,187,-1,0,0,-1
192,3,129,245,1240,386,-1,0,0,-1
193,1,1510,373,361,149,-1,0,0,-1
193,2,1148,511,622,187,-1,0,0,-1
193,3,129,245,1240,386,-1,0,0,-1
194,1,1510,373,361,149,-1,0,0,-1
194,2,1148,511,622,187,-1,0,0,-1
194,3,129,245,1240,386,-1,0,0,-1
195,1,1510,373,361,149,-1,0,0,-1
195,2,1148,511,622,187,-1,0,0,-1
195,3,129,245,1240,386,-1,0,0,-1
196,1,1510,373,361,149,-1,0,0,-1
196,2,1148,511,622,187,-1,0,0,-1
196,3,129,245,1240,386,-1,0,0,-1
197,1,1510,373,361,149,-1,0,0,-1
197,2,1148,511,622,187,-1,0,0,-1
197,3,129,245,1240,386,-1,0,0,-1
198,1,1510,373,361,149,-1,0,0,-1
198,2,1148,511,622,187,-1,0,0,-1
198,3,129,245,1240,386,-1,0,0,-1
199,1,1510,373,361,149,-1,0,0,-1
199,2,1148,511,622,187,-1,0,0,-1
199,3,129,245,1240,386,-1,0,0,-1
200,1,1510,373,361,149,-1,0,0,-1
200,2,1148,511,622,187,-1,0,0,-1
200,3,129,245,1240,386,-1,0,0,-1
201,1,1510,373,361,149,-1,0,0,-1
201,2,1148,511,622,187,-1,0,0,-1
201,3,129,245,1240,386,-1,0,0,-1
202,1,1510,373,361,149,-1,0,0,-1
202,2,1148,511,622,187,-1,0,0,-1
202,3,129,245,1240,386,-1,0,0,-1
203,1,1510,373,361,149,-1,0,0,-1
203,2,1148,511,622,187,-1,0,0,-1
203,3,129,245,1240,386,-1,0,0,-1
204,1,1510,373,361,149,-1,0,0,-1
204,2,1148,511,622,187,-1,0,0,-1
204,3,129,245,1240,386,-1,0,0,-1
205,1,1510,373,361,149,-1,0,0,-1
205,2,1148,511,622,187,-1,0,0,-1
205,3,129,245,1240,386,-1,0,0,-1
206,1,1510,373,361,149,-1,0,0,-1
206,2,1148,511,622,187,-1,0,0,-1
206,3,129,245,1240,386,-1,0,0,-1
207,1,1510,373,361,149,-1,0,0,-1
207,2,1148,511,622,187,-1,0,0,-1
207,3,129,245,1240,386,-1,0,0,-1
208,1,1510,373,361,149,-1,0,0,-1
208,2,1148,511,622,187,-1,0,0,-1
208,3,129,245,1240,386,-1,0,0,-1
209,1,1510,373,361,149,-1,0,0,-1
209,2,1148,511,622,187,-1,0,0,-1
209,3,129,245,1240,386,-1,0,0,-1
210,1,1510,373,361,149,-1,0,0,-1
210,2,1148,511,622,187,-1,0,0,-1
210,3,129,245,1240,386,-1,0,0,-1
211,1,1510,373,361,149,-1,0,0,-1
211,2,1148,511,622,187,-1,0,0,-1
211,3,129,245,1240,386,-1,0,0,-1
212,1,1510,373,361,149,-1,0,0,-1
212,2,1148,511,622,187,-1,0,0,-1
212,3,129,245,1240,386,-1,0,0,-1
213,1,1510,373,361,149,-1,0,0,-1
213,2,1148,511,622,187,-1,0,0,-1
213,3,129,245,1240,386,-1,0,0,-1
214,1,1510,373,361,149,-1,0,0,-1
214,2,1148,511,622,187,-1,0,0,-1
214,3,129,245,1240,386,-1,0,0,-1
215,1,1510,373,361,149,-1,0,0,-1
215,2,1148,511,621,187,-1,0,0,-1
215,3,129,245,1240,386,-1,0,0,-1
216,1,1510,373,361,149,-1,0,0,-1
216,2,1148,511,622,187,-1,0,0,-1
216,3,129,245,1240,386,-1,0,0,-1
217,1,1510,373,361,149,-1,0,0,-1
217,2,1148,511,621,187,-1,0,0,-1
217,3,129,245,1240,386,-1,0,0,-1
218,1,1510,373,361,149,-1,0,0,-1
218,2,1148,511,621,187,-1,0,0,-1
218,3,129,245,1240,386,-1,0,0,-1
219,1,1510,373,361,149,-1,0,0,-1
219,2,1148,511,621,187,-1,0,0,-1
219,3,129,245,1240,386,-1,0,0,-1
220,1,1510,373,361,149,-1,0,0,-1
220,2,1148,511,621,187,-1,0,0,-1
220,3,129,245,1240,386,-1,0,0,-1
221,1,1510,373,361,149,-1,0,0,-1
221,2,1148,511,621,187,-1,0,0,-1
221,3,129,245,1240,386,-1,0,0,-1
222,1,1510,373,361,149,-1,0,0,-1
222,2,1148,511,621,187,-1,0,0,-1
222,3,129,245,1240,386,-1,0,0,-1
223,1,1510,373,361,149,-1,0,0,-1
223,2,1148,511,621,187,-1,0,0,-1
223,3,129,245,1240,386,-1,0,0,-1
224,1,1510,373,361,149,-1,0,0,-1
224,2,1147,511,621,187,-1,0,0,-1
224,3,129,245,1240,386,-1,0,0,-1
225,1,1510,373,361,149,-1,0,0,-1
225,2,1148,511,621,187,-1,0,0,-1
225,3,129,245,1240,386,-1,0,0,-1
226,1,1510,373,361,149,-1,0,0,-1
226,2,1148,511,621,187,-1,0,0,-1
226,3,129,245,1240,386,-1,0,0,-1
227,1,1510,373,361,149,-1,0,0,-1
227,2,1148,511,621,187,-1,0,0,-1
227,3,129,245,1239,386,-1,0,0,-1
228,1,1510,373,361,149,-1,0,0,-1
228,2,1148,511,621,187,-1,0,0,-1
228,3,129,245,1239,386,-1,0,0,-1
229,1,1510,373,361,149,-1,0,0,-1
229,2,1147,511,621,187,-1,0,0,-1
229,3,129,245,1239,386,-1,0,0,-1
230,1,1510,373,361,149,-1,0,0,-1
230,2,1147,511,621,187,-1,0,0,-1
230,3,129,245,1239,386,-1,0,0,-1
231,1,1510,373,361,149,-1,0,0,-1
231,2,1147,511,621,187,-1,0,0,-1
231,3,129,245,1239,386,-1,0,0,-1
232,1,1510,373,361,149,-1,0,0,-1
232,2,1147,511,621,187,-1,0,0,-1
232,3,129,245,1239,386,-1,0,0,-1
233,1,1510,373,361,149,-1,0,0,-1
233,2,1147,511,620,187,-1,0,0,-1
233,3,129,245,1239,386,-1,0,0,-1
234,1,1510,373,361,149,-1,0,0,-1
234,2,1147,511,620,187,-1,0,0,-1
234,3,129,245,1240,386,-1,0,0,-1
235,1,1510,373,361,149,-1,0,0,-1
235,2,1147,511,620,186,-1,0,0,-1
235,3,129,245,1239,386,-1,0,0,-1
236,1,1510,373,361,149,-1,0,0,-1
236,2,1147,511,620,186,-1,0,0,-1
236,3,129,245,1239,386,-1,0,0,-1
237,1,1510,373,361,149,-1,0,0,-1
237,2,1147,511,620,186,-1,0,0,-1
237,3,129,245,1239,386,-1,0,0,-1
238,1,1510,373,361,149,-1,0,0,-1
238,2,1147,511,620,186,-1,0,0,-1
238,3,129,245,1239,386,-1,0,0,-1
239,1,1510,373,361,149,-1,0,0,-1
239,2,1147,511,620,186,-1,0,0,-1
239,3,129,245,1238,386,-1,0,0,-1
240,1,1510,373,361,149,-1,0,0,-1
240,2,1147,511,620,186,-1,0,0,-1
240,3,129,245,1238,386,-1,0,0,-1
241,1,1510,373,361,149,-1,0,0,-1
241,2,1147,511,620,186,-1,0,0,-1
241,3,129,245,1238,385,-1,0,0,-1
242,1,1510,373,361,149,-1,0,0,-1
242,2,1147,511,620,186,-1,0,0,-1
242,3,129,245,1238,385,-1,0,0,-1
243,1,1510,373,361,149,-1,0,0,-1
243,2,1147,511,620,186,-1,0,0,-1
243,3,129,245,1238,385,-1,0,0,-1
244,1,1510,373,361,149,-1,0,0,-1
244,2,1147,511,619,186,-1,0,0,-1
244,3,129,245,1238,385,-1,0,0,-1
245,1,1510,373,361,149,-1,0,0,-1
245,2,1147,511,619,186,-1,0,0,-1
245,3,129,245,1238,385,-1,0,0,-1
246,1,1510,373,361,149,-1,0,0,-1
246,2,1147,511,620,186,-1,0,0,-1
246,3,129,245,1238,385,-1,0,0,-1
247,1,1510,373,361,149,-1,0,0,-1
247,2,1147,511,619,186,-1,0,0,-1
247,3,129,246,1238,385,-1,0,0,-1
248,1,1510,373,361,149,-1,0,0,-1
248,2,1147,511,619,186,-1,0,0,-1
248,3,129,246,1237,385,-1,0,0,-1
249,1,1510,373,361,149,-1,0,0,-1
249,2,1147,511,619,186,-1,0,0,-1
249,3,129,246,1238,385,-1,0,0,-1
250,1,1510,373,361,149,-1,0,0,-1
250,2,1147,511,619,186,-1,0,0,-1
250,3,129,246,1238,385,-1,0,0,-1
251,1,1510,373,361,149,-1,0,0,-1
251,2,1147,511,619,186,-1,0,0,-1
251,3,130,246,1237,385,-1,0,0,-1
252,1,1510,373,361,149,-1,0,0,-1
252,2,1147,511,619,186,-1,0,0,-1
252,3,129,246,1237,385,-1,0,0,-1
253,1,1510,373,361,149,-1,0,0,-1
253,2,1147,511,619,186,-1,0,0,-1
253,3,129,246,1237,385,-1,0,0,-1
254,1,1510,373,361,149,-1,0,0,-1
254,2,1147,511,619,186,-1,0,0,-1
254,3,129,245,1239,386,-1,0,0,-1
255,1,1510,373,361,149,-1,0,0,-1
255,2,1147,511,618,186,-1,0,0,-1
255,3,129,246,1237,385,-1,0,0,-1
256,1,1510,373,361,149,-1,0,0,-1
256,2,1146,511,620,186,-1,0,0,-1
256,3,129,246,1237,385,-1,0,0,-1
257,1,1510,373,361,149,-1,0,0,-1
257,2,1146,511,618,186,-1,0,0,-1
257,3,129,246,1237,385,-1,0,0,-1
258,1,1510,373,361,149,-1,0,0,-1
258,2,1147,511,618,186,-1,0,0,-1
258,3,129,246,1237,385,-1,0,0,-1
259,1,1510,373,361,149,-1,0,0,-1
259,2,1146,511,617,186,-1,0,0,-1
259,3,129,246,1237,385,-1,0,0,-1
260,1,1510,373,361,149,-1,0,0,-1
260,2,1147,511,618,186,-1,0,0,-1
260,3,129,245,1238,385,-1,0,0,-1
261,1,1510,373,361,149,-1,0,0,-1
261,2,1146,511,618,186,-1,0,0,-1
261,3,130,246,1236,385,-1,0,0,-1
262,1,1510,373,361,149,-1,0,0,-1
262,2,1146,511,617,185,-1,0,0,-1
262,3,130,246,1236,385,-1,0,0,-1
263,1,1510,373,361,149,-1,0,0,-1
263,2,1146,511,617,185,-1,0,0,-1
263,3,130,246,1236,385,-1,0,0,-1
264,1,1510,373,361,149,-1,0,0,-1
264,2,1146,511,617,186,-1,0,0,-1
264,3,130,246,1236,385,-1,0,0,-1
265,1,1510,373,361,149,-1,0,0,-1
265,2,1146,511,617,186,-1,0,0,-1
265,3,129,245,1238,385,-1,0,0,-1
266,1,1510,373,361,149,-1,0,0,-1
266,2,1144,511,618,186,-1,0,0,-1
266,3,129,246,1237,385,-1,0,0,-1
267,1,1510,373,361,149,-1,0,0,-1
267,2,1146,511,617,185,-1,0,0,-1
267,3,129,246,1237,385,-1,0,0,-1
268,1,1510,373,361,149,-1,0,0,-1
268,2,1146,511,616,185,-1,0,0,-1
268,3,129,246,1237,385,-1,0,0,-1
269,1,1510,373,361,149,-1,0,0,-1
269,2,1145,511,617,186,-1,0,0,-1
269,3,130,246,1236,385,-1,0,0,-1
270,1,1510,373,361,149,-1,0,0,-1
270,2,1146,511,623,187,-1,0,0,-1
270,3,130,246,1236,385,-1,0,0,-1
271,1,1510,373,361,149,-1,0,0,-1
271,2,1146,512,615,185,-1,0,0,-1
271,3,129,246,1237,385,-1,0,0,-1
272,1,1510,373,361,149,-1,0,0,-1
272,2,1146,511,615,185,-1,0,0,-1
272,3,130,246,1235,385,-1,0,0,-1
273,1,1510,373,361,149,-1,0,0,-1
273,2,1146,512,615,185,-1,0,0,-1
273,3,130,246,1236,385,-1,0,0,-1
274,1,1510,373,361,149,-1,0,0,-1
274,2,1144,511,616,185,-1,0,0,-1
274,3,130,246,1235,385,-1,0,0,-1
275,1,1510,373,361,149,-1,0,0,-1
275,2,1143,511,617,186,-1,0,0,-1
275,3,130,246,1235,385,-1,0,0,-1
276,1,1510,373,361,149,-1,0,0,-1
276,2,1144,511,616,185,-1,0,0,-1
276,3,130,246,1235,385,-1,0,0,-1
277,1,1510,373,361,149,-1,0,0,-1
277,2,1146,512,614,185,-1,0,0,-1
277,3,130,246,1235,384,-1,0,0,-1
278,1,1510,373,361,149,-1,0,0,-1
278,2,1143,511,617,185,-1,0,0,-1
278,3,129,246,1237,385,-1,0,0,-1
279,1,1510,373,361,149,-1,0,0,-1
279,2,1145,511,615,185,-1,0,0,-1
279,3,130,246,1235,384,-1,0,0,-1
280,1,1510,373,361,149,-1,0,0,-1
280,2,1143,511,616,185,-1,0,0,-1
280,3,129,246,1236,385,-1,0,0,-1
281,1,1510,373,361,149,-1,0,0,-1
281,2,1142,511,616,185,-1,0,0,-1
281,3,129,246,1236,385,-1,0,0,-1
282,1,1510,373,361,149,-1,0,0,-1
282,2,1142,511,616,185,-1,0,0,-1
282,3,130,246,1233,384,-1,0,0,-1
283,1,1510,373,361,149,-1,0,0,-1
283,2,1142,511,616,185,-1,0,0,-1
283,3,130,246,1234,384,-1,0,0,-1
284,1,1510,373,361,149,-1,0,0,-1
284,2,1142,511,616,185,-1,0,0,-1
284,3,130,246,1233,384,-1,0,0,-1
285,1,1510,373,361,149,-1,0,0,-1
285,2,1141,511,616,185,-1,0,0,-1
285,3,130,247,1233,384,-1,0,0,-1
286,1,1510,373,361,149,-1,0,0,-1
286,2,1141,511,616,185,-1,0,0,-1
286,3,130,247,1233,384,-1,0,0,-1
287,1,1510,373,361,149,-1,0,0,-1
287,2,1141,511,616,185,-1,0,0,-1
287,3,130,247,1232,384,-1,0,0,-1
288,1,1510,373,361,149,-1,0,0,-1
288,2,1141,511,616,185,-1,0,0,-1
288,3,130,247,1233,384,-1,0,0,-1
289,1,1510,373,361,149,-1,0,0,-1
289,2,1140,511,616,185,-1,0,0,-1
289,3,130,247,1232,384,-1,0,0,-1
290,1,1510,373,361,149,-1,0,0,-1
290,2,1140,511,616,185,-1,0,0,-1
290,3,130,247,1232,384,-1,0,0,-1
291,1,1510,373,361,149,-1,0,0,-1
291,2,1140,511,615,185,-1,0,0,-1
291,3,129,246,1237,385,-1,0,0,-1
292,1,1510,373,361,149,-1,0,0,-1
292,2,1140,511,615,185,-1,0,0,-1
292,3,129,246,1237,385,-1,0,0,-1
293,1,1510,373,361,149,-1,0,0,-1
293,2,1139,511,615,185,-1,0,0,-1
293,3,130,247,1232,383,-1,0,0,-1
294,1,1510,373,361,149,-1,0,0,-1
294,2,1139,511,615,185,-1,0,0,-1
294,3,130,247,1231,383,-1,0,0,-1
295,1,1510,373,361,149,-1,0,0,-1
295,2,1139,511,615,185,-1,0,0,-1
295,3,130,247,1233,384,-1,0,0,-1
296,1,1510,373,361,149,-1,0,0,-1
296,2,1138,511,614,185,-1,0,0,-1
296,3,131,247,1228,382,-1,0,0,-1
297,1,1510,373,361,149,-1,0,0,-1
297,2,1138,511,614,185,-1,0,0,-1
297,3,130,247,1230,383,-1,0,0,-1
298,1,1510,373,361,149,-1,0,0,-1
298,2,1138,511,614,185,-1,0,0,-1
298,3,130,247,1230,383,-1,0,0,-1
299,1,1510,373,361,149,-1,0,0,-1
299,2,1138,511,613,184,-1,0,0,-1
299,3,131,247,1229,383,-1,0,0,-1
300,1,1510,373,361,149,-1,0,0,-1
300,2,1137,511,612,184,-1,0,0,-1
300,3,131,248,1227,382,-1,0,0,-1
301,1,1510,373,361,149,-1,0,0,-1
301,2,1137,511,612,184,-1,0,0,-1
301,3,131,247,1228,382,-1,0,0,-1
302,1,1510,373,361,149,-1,0,0,-1
302,2,1137,511,611,184,-1,0,0,-1
302,3,131,247,1228,382,-1,0,0,-1
303,1,1510,373,361,149,-1,0,0,-1
303,2,1136,511,612,184,-1,0,0,-1
303,3,131,248,1227,382,-1,0,0,-1
304,1,1510,373,361,149,-1,0,0,-1
304,2,1135,511,612,184,-1,0,0,-1
304,3,132,248,1224,381,-1,0,0,-1
305,1,1510,373,361,149,-1,0,0,-1
305,2,1135,511,611,184,-1,0,0,-1
305,3,129,246,1228,384,-1,0,0,-1
306,1,1510,373,361,149,-1,0,0,-1
306,2,1135,511,611,184,-1,0,0,-1
306,3,129,246,1228,384,-1,0,0,-1
307,1,1510,373,361,149,-1,0,0,-1
307,2,1134,511,611,184,-1,0,0,-1
307,3,129,246,1227,384,-1,0,0,-1
308,1,1510,373,361,149,-1,0,0,-1
308,2,1134,511,611,184,-1,0,0,-1
308,3,129,246,1227,384,-1,0,0,-1
309,1,1510,373,361,149,-1,0,0,-1
309,2,1134,511,610,184,-1,0,0,-1
309,3,129,246,1226,383,-1,0,0,-1
310,1,1510,373,361,149,-1,0,0,-1
310,2,1134,511,610,184,-1,0,0,-1
310,3,129,246,1226,383,-1,0,0,-1
311,1,1510,373,361,149,-1,0,0,-1
311,2,1133,511,610,184,-1,0,0,-1
311,3,129,247,1225,383,-1,0,0,-1
312,1,1510,373,361,149,-1,0,0,-1
312,2,1133,511,609,184,-1,0,0,-1
312,3,130,247,1224,383,-1,0,0,-1
313,1,1510,373,361,149,-1,0,0,-1
313,2,1133,511,606,183,-1,0,0,-1
313,3,129,247,1225,383,-1,0,0,-1
314,1,1510,373,361,149,-1,0,0,-1
314,2,1134,512,604,182,-1,0,0,-1
314,3,129,247,1224,383,-1,0,0,-1
315,1,1510,373,361,149,-1,0,0,-1
315,2,1133,512,605,182,-1,0,0,-1
315,3,130,247,1223,383,-1,0,0,-1
316,1,1510,373,361,149,-1,0,0,-1
316,2,1130,512,610,182,-1,0,0,-1
316,3,129,246,1221,383,-1,0,0,-1
317,1,1510,373,361,149,-1,0,0,-1
317,2,1130,512,610,182,-1,0,0,-1
317,3,129,246,1221,383,-1,0,0,-1
318,1,1510,373,361,149,-1,0,0,-1
318,2,1129,512,609,182,-1,0,0,-1
318,3,129,246,1220,383,-1,0,0,-1
319,1,1510,373,361,149,-1,0,0,-1
319,2,1129,512,609,182,-1,0,0,-1
319,3,129,246,1219,382,-1,0,0,-1
320,1,1510,373,361,149,-1,0,0,-1
320,2,1129,512,608,182,-1,0,0,-1
320,3,129,247,1218,382,-1,0,0,-1
321,1,1510,373,361,149,-1,0,0,-1
321,2,1128,512,608,181,-1,0,0,-1
321,3,130,247,1217,382,-1,0,0,-1
322,1,1510,373,361,149,-1,0,0,-1
322,2,1129,512,605,180,-1,0,0,-1
322,3,130,247,1216,381,-1,0,0,-1
323,1,1510,373,361,149,-1,0,0,-1
323,2,1125,512,612,181,-1,0,0,-1
323,3,130,247,1215,381,-1,0,0,-1
324,1,1510,373,361,149,-1,0,0,-1
324,2,1125,512,612,181,-1,0,0,-1
324,3,130,247,1213,381,-1,0,0,-1
325,1,1510,373,361,149,-1,0,0,-1
325,2,1124,512,612,181,-1,0,0,-1
325,3,130,247,1209,381,-1,0,0,-1
326,1,1510,373,361,149,-1,0,0,-1
326,2,1124,512,611,181,-1,0,0,-1
326,3,130,247,1208,381,-1,0,0,-1
327,1,1510,373,361,149,-1,0,0,-1
327,2,1123,512,611,181,-1,0,0,-1
327,3,130,247,1208,381,-1,0,0,-1
328,1,1510,373,361,149,-1,0,0,-1
328,2,1123,512,611,181,-1,0,0,-1
328,3,130,247,1207,380,-1,0,0,-1
329,1,1510,373,361,149,-1,0,0,-1
329,2,1123,512,610,181,-1,0,0,-1
329,3,130,248,1206,380,-1,0,0,-1
330,1,1510,373,361,149,-1,0,0,-1
330,2,1122,512,614,181,-1,0,0,-1
330,3,131,248,1205,380,-1,0,0,-1
331,1,1510,373,361,149,-1,0,0,-1
331,2,1121,511,613,182,-1,0,0,-1
331,3,131,248,1203,379,-1,0,0,-1
332,1,1510,373,361,149,-1,0,0,-1
332,2,1120,511,613,182,-1,0,0,-1
332,3,131,248,1202,379,-1,0,0,-1
333,1,1510,373,361,149,-1,0,0,-1
333,2,1120,511,612,182,-1,0,0,-1
333,3,131,248,1202,379,-1,0,0,-1
334,1,1510,373,361,149,-1,0,0,-1
334,2,1120,511,612,182,-1,0,0,-1
334,3,131,248,1201,378,-1,0,0,-1
335,1,1510,373,361,149,-1,0,0,-1
335,2,1120,511,610,181,-1,0,0,-1
335,3,132,249,1199,378,-1,0,0,-1
336,1,1510,373,361,149,-1,0,0,-1
336,2,1120,512,606,180,-1,0,0,-1
336,3,132,249,1198,377,-1,0,0,-1
337,1,1510,373,361,149,-1,0,0,-1
337,2,1119,510,607,183,-1,0,0,-1
337,3,132,250,1196,377,-1,0,0,-1
338,1,1510,373,361,149,-1,0,0,-1
338,2,1119,510,606,183,-1,0,0,-1
338,3,132,250,1195,376,-1,0,0,-1
339,1,1510,373,361,149,-1,0,0,-1
339,2,1118,510,606,183,-1,0,0,-1
339,3,132,249,1197,377,-1,0,0,-1
340,1,1510,373,361,149,-1,0,0,-1
340,2,1118,510,605,182,-1,0,0,-1
340,3,133,250,1191,375,-1,0,0,-1
341,1,1510,373,361,149,-1,0,0,-1
341,2,1117,510,609,184,-1,0,0,-1
341,3,133,251,1190,375,-1,0,0,-1
342,1,1510,373,361,149,-1,0,0,-1
342,2,1116,510,600,183,-1,0,0,-1
342,3,132,250,1186,376,-1,0,0,-1
343,1,1510,373,361,149,-1,0,0,-1
343,2,1115,510,600,183,-1,0,0,-1
343,3,132,250,1185,376,-1,0,0,-1
344,1,1510,373,361,149,-1,0,0,-1
344,2,1115,510,599,183,-1,0,0,-1
344,3,132,250,1184,375,-1,0,0,-1
345,1,1510,373,361,149,-1,0,0,-1
345,2,1115,510,597,182,-1,0,0,-1
345,3,133,251,1182,375,-1,0,0,-1
346,1,1510,373,361,149,-1,0,0,-1
346,2,1114,510,595,181,-1,0,0,-1
346,3,133,251,1180,374,-1,0,0,-1
347,1,1510,373,361,149,-1,0,0,-1
347,2,1110,510,597,182,-1,0,0,-1
347,3,133,252,1178,374,-1,0,0,-1
348,1,1510,373,361,149,-1,0,0,-1
348,2,1109,510,597,182,-1,0,0,-1
348,3,132,252,1178,373,-1,0,0,-1
349,1,1510,373,361,149,-1,0,0,-1
349,2,1108,510,595,181,-1,0,0,-1
349,3,132,252,1177,373,-1,0,0,-1
350,1,1510,373,361,149,-1,0,0,-1
350,2,1106,510,595,181,-1,0,0,-1
350,3,132,253,1175,372,-1,0,0,-1
351,1,1510,373,361,149,-1,0,0,-1
351,2,1105,510,594,181,-1,0,0,-1
351,3,133,253,1174,372,-1,0,0,-1
352,1,1510,373,361,149,-1,0,0,-1
352,2,1103,510,594,181,-1,0,0,-1
352,3,133,253,1172,371,-1,0,0,-1
353,1,1510,373,361,149,-1,0,0,-1
353,2,1102,510,594,181,-1,0,0,-1
353,3,133,254,1170,370,-1,0,0,-1
354,1,1510,373,361,149,-1,0,0,-1
354,2,1100,510,593,181,-1,0,0,-1
354,3,133,254,1170,371,-1,0,0,-1
355,1,1510,373,361,149,-1,0,0,-1
355,2,1100,510,591,180,-1,0,0,-1
355,3,134,254,1167,370,-1,0,0,-1
356,1,1510,373,361,149,-1,0,0,-1
356,2,1098,510,591,180,-1,0,0,-1
356,3,134,255,1165,369,-1,0,0,-1
357,1,1510,373,361,149,-1,0,0,-1
357,2,1096,510,591,180,-1,0,0,-1
357,3,134,255,1163,368,-1,0,0,-1
358,1,1510,373,361,149,-1,0,0,-1
358,2,1095,510,590,180,-1,0,0,-1
358,3,134,255,1162,368,-1,0,0,-1
359,1,1510,373,361,149,-1,0,0,-1
359,2,1095,510,588,179,-1,0,0,-1
359,3,134,256,1160,367,-1,0,0,-1
360,1,1510,373,361,149,-1,0,0,-1
360,2,1094,510,588,179,-1,0,0,-1
360,3,134,256,1159,367,-1,0,0,-1
361,1,1510,373,361,149,-1,0,0,-1
361,2,1091,510,588,179,-1,0,0,-1
361,3,135,256,1156,366,-1,0,0,-1
362,1,1510,373,361,149,-1,0,0,-1
362,2,1090,510,586,179,-1,0,0,-1
362,3,135,257,1155,365,-1,0,0,-1
363,1,1510,373,361,149,-1,0,0,-1
363,2,1087,510,586,179,-1,0,0,-1
363,3,135,257,1155,366,-1,0,0,-1
364,1,1510,373,361,149,-1,0,0,-1
364,2,1086,510,585,178,-1,0,0,-1
364,3,136,257,1151,364,-1,0,0,-1
365,1,1510,373,361,149,-1,0,0,-1
365,2,1084,510,585,178,-1,0,0,-1
365,3,134,256,1158,366,-1,0,0,-1
366,1,1510,373,361,149,-1,0,0,-1
366,2,1083,510,584,178,-1,0,0,-1
366,3,135,257,1153,365,-1,0,0,-1
367,1,1510,373,361,149,-1,0,0,-1
367,2,1081,510,583,178,-1,0,0,-1
367,3,139,259,1142,361,-1,0,0,-1
368,1,1510,373,361,149,-1,0,0,-1
368,2,1080,510,582,177,-1,0,0,-1
368,3,135,257,1154,365,-1,0,0,-1
369,1,1510,373,361,149,-1,0,0,-1
369,2,1079,510,581,177,-1,0,0,-1
369,3,134,256,1158,366,-1,0,0,-1
370,1,1510,373,361,149,-1,0,0,-1
370,2,1076,510,581,177,-1,0,0,-1
370,3,137,260,1140,361,-1,0,0,-1
371,1,1510,373,361,149,-1,0,0,-1
371,2,1075,510,579,176,-1,0,0,-1
371,3,140,261,1134,359,-1,0,0,-1
372,1,1510,373,361,149,-1,0,0,-1
372,2,1073,510,580,177,-1,0,0,-1
372,3,137,260,1141,361,-1,0,0,-1
373,1,1510,373,361,149,-1,0,0,-1
373,2,1070,509,581,177,-1,0,0,-1
373,3,135,258,1149,363,-1,0,0,-1
374,1,1510,373,361,149,-1,0,0,-1
374,2,1071,510,577,176,-1,0,0,-1
374,3,134,251,1134,368,-1,0,0,-1
375,1,1510,373,361,149,-1,0,0,-1
375,2,1070,510,576,176,-1,0,0,-1
375,3,134,251,1132,367,-1,0,0,-1
376,1,1510,373,361,149,-1,0,0,-1
376,2,1070,510,574,175,-1,0,0,-1
376,3,135,252,1131,367,-1,0,0,-1
377,1,1510,373,361,149,-1,0,0,-1
377,2,1069,510,572,174,-1,0,0,-1
377,3,134,252,1131,367,-1,0,0,-1
378,1,1510,373,361,149,-1,0,0,-1
378,2,1065,510,574,175,-1,0,0,-1
378,3,135,252,1127,366,-1,0,0,-1
379,1,1510,373,361,149,-1,0,0,-1
379,2,1063,510,573,175,-1,0,0,-1
379,3,136,253,1124,365,-1,0,0,-1
380,1,1510,373,361,149,-1,0,0,-1
380,2,1062,510,572,174,-1,0,0,-1
380,3,136,253,1122,364,-1,0,0,-1
381,1,1510,373,361,149,-1,0,0,-1
381,2,1061,510,570,174,-1,0,0,-1
381,3,136,254,1121,364,-1,0,0,-1
382,1,1510,373,361,149,-1,0,0,-1
382,2,1059,510,570,174,-1,0,0,-1
382,3,135,253,1123,364,-1,0,0,-1
383,1,1510,373,361,149,-1,0,0,-1
383,2,1057,510,569,173,-1,0,0,-1
383,3,136,255,1117,363,-1,0,0,-1
384,1,1510,373,361,149,-1,0,0,-1
384,2,1056,510,567,173,-1,0,0,-1
384,3,137,255,1116,362,-1,0,0,-1
385,1,1510,373,361,149,-1,0,0,-1
385,2,1054,510,566,173,-1,0,0,-1
385,3,139,256,1110,360,-1,0,0,-1
386,1,1510,373,361,149,-1,0,0,-1
386,2,1053,510,565,172,-1,0,0,-1
386,3,137,255,1115,362,-1,0,0,-1
387,1,1510,373,361,149,-1,0,0,-1
387,2,1051,510,564,172,-1,0,0,-1
387,3,141,258,1103,358,-1,0,0,-1
388,1,1510,373,361,149,-1,0,0,-1
388,2,1050,510,562,171,-1,0,0,-1
388,3,138,256,1109,360,-1,0,0,-1
389,1,1510,373,361,149,-1,0,0,-1
389,2,1048,510,561,171,-1,0,0,-1
389,3,138,256,1109,360,-1,0,0,-1
390,1,1510,373,361,149,-1,0,0,-1
390,2,1046,510,562,171,-1,0,0,-1
390,3,138,257,1109,360,-1,0,0,-1
391,1,1510,373,361,149,-1,0,0,-1
391,2,1042,510,564,172,-1,0,0,-1
391,3,136,257,1101,360,-1,0,0,-1
392,1,1510,373,361,149,-1,0,0,-1
392,2,1039,509,565,172,-1,0,0,-1
392,3,136,257,1099,359,-1,0,0,-1
393,1,1510,373,361,149,-1,0,0,-1
393,2,1041,510,558,170,-1,0,0,-1
393,3,136,258,1098,359,-1,0,0,-1
394,1,1510,373,361,149,-1,0,0,-1
394,2,1040,510,555,169,-1,0,0,-1
394,3,137,258,1095,358,-1,0,0,-1
395,1,1510,373,361,149,-1,0,0,-1
395,2,1037,510,557,170,-1,0,0,-1
395,3,137,259,1093,357,-1,0,0,-1
396,1,1510,373,361,149,-1,0,0,-1
396,2,1038,510,567,168,-1,0,0,-1
396,3,138,259,1089,357,-1,0,0,-1
397,1,1510,373,361,149,-1,0,0,-1
397,2,1037,510,566,168,-1,0,0,-1
397,3,138,259,1087,356,-1,0,0,-1
398,1,1510,373,361,149,-1,0,0,-1
398,2,1037,510,564,167,-1,0,0,-1
398,3,139,260,1086,356,-1,0,0,-1
399,1,1510,373,361,149,-1,0,0,-1
399,2,1033,510,564,167,-1,0,0,-1
399,3,139,260,1083,355,-1,0,0,-1
400,1,1510,373,361,149,-1,0,0,-1
400,2,1032,510,563,167,-1,0,0,-1
400,3,138,260,1085,356,-1,0,0,-1
401,1,1510,373,361,149,-1,0,0,-1
401,2,1030,510,562,167,-1,0,0,-1
401,3,140,261,1079,354,-1,0,0,-1
402,1,1510,373,361,149,-1,0,0,-1
402,2,1028,510,561,166,-1,0,0,-1
402,3,139,261,1080,354,-1,0,0,-1
403,1,1510,373,361,149,-1,0,0,-1
403,2,1027,510,559,166,-1,0,0,-1
403,3,140,262,1077,353,-1,0,0,-1
404,1,1510,373,361,149,-1,0,0,-1
404,2,1025,510,558,165,-1,0,0,-1
404,3,141,263,1073,352,-1,0,0,-1
405,1,1510,373,361,149,-1,0,0,-1
405,2,1024,510,557,165,-1,0,0,-1
405,3,143,264,1068,350,-1,0,0,-1
406,1,1510,373,361,149,-1,0,0,-1
406,2,1022,510,556,165,-1,0,0,-1
406,3,139,257,1070,358,-1,0,0,-1
407,1,1510,373,361,149,-1,0,0,-1
407,2,1021,510,554,164,-1,0,0,-1
407,3,139,257,1068,357,-1,0,0,-1
408,1,1510,373,361,149,-1,0,0,-1
408,2,1019,510,552,164,-1,0,0,-1
408,3,140,258,1066,357,-1,0,0,-1
409,1,1510,373,361,149,-1,0,0,-1
409,2,1018,510,551,163,-1,0,0,-1
409,3,141,259,1063,356,-1,0,0,-1
410,1,1510,373,361,149,-1,0,0,-1
410,2,1016,510,550,163,-1,0,0,-1
410,3,140,259,1062,355,-1,0,0,-1
411,1,1510,373,361,149,-1,0,0,-1
411,2,1014,511,548,162,-1,0,0,-1
411,3,139,258,1065,356,-1,0,0,-1
412,1,1510,373,361,149,-1,0,0,-1
412,2,1019,511,552,165,-1,0,0,-1
412,3,139,259,1058,354,-1,0,0,-1
413,1,1510,373,361,149,-1,0,0,-1
413,2,1018,511,550,165,-1,0,0,-1
413,3,139,259,1056,353,-1,0,0,-1
414,1,1510,373,361,149,-1,0,0,-1
414,2,1018,511,548,164,-1,0,0,-1
414,3,140,260,1054,353,-1,0,0,-1
415,1,1510,373,361,149,-1,0,0,-1
415,2,1017,512,546,163,-1,0,0,-1
415,3,140,260,1053,352,-1,0,0,-1
416,1,1510,373,361,149,-1,0,0,-1
416,2,1019,513,540,161,-1,0,0,-1
416,3,140,261,1050,351,-1,0,0,-1
417,1,1510,373,361,149,-1,0,0,-1
417,2,1011,511,546,163,-1,0,0,-1
417,3,140,261,1050,351,-1,0,0,-1
418,1,1510,373,361,149,-1,0,0,-1
418,2,1009,511,545,163,-1,0,0,-1
418,3,141,262,1045,350,-1,0,0,-1
419,1,1510,373,361,149,-1,0,0,-1
419,2,1007,511,544,163,-1,0,0,-1
419,3,141,262,1043,349,-1,0,0,-1
420,1,1510,373,361,149,-1,0,0,-1
420,2,1005,511,543,162,-1,0,0,-1
420,3,141,262,1044,349,-1,0,0,-1
421,1,1510,373,361,149,-1,0,0,-1
421,2,1004,511,542,162,-1,0,0,-1
421,3,142,263,1038,347,-1,0,0,-1
422,1,1510,373,361,149,-1,0,0,-1
422,2,1002,511,540,161,-1,0,0,-1
422,3,144,264,1033,346,-1,0,0,-1
423,1,1510,373,361,149,-1,0,0,-1
423,2,1000,511,539,161,-1,0,0,-1
423,3,142,264,1038,347,-1,0,0,-1
424,1,1510,373,361,149,-1,0,0,-1
424,2,999,511,536,160,-1,0,0,-1
424,3,147,266,1026,343,-1,0,0,-1
425,1,1510,373,361,149,-1,0,0,-1
425,2,997,511,536,160,-1,0,0,-1
425,3,142,264,1037,347,-1,0,0,-1
426,1,1510,373,361,149,-1,0,0,-1
426,2,996,511,534,160,-1,0,0,-1
426,3,139,263,1031,347,-1,0,0,-1
427,1,1510,373,361,149,-1,0,0,-1
427,2,991,510,538,161,-1,0,0,-1
427,3,139,263,1029,346,-1,0,0,-1
428,1,1510,373,361,149,-1,0,0,-1
428,2,991,511,533,159,-1,0,0,-1
428,3,139,264,1028,346,-1,0,0,-1
429,1,1510,373,361,149,-1,0,0,-1
429,2,991,511,529,158,-1,0,0,-1
429,3,140,264,1026,345,-1,0,0,-1
430,1,1510,373,361,149,-1,0,0,-1
430,2,990,511,527,158,-1,0,0,-1
430,3,140,264,1026,345,-1,0,0,-1
431,1,1510,373,361,149,-1,0,0,-1
431,2,988,511,526,157,-1,0,0,-1
431,3,140,265,1022,344,-1,0,0,-1
432,1,1510,373,361,149,-1,0,0,-1
432,2,986,511,525,157,-1,0,0,-1
432,3,139,264,1026,345,-1,0,0,-1
433,1,1510,373,361,149,-1,0,0,-1
433,2,985,511,523,156,-1,0,0,-1
433,3,139,264,1019,346,-1,0,0,-1
434,1,1510,373,361,149,-1,0,0,-1
434,2,984,511,521,156,-1,0,0,-1
434,3,139,264,1017,345,-1,0,0,-1
435,1,1510,373,361,149,-1,0,0,-1
435,2,982,512,519,155,-1,0,0,-1
435,3,140,265,1016,345,-1,0,0,-1
436,1,1510,373,361,149,-1,0,0,-1
436,2,980,505,533,162,-1,0,0,-1
436,3,140,265,1013,344,-1,0,0,-1
437,1,1510,373,361,149,-1,0,0,-1
437,2,979,505,531,161,-1,0,0,-1
437,3,140,266,1012,343,-1,0,0,-1
438,1,1510,373,361,149,-1,0,0,-1
438,2,979,505,530,161,-1,0,0,-1
438,3,140,265,1014,344,-1,0,0,-1
439,1,1510,373,361,149,-1,0,0,-1
439,2,975,505,529,161,-1,0,0,-1
439,3,141,267,1007,342,-1,0,0,-1
440,1,1510,373,361,149,-1,0,0,-1
440,2,974,505,528,161,-1,0,0,-1
440,3,141,267,1007,342,-1,0,0,-1
441,1,1510,373,361,149,-1,0,0,-1
441,2,972,505,527,160,-1,0,0,-1
441,3,142,268,1003,341,-1,0,0,-1
442,1,1510,373,361,149,-1,0,0,-1
442,2,970,505,526,160,-1,0,0,-1
442,3,142,268,1002,340,-1,0,0,-1
443,1,1510,373,361,149,-1,0,0,-1
443,2,969,505,525,160,-1,0,0,-1
443,3,142,268,1000,340,-1,0,0,-1
444,1,1510,373,361,149,-1,0,0,-1
444,2,968,505,527,159,-1,0,0,-1
444,3,142,268,995,339,-1,0,0,-1
445,1,1510,373,361,149,-1,0,0,-1
445,2,967,505,526,159,-1,0,0,-1
445,3,142,268,993,338,-1,0,0,-1
446,1,1510,373,361,149,-1,0,0,-1
446,2,966,505,524,158,-1,0,0,-1
446,3,143,269,991,338,-1,0,0,-1
447,1,1510,373,361,149,-1,0,0,-1
447,2,966,505,521,157,-1,0,0,-1
447,3,143,269,989,337,-1,0,0,-1
448,1,1510,373,361,149,-1,0,0,-1
448,2,965,506,518,156,-1,0,0,-1
448,3,143,269,989,337,-1,0,0,-1
449,1,1510,373,361,149,-1,0,0,-1
449,2,960,505,521,157,-1,0,0,-1
449,3,144,270,985,336,-1,0,0,-1
450,1,1510,373,361,149,-1,0,0,-1
450,2,959,505,519,157,-1,0,0,-1
450,3,144,271,983,335,-1,0,0,-1
451,1,1510,373,361,149,-1,0,0,-1
451,2,962,503,518,163,-1,0,0,-1
451,3,146,272,979,333,-1,0,0,-1
452,1,1510,373,361,149,-1,0,0,-1
452,2,961,503,516,163,-1,0,0,-1
452,3,146,272,977,333,-1,0,0,-1
453,1,1510,373,361,149,-1,0,0,-1
453,2,960,503,514,162,-1,0,0,-1
453,3,146,272,976,333,-1,0,0,-1
454,1,1510,373,361,149,-1,0,0,-1
454,2,960,504,512,161,-1,0,0,-1
454,3,147,273,974,332,-1,0,0,-1
455,1,1510,373,361,149,-1,0,0,-1
455,2,956,503,513,161,-1,0,0,-1
455,3,145,270,970,334,-1,0,0,-1
456,1,1510,373,361,149,-1,0,0,-1
456,2,955,503,512,161,-1,0,0,-1
456,3,145,270,968,333,-1,0,0,-1
457,1,1510,373,361,149,-1,0,0,-1
457,2,953,503,510,161,-1,0,0,-1
457,3,146,271,967,333,-1,0,0,-1
458,1,1510,373,361,149,-1,0,0,-1
458,2,951,503,509,160,-1,0,0,-1
458,3,146,271,965,332,-1,0,0,-1
459,1,1510,373,361,149,-1,0,0,-1
459,2,950,503,508,160,-1,0,0,-1
459,3,146,272,963,332,-1,0,0,-1
460,1,1510,373,361,149,-1,0,0,-1
460,2,948,503,506,159,-1,0,0,-1
460,3,146,271,964,332,-1,0,0,-1
461,1,1510,373,361,149,-1,0,0,-1
461,2,947,503,505,159,-1,0,0,-1
461,3,147,273,958,330,-1,0,0,-1
462,1,1510,373,361,149,-1,0,0,-1
462,2,945,503,504,159,-1,0,0,-1
462,3,148,273,956,329,-1,0,0,-1
463,1,1510,373,361,149,-1,0,0,-1
463,2,944,502,505,160,-1,0,0,-1
463,3,145,270,956,332,-1,0,0,-1
464,1,1510,373,361,149,-1,0,0,-1
464,2,943,502,504,160,-1,0,0,-1
464,3,145,270,954,331,-1,0,0,-1
465,1,1510,373,361,149,-1,0,0,-1
465,2,942,502,502,159,-1,0,0,-1
465,3,146,271,953,331,-1,0,0,-1
466,1,1510,373,361,149,-1,0,0,-1
466,2,940,502,501,159,-1,0,0,-1
466,3,146,271,951,330,-1,0,0,-1
467,1,1510,373,361,149,-1,0,0,-1
467,2,938,502,500,158,-1,0,0,-1
467,3,146,272,949,329,-1,0,0,-1
468,1,1510,373,361,149,-1,0,0,-1
468,2,940,503,495,157,-1,0,0,-1
468,3,147,273,946,328,-1,0,0,-1
469,1,1510,373,361,149,-1,0,0,-1
469,2,935,502,497,158,-1,0,0,-1
469,3,147,273,945,328,-1,0,0,-1
470,1,1510,373,361,149,-1,0,0,-1
470,2,934,502,496,157,-1,0,0,-1
470,3,148,274,941,327,-1,0,0,-1
471,1,1510,373,361,149,-1,0,0,-1
471,2,932,501,499,159,-1,0,0,-1
471,3,147,271,941,330,-1,0,0,-1
472,1,1510,373,361,149,-1,0,0,-1
472,2,931,501,497,158,-1,0,0,-1
472,3,147,271,939,329,-1,0,0,-1
473,1,1510,373,361,149,-1,0,0,-1
473,2,931,501,496,158,-1,0,0,-1
473,3,147,272,938,329,-1,0,0,-1
474,1,1510,373,361,149,-1,0,0,-1
474,2,928,501,495,158,-1,0,0,-1
474,3,148,272,937,328,-1,0,0,-1
475,1,1510,373,361,149,-1,0,0,-1
475,2,926,501,494,157,-1,0,0,-1
475,3,149,273,933,327,-1,0,0,-1
476,1,1510,373,361,149,-1,0,0,-1
476,2,925,501,492,157,-1,0,0,-1
476,3,149,273,932,327,-1,0,0,-1
477,1,1510,373,361,149,-1,0,0,-1
477,2,923,501,491,157,-1,0,0,-1
477,3,149,274,928,326,-1,0,0,-1
478,1,1510,373,361,149,-1,0,0,-1
478,2,922,501,490,156,-1,0,0,-1
478,3,149,274,927,326,-1,0,0,-1
479,1,1510,373,361,149,-1,0,0,-1
479,2,921,502,488,155,-1,0,0,-1
479,3,149,275,926,325,-1,0,0,-1
480,1,1510,373,361,149,-1,0,0,-1
480,2,919,501,487,155,-1,0,0,-1
480,3,150,272,923,325,-1,0,0,-1
481,1,1510,373,361,149,-1,0,0,-1
481,2,918,501,487,155,-1,0,0,-1
481,3,150,272,922,325,-1,0,0,-1
482,1,1510,373,361,149,-1,0,0,-1
482,2,916,501,485,155,-1,0,0,-1
482,3,150,273,921,324,-1,0,0,-1
483,1,1510,373,361,149,-1,0,0,-1
483,2,915,502,484,154,-1,0,0,-1
483,3,150,273,920,324,-1,0,0,-1
484,1,1510,373,361,149,-1,0,0,-1
484,2,913,499,487,157,-1,0,0,-1
484,3,151,273,917,323,-1,0,0,-1
485,1,1510,373,361,149,-1,0,0,-1
485,2,912,499,485,156,-1,0,0,-1
485,3,151,274,916,322,-1,0,0,-1
486,1,1510,373,361,149,-1,0,0,-1
486,2,911,499,483,156,-1,0,0,-1
486,3,152,275,912,321,-1,0,0,-1
487,1,1510,373,361,149,-1,0,0,-1
487,2,909,499,483,156,-1,0,0,-1
487,3,153,275,910,320,-1,0,0,-1
488,1,1510,373,361,149,-1,0,0,-1
488,2,910,500,479,154,-1,0,0,-1
488,3,153,276,909,320,-1,0,0,-1
489,1,1510,373,361,149,-1,0,0,-1
489,2,906,499,480,155,-1,0,0,-1
489,3,153,276,908,320,-1,0,0,-1
490,1,1510,373,361,149,-1,0,0,-1
490,2,905,499,479,154,-1,0,0,-1
490,3,154,277,904,318,-1,0,0,-1
491,1,1510,373,361,149,-1,0,0,-1
491,2,903,499,478,154,-1,0,0,-1
491,3,153,277,905,319,-1,0,0,-1
492,1,1510,373,361,149,-1,0,0,-1
492,2,902,499,476,154,-1,0,0,-1
492,3,156,278,898,316,-1,0,0,-1
493,1,1510,373,361,149,-1,0,0,-1
493,2,901,500,474,153,-1,0,0,-1
493,3,153,277,903,318,-1,0,0,-1
494,1,1510,373,361,149,-1,0,0,-1
494,2,899,500,474,153,-1,0,0,-1
494,3,154,278,898,316,-1,0,0,-1
495,1,1510,373,361,149,-1,0,0,-1
495,2,897,499,474,153,-1,0,0,-1
495,3,158,280,890,314,-1,0,0,-1
496,1,1510,373,361,149,-1,0,0,-1
496,2,897,500,471,152,-1,0,0,-1
496,3,150,275,897,319,-1,0,0,-1
497,1,1510,373,361,149,-1,0,0,-1
497,2,895,500,469,151,-1,0,0,-1
497,3,150,275,895,318,-1,0,0,-1
498,1,1510,373,361,149,-1,0,0,-1
498,2,894,500,469,151,-1,0,0,-1
498,3,151,276,893,318,-1,0,0,-1
499,1,1510,373,361,149,-1,0,0,-1
499,2,893,500,465,150,-1,0,0,-1
499,3,151,276,892,317,-1,0,0,-1
500,1,1510,373,361,149,-1,0,0,-1
500,2,892,500,471,150,-1,0,0,-1
500,3,149,276,891,317,-1,0,0,-1
501,1,1510,373,361,149,-1,0,0,-1
501,2,891,500,469,149,-1,0,0,-1
501,3,149,276,890,316,-1,0,0,-1
502,1,1510,373,361,149,-1,0,0,-1
502,2,891,500,467,149,-1,0,0,-1
502,3,150,277,888,316,-1,0,0,-1
503,1,1510,373,361,149,-1,0,0,-1
503,2,888,500,467,149,-1,0,0,-1
503,3,150,277,886,315,-1,0,0,-1
504,1,1510,373,361,149,-1,0,0,-1
504,2,887,500,466,148,-1,0,0,-1
504,3,150,278,885,315,-1,0,0,-1
505,1,1510,373,361,149,-1,0,0,-1
505,2,885,500,464,148,-1,0,0,-1
505,3,150,278,883,314,-1,0,0,-1
506,1,1510,373,361,149,-1,0,0,-1
506,2,884,500,463,148,-1,0,0,-1
506,3,151,279,881,313,-1,0,0,-1
507,1,1510,373,361,149,-1,0,0,-1
507,2,883,500,462,147,-1,0,0,-1
507,3,151,279,879,313,-1,0,0,-1
508,1,1510,373,361,149,-1,0,0,-1
508,2,882,497,463,151,-1,0,0,-1
508,3,152,279,876,312,-1,0,0,-1
509,1,1510,373,361,149,-1,0,0,-1
509,2,881,497,461,150,-1,0,0,-1
509,3,152,279,875,312,-1,0,0,-1
510,1,1510,373,361,149,-1,0,0,-1
510,2,881,497,459,150,-1,0,0,-1
510,3,152,280,873,311,-1,0,0,-1
511,1,1510,373,361,149,-1,0,0,-1
511,2,880,498,458,149,-1,0,0,-1
511,3,153,280,872,311,-1,0,0,-1
512,1,1510,373,361,149,-1,0,0,-1
512,2,877,497,458,149,-1,0,0,-1
512,3,153,280,871,310,-1,0,0,-1
513,1,1510,373,361,149,-1,0,0,-1
513,2,876,497,461,149,-1,0,0,-1
513,3,149,274,873,316,-1,0,0,-1
514,1,1510,373,361,149,-1,0,0,-1
514,2,875,497,460,149,-1,0,0,-1
514,3,149,274,872,315,-1,0,0,-1
515,1,1510,373,361,149,-1,0,0,-1
515,2,875,497,458,148,-1,0,0,-1
515,3,149,275,870,315,-1,0,0,-1
516,1,1510,373,361,149,-1,0,0,-1
516,2,872,497,457,148,-1,0,0,-1
516,3,150,275,869,315,-1,0,0,-1
517,1,1510,373,361,149,-1,0,0,-1
517,2,872,497,456,147,-1,0,0,-1
517,3,150,275,868,314,-1,0,0,-1
518,1,1510,373,361,149,-1,0,0,-1
518,2,870,497,453,147,-1,0,0,-1
518,3,150,276,864,313,-1,0,0,-1
519,1,1510,373,361,149,-1,0,0,-1
519,2,869,497,451,147,-1,0,0,-1
519,3,150,276,863,313,-1,0,0,-1
520,1,1510,373,361,149,-1,0,0,-1
520,2,868,497,450,146,-1,0,0,-1
520,3,150,277,862,312,-1,0,0,-1
521,1,1510,373,361,149,-1,0,0,-1
521,2,866,497,449,146,-1,0,0,-1
521,3,151,277,860,312,-1,0,0,-1
522,1,1510,373,361,149,-1,0,0,-1
522,2,866,498,447,145,-1,0,0,-1
522,3,151,277,860,311,-1,0,0,-1
523,1,1510,373,361,149,-1,0,0,-1
523,2,864,497,452,145,-1,0,0,-1
523,3,151,277,853,311,-1,0,0,-1
524,1,1510,373,361,149,-1,0,0,-1
524,2,863,497,450,144,-1,0,0,-1
524,3,151,277,852,311,-1,0,0,-1
525,1,1510,373,361,149,-1,0,0,-1
525,2,862,497,449,144,-1,0,0,-1
525,3,151,278,851,310,-1,0,0,-1
526,1,1510,373,361,149,-1,0,0,-1
526,2,861,497,448,144,-1,0,0,-1
526,3,152,278,849,310,-1,0,0,-1
527,1,1510,373,361,149,-1,0,0,-1
527,2,861,498,445,143,-1,0,0,-1
527,3,152,278,848,309,-1,0,0,-1
528,1,1510,373,361,149,-1,0,0,-1
528,2,858,497,445,143,-1,0,0,-1
528,3,152,279,846,308,-1,0,0,-1
529,1,1510,373,361,149,-1,0,0,-1
529,2,857,498,444,142,-1,0,0,-1
529,3,152,279,844,308,-1,0,0,-1
530,1,1510,373,361,149,-1,0,0,-1
530,2,856,498,445,142,-1,0,0,-1
530,3,152,279,844,309,-1,0,0,-1
531,1,1510,373,361,149,-1,0,0,-1
531,2,855,498,443,142,-1,0,0,-1
531,3,152,279,843,309,-1,0,0,-1
532,1,1510,373,361,149,-1,0,0,-1
532,2,855,498,442,141,-1,0,0,-1
532,3,152,280,842,308,-1,0,0,-1
533,1,1510,373,361,149,-1,0,0,-1
533,2,853,498,440,140,-1,0,0,-1
533,3,152,280,841,308,-1,0,0,-1
534,1,1510,373,361,149,-1,0,0,-1
534,2,851,498,440,140,-1,0,0,-1
534,3,153,280,839,307,-1,0,0,-1
535,1,1510,373,361,149,-1,0,0,-1
535,2,850,498,439,140,-1,0,0,-1
535,3,154,281,836,306,-1,0,0,-1
536,1,1510,373,361,149,-1,0,0,-1
536,2,850,499,435,139,-1,0,0,-1
536,3,153,281,837,307,-1,0,0,-1
537,1,1510,373,361,149,-1,0,0,-1
537,2,847,498,437,139,-1,0,0,-1
537,3,154,282,834,305,-1,0,0,-1
538,1,1510,373,361,149,-1,0,0,-1
538,2,847,499,434,139,-1,0,0,-1
538,3,155,282,831,304,-1,0,0,-1
539,1,1510,373,361,149,-1,0,0,-1
539,2,846,499,433,138,-1,0,0,-1
539,3,154,282,832,305,-1,0,0,-1
540,1,1510,373,361,149,-1,0,0,-1
540,2,845,499,431,138,-1,0,0,-1
540,3,156,283,827,303,-1,0,0,-1
541,1,1510,373,361,149,-1,0,0,-1
541,2,844,499,429,137,-1,0,0,-1
541,3,156,284,825,302,-1,0,0,-1
542,1,1510,373,361,149,-1,0,0,-1
542,2,840,498,432,138,-1,0,0,-1
542,3,158,285,823,301,-1,0,0,-1
543,1,1510,373,361,149,-1,0,0,-1
543,2,841,499,427,136,-1,0,0,-1
543,3,155,280,821,307,-1,0,0,-1
544,1,1510,373,361,149,-1,0,0,-1
544,2,840,499,425,136,-1,0,0,-1
544,3,155,280,820,307,-1,0,0,-1
545,1,1510,373,361,149,-1,0,0,-1
545,2,839,499,425,136,-1,0,0,-1
545,3,155,281,819,306,-1,0,0,-1
546,1,1510,373,361,149,-1,0,0,-1
546,2,838,499,422,135,-1,0,0,-1
546,3,155,281,817,306,-1,0,0,-1
547,1,1510,373,361,149,-1,0,0,-1
547,2,837,500,420,134,-1,0,0,-1
547,3,156,281,816,305,-1,0,0,-1
548,1,1510,373,361,149,-1,0,0,-1
548,2,835,500,421,134,-1,0,0,-1
548,3,154,281,819,305,-1,0,0,-1
549,1,1510,373,361,149,-1,0,0,-1
549,2,834,500,420,134,-1,0,0,-1
549,3,154,281,818,305,-1,0,0,-1
550,1,1510,373,361,149,-1,0,0,-1
550,2,834,500,416,133,-1,0,0,-1
550,3,154,281,817,304,-1,0,0,-1
551,1,1510,373,361,149,-1,0,0,-1
551,2,832,500,416,133,-1,0,0,-1
551,3,155,282,815,304,-1,0,0,-1
552,1,1510,373,361,149,-1,0,0,-1
552,2,831,500,419,136,-1,0,0,-1
552,3,155,282,813,303,-1,0,0,-1
553,1,1510,373,361,149,-1,0,0,-1
553,2,830,500,418,136,-1,0,0,-1
553,3,155,282,812,303,-1,0,0,-1
554,1,1510,373,361,149,-1,0,0,-1
554,2,830,500,416,135,-1,0,0,-1
554,3,155,282,811,302,-1,0,0,-1
555,1,1510,373,361,149,-1,0,0,-1
555,2,828,500,415,135,-1,0,0,-1
555,3,155,283,810,302,-1,0,0,-1
556,1,1510,373,361,149,-1,0,0,-1
556,2,827,500,413,134,-1,0,0,-1
556,3,155,283,806,301,-1,0,0,-1
557,1,1510,373,361,149,-1,0,0,-1
557,2,825,500,413,134,-1,0,0,-1
557,3,155,283,805,301,-1,0,0,-1
558,1,1510,373,361,149,-1,0,0,-1
558,2,825,500,411,133,-1,0,0,-1
558,3,155,283,804,300,-1,0,0,-1
559,1,1510,373,361,149,-1,0,0,-1
559,2,823,500,410,133,-1,0,0,-1
559,3,155,284,803,300,-1,0,0,-1
560,1,1510,373,361,149,-1,0,0,-1
560,2,822,501,409,133,-1,0,0,-1
560,3,156,284,802,299,-1,0,0,-1
561,1,1510,373,361,149,-1,0,0,-1
561,2,821,501,408,132,-1,0,0,-1
561,3,156,284,800,299,-1,0,0,-1
562,1,1510,373,361,149,-1,0,0,-1
562,2,820,501,406,132,-1,0,0,-1
562,3,155,284,802,300,-1,0,0,-1
563,1,1510,373,361,149,-1,0,0,-1
563,2,819,501,405,132,-1,0,0,-1
563,3,156,285,798,298,-1,0,0,-1
564,1,1510,373,361,149,-1,0,0,-1
564,2,818,501,403,131,-1,0,0,-1
564,3,156,285,796,297,-1,0,0,-1
565,1,1510,373,361,149,-1,0,0,-1
565,2,817,498,406,133,-1,0,0,-1
565,3,157,286,791,297,-1,0,0,-1
566,1,1510,373,361,149,-1,0,0,-1
566,2,816,498,404,132,-1,0,0,-1
566,3,157,286,790,297,-1,0,0,-1
567,1,1510,373,361,149,-1,0,0,-1
567,2,815,498,403,132,-1,0,0,-1
567,3,157,286,789,296,-1,0,0,-1
568,1,1510,373,361,149,-1,0,0,-1
568,2,814,498,402,132,-1,0,0,-1
568,3,157,287,788,296,-1,0,0,-1
569,1,1510,373,361,149,-1,0,0,-1
569,2,813,498,401,131,-1,0,0,-1
569,3,158,287,787,295,-1,0,0,-1
570,1,1510,373,361,149,-1,0,0,-1
570,2,812,498,400,131,-1,0,0,-1
570,3,158,287,786,295,-1,0,0,-1
571,1,1510,373,361,149,-1,0,0,-1
571,2,811,498,398,130,-1,0,0,-1
571,3,158,287,782,295,-1,0,0,-1
572,1,1510,373,361,149,-1,0,0,-1
572,2,810,499,397,130,-1,0,0,-1
572,3,158,287,781,295,-1,0,0,-1
573,1,1510,373,361,149,-1,0,0,-1
573,2,809,499,396,130,-1,0,0,-1
573,3,158,287,780,294,-1,0,0,-1
574,1,1510,373,361,149,-1,0,0,-1
574,2,808,499,394,129,-1,0,0,-1
574,3,158,288,779,294,-1,0,0,-1
575,1,1510,373,361,149,-1,0,0,-1
575,2,807,499,393,129,-1,0,0,-1
575,3,159,288,778,293,-1,0,0,-1
576,1,1510,373,361,149,-1,0,0,-1
576,2,806,496,395,135,-1,0,0,-1
576,3,159,288,776,293,-1,0,0,-1
577,1,1510,373,361,149,-1,0,0,-1
577,2,805,496,393,134,-1,0,0,-1
577,3,159,289,775,292,-1,0,0,-1
578,1,1510,373,361,149,-1,0,0,-1
578,2,804,496,392,134,-1,0,0,-1
578,3,159,289,774,292,-1,0,0,-1
579,1,1510,373,361,149,-1,0,0,-1
579,2,803,496,391,134,-1,0,0,-1
579,3,159,289,771,291,-1,0,0,-1
580,1,1510,373,361,149,-1,0,0,-1
580,2,803,497,389,133,-1,0,0,-1
580,3,159,289,770,291,-1,0,0,-1
581,1,1510,373,361,149,-1,0,0,-1
581,2,801,496,389,133,-1,0,0,-1
581,3,159,289,770,290,-1,0,0,-1
582,1,1510,373,361,149,-1,0,0,-1
582,2,800,497,387,132,-1,0,0,-1
582,3,159,290,769,290,-1,0,0,-1
583,1,1510,373,361,149,-1,0,0,-1
583,2,799,497,386,132,-1,0,0,-1
583,3,159,290,765,290,-1,0,0,-1
584,1,1510,373,361,149,-1,0,0,-1
584,2,798,497,385,132,-1,0,0,-1
584,3,159,290,764,290,-1,0,0,-1
585,1,1510,373,361,149,-1,0,0,-1
585,2,797,497,384,131,-1,0,0,-1
585,3,160,291,762,289,-1,0,0,-1
586,1,1510,373,361,149,-1,0,0,-1
586,2,796,497,382,130,-1,0,0,-1
586,3,160,291,761,288,-1,0,0,-1
587,1,1510,373,361,149,-1,0,0,-1
587,2,795,497,381,130,-1,0,0,-1
587,3,160,291,760,288,-1,0,0,-1
588,1,1510,373,361,149,-1,0,0,-1
588,2,794,497,380,130,-1,0,0,-1
588,3,160,287,758,292,-1,0,0,-1
589,1,1510,373,361,149,-1,0,0,-1
589,2,793,497,379,129,-1,0,0,-1
589,3,160,287,757,292,-1,0,0,-1
590,1,1510,373,361,149,-1,0,0,-1
590,2,791,497,379,129,-1,0,0,-1
590,3,160,287,756,291,-1,0,0,-1
591,1,1510,373,361,149,-1,0,0,-1
591,2,791,497,375,128,-1,0,0,-1
591,3,160,288,755,291,-1,0,0,-1
592,1,1510,373,361,149,-1,0,0,-1
592,2,790,497,375,128,-1,0,0,-1
592,3,161,288,754,290,-1,0,0,-1
593,1,1510,373,361,149,-1,0,0,-1
593,2,788,497,375,128,-1,0,0,-1
593,3,161,288,753,290,-1,0,0,-1
594,1,1510,373,361,149,-1,0,0,-1
594,2,788,497,372,127,-1,0,0,-1
594,3,161,289,752,290,-1,0,0,-1
595,1,1510,373,361,149,-1,0,0,-1
595,2,788,498,369,126,-1,0,0,-1
595,3,161,289,750,289,-1,0,0,-1
596,1,1510,373,361,149,-1,0,0,-1
596,2,786,495,376,130,-1,0,0,-1
596,3,161,289,749,289,-1,0,0,-1
597,1,1510,373,361,149,-1,0,0,-1
597,2,785,495,375,130,-1,0,0,-1
597,3,162,290,748,288,-1,0,0,-1
598,1,1510,373,361,149,-1,0,0,-1
598,2,785,495,373,129,-1,0,0,-1
598,3,162,290,746,288,-1,0,0,-1
599,1,1510,373,361,149,-1,0,0,-1
599,2,784,495,373,129,-1,0,0,-1
599,3,162,291,745,287,-1,0,0,-1
600,1,1510,373,361,149,-1,0,0,-1
600,2,782,495,371,128,-1,0,0,-1
600,3,162,291,751,287,-1,0,0,-1
601,1,1510,373,361,149,-1,0,0,-1
601,2,782,495,370,128,-1,0,0,-1
601,3,162,291,750,287,-1,0,0,-1
602,1,1510,373,361,149,-1,0,0,-1
602,2,781,495,369,128,-1,0,0,-1
602,3,162,291,749,286,-1,0,0,-1
603,1,1510,373,361,149,-1,0,0,-1
603,2,780,496,368,127,-1,0,0,-1
603,3,162,292,748,286,-1,0,0,-1
604,1,1510,373,361,149,-1,0,0,-1
604,2,779,496,367,127,-1,0,0,-1
604,3,162,292,747,286,-1,0,0,-1
605,1,1510,373,361,149,-1,0,0,-1
605,2,778,496,366,127,-1,0,0,-1
605,3,163,292,746,285,-1,0,0,-1
606,1,1510,373,361,149,-1,0,0,-1
606,2,777,496,365,126,-1,0,0,-1
606,3,163,293,745,285,-1,0,0,-1
607,1,1510,373,361,149,-1,0,0,-1
607,2,776,496,363,126,-1,0,0,-1
607,3,163,293,744,284,-1,0,0,-1
608,1,1510,373,361,149,-1,0,0,-1
608,2,775,496,363,125,-1,0,0,-1
608,3,158,291,750,286,-1,0,0,-1
609,1,1510,373,361,149,-1,0,0,-1
609,2,774,496,361,125,-1,0,0,-1
609,3,158,291,749,286,-1,0,0,-1
610,1,1510,373,361,149,-1,0,0,-1
610,2,773,496,360,125,-1,0,0,-1
610,3,158,291,749,285,-1,0,0,-1
611,1,1510,373,361,149,-1,0,0,-1
611,2,773,496,359,124,-1,0,0,-1
611,3,158,291,748,285,-1,0,0,-1
612,1,1510,373,361,149,-1,0,0,-1
612,2,772,496,358,124,-1,0,0,-1
612,3,159,292,750,285,-1,0,0,-1
613,1,1510,373,361,149,-1,0,0,-1
613,2,771,496,357,123,-1,0,0,-1
613,3,159,292,749,285,-1,0,0,-1
614,1,1510,373,361,149,-1,0,0,-1
614,2,770,496,356,123,-1,0,0,-1
614,3,159,292,749,285,-1,0,0,-1
615,1,1510,373,361,149,-1,0,0,-1
615,2,769,496,355,123,-1,0,0,-1
615,3,159,292,748,284,-1,0,0,-1
616,1,1510,373,361,149,-1,0,0,-1
616,2,768,496,354,122,-1,0,0,-1
616,3,159,292,748,284,-1,0,0,-1
617,1,1510,373,361,149,-1,0,0,-1
617,2,768,497,352,122,-1,0,0,-1
617,3,159,293,747,284,-1,0,0,-1
618,1,1510,373,361,149,-1,0,0,-1
618,2,767,497,352,122,-1,0,0,-1
618,3,159,293,747,284,-1,0,0,-1
619,1,1510,373,361,149,-1,0,0,-1
619,2,766,497,348,120,-1,0,0,-1
619,3,159,293,746,284,-1,0,0,-1
620,1,1510,373,361,149,-1,0,0,-1
620,2,766,498,345,119,-1,0,0,-1
620,3,159,293,746,284,-1,0,0,-1
621,1,1510,373,361,149,-1,0,0,-1
621,2,764,497,348,120,-1,0,0,-1
621,3,159,293,745,283,-1,0,0,-1
622,1,1510,373,361,149,-1,0,0,-1
622,2,765,498,343,118,-1,0,0,-1
622,3,159,294,744,283,-1,0,0,-1
623,1,1510,373,361,149,-1,0,0,-1
623,2,763,497,348,120,-1,0,0,-1
623,3,159,294,743,283,-1,0,0,-1
624,1,1510,373,361,149,-1,0,0,-1
624,2,763,498,339,117,-1,0,0,-1
624,3,160,294,742,282,-1,0,0,-1
625,1,1510,373,361,149,-1,0,0,-1
625,2,762,498,338,117,-1,0,0,-1
625,3,159,294,744,283,-1,0,0,-1
626,1,1510,373,361,149,-1,0,0,-1
626,2,762,498,337,116,-1,0,0,-1
626,3,160,295,739,281,-1,0,0,-1
627,1,1510,373,361,149,-1,0,0,-1
627,2,761,494,347,125,-1,0,0,-1
627,3,161,295,737,280,-1,0,0,-1
628,1,1510,373,361,149,-1,0,0,-1
628,2,760,494,346,125,-1,0,0,-1
628,3,161,296,736,280,-1,0,0,-1
629,1,1510,373,361,149,-1,0,0,-1
629,2,759,494,345,124,-1,0,0,-1
629,3,162,296,737,279,-1,0,0,-1
630,1,1510,373,361,149,-1,0,0,-1
630,2,759,494,344,124,-1,0,0,-1
630,3,162,296,736,279,-1,0,0,-1
631,1,1510,373,361,149,-1,0,0,-1
631,2,758,494,343,124,-1,0,0,-1
631,3,162,296,736,279,-1,0,0,-1
632,1,1510,373,361,149,-1,0,0,-1
632,2,758,495,340,123,-1,0,0,-1
632,3,162,296,735,278,-1,0,0,-1
633,1,1510,373,361,149,-1,0,0,-1
633,2,756,495,341,123,-1,0,0,-1
633,3,162,297,734,278,-1,0,0,-1
634,1,1510,373,361,149,-1,0,0,-1
634,2,755,495,340,122,-1,0,0,-1
634,3,162,297,734,278,-1,0,0,-1
635,1,1510,373,361,149,-1,0,0,-1
635,2,754,495,339,122,-1,0,0,-1
635,3,163,298,731,277,-1,0,0,-1
636,1,1510,373,361,149,-1,0,0,-1
636,2,754,495,338,122,-1,0,0,-1
636,3,163,298,730,276,-1,0,0,-1
637,1,1510,373,361,149,-1,0,0,-1
637,2,753,495,337,121,-1,0,0,-1
637,3,164,298,728,276,-1,0,0,-1
638,1,1510,373,361,149,-1,0,0,-1
638,2,752,495,335,121,-1,0,0,-1
638,3,164,299,727,275,-1,0,0,-1
639,1,1510,373,361,149,-1,0,0,-1
639,2,752,495,333,120,-1,0,0,-1
639,3,163,299,727,275,-1,0,0,-1
640,1,1510,373,361,149,-1,0,0,-1
640,2,750,495,334,120,-1,0,0,-1
640,3,163,299,730,275,-1,0,0,-1
641,1,1510,373,361,149,-1,0,0,-1
641,2,750,495,333,120,-1,0,0,-1
641,3,163,299,729,275,-1,0,0,-1
642,1,1510,373,361,149,-1,0,0,-1
642,2,749,495,331,119,-1,0,0,-1
642,3,163,299,728,274,-1,0,0,-1
643,1,1510,373,361,149,-1,0,0,-1
643,2,748,495,329,119,-1,0,0,-1
643,3,163,300,727,274,-1,0,0,-1
644,1,1510,373,361,149,-1,0,0,-1
644,2,748,493,333,125,-1,0,0,-1
644,3,164,300,726,274,-1,0,0,-1
645,1,1510,373,361,149,-1,0,0,-1
645,2,747,493,332,125,-1,0,0,-1
645,3,164,300,726,273,-1,0,0,-1
646,1,1510,373,361,149,-1,0,0,-1
646,2,747,493,331,124,-1,0,0,-1
646,3,164,300,725,273,-1,0,0,-1
647,1,1510,373,361,149,-1,0,0,-1
647,2,746,493,330,124,-1,0,0,-1
647,3,164,301,724,273,-1,0,0,-1
648,1,1510,373,361,149,-1,0,0,-1
648,2,745,493,329,123,-1,0,0,-1
648,3,165,301,721,272,-1,0,0,-1
649,1,1510,373,361,149,-1,0,0,-1
649,2,745,492,327,125,-1,0,0,-1
649,3,165,301,721,272,-1,0,0,-1
650,1,1510,373,361,149,-1,0,0,-1
650,2,744,492,326,125,-1,0,0,-1
650,3,165,302,719,271,-1,0,0,-1
651,1,1510,373,361,149,-1,0,0,-1
651,2,744,492,325,124,-1,0,0,-1
651,3,165,302,720,271,-1,0,0,-1
652,1,1510,373,361,149,-1,0,0,-1
652,2,743,492,323,124,-1,0,0,-1
652,3,164,301,723,272,-1,0,0,-1
653,1,1510,373,361,149,-1,0,0,-1
653,2,743,492,323,123,-1,0,0,-1
653,3,167,303,720,269,-1,0,0,-1
654,1,1510,373,361,149,-1,0,0,-1
654,2,742,493,321,123,-1,0,0,-1
654,3,167,303,719,269,-1,0,0,-1
655,1,1510,373,361,149,-1,0,0,-1
655,2,741,493,321,123,-1,0,0,-1
655,3,167,303,719,268,-1,0,0,-1
656,1,1510,373,361,149,-1,0,0,-1
656,2,740,493,320,122,-1,0,0,-1
656,3,167,304,718,268,-1,0,0,-1
657,1,1510,373,361,149,-1,0,0,-1
657,2,739,493,319,122,-1,0,0,-1
657,3,167,304,717,268,-1,0,0,-1
658,1,1510,373,361,149,-1,0,0,-1
658,2,738,493,318,122,-1,0,0,-1
658,3,163,297,720,275,-1,0,0,-1
659,1,1510,373,361,149,-1,0,0,-1
659,2,737,493,317,121,-1,0,0,-1
659,3,163,297,719,275,-1,0,0,-1
660,1,1510,373,361,149,-1,0,0,-1
660,2,736,493,316,121,-1,0,0,-1
660,3,163,297,719,274,-1,0,0,-1
661,1,1510,373,361,149,-1,0,0,-1
661,2,736,493,315,121,-1,0,0,-1
661,3,163,298,718,274,-1,0,0,-1
662,1,1510,373,361,149,-1,0,0,-1
662,2,735,493,314,120,-1,0,0,-1
662,3,163,298,717,274,-1,0,0,-1
663,1,1510,373,361,149,-1,0,0,-1
663,2,734,493,312,119,-1,0,0,-1
663,3,163,298,717,274,-1,0,0,-1
664,1,1510,373,361,149,-1,0,0,-1
664,2,733,493,313,120,-1,0,0,-1
664,3,163,298,716,274,-1,0,0,-1
665,1,1510,373,361,149,-1,0,0,-1
665,2,733,493,311,119,-1,0,0,-1
665,3,163,298,716,273,-1,0,0,-1
666,1,1510,373,361,149,-1,0,0,-1
666,2,732,494,309,118,-1,0,0,-1
666,3,163,299,715,273,-1,0,0,-1
667,1,1510,373,361,149,-1,0,0,-1
667,2,731,494,308,118,-1,0,0,-1
667,3,163,299,715,273,-1,0,0,-1
668,1,1510,373,361,149,-1,0,0,-1
668,2,730,493,309,118,-1,0,0,-1
668,3,163,299,714,273,-1,0,0,-1
669,1,1510,373,361,149,-1,0,0,-1
669,2,730,494,306,117,-1,0,0,-1
669,3,163,299,714,272,-1,0,0,-1
670,1,1510,373,361,149,-1,0,0,-1
670,2,729,493,308,118,-1,0,0,-1
670,3,163,299,713,272,-1,0,0,-1
671,1,1510,373,361,149,-1,0,0,-1
671,2,728,494,306,117,-1,0,0,-1
671,3,163,300,714,272,-1,0,0,-1
672,1,1510,373,361,149,-1,0,0,-1
672,2,728,494,303,116,-1,0,0,-1
672,3,163,300,713,272,-1,0,0,-1
673,1,1510,373,361,149,-1,0,0,-1
673,2,727,494,304,116,-1,0,0,-1
673,3,163,300,713,272,-1,0,0,-1
674,1,1510,373,361,149,-1,0,0,-1
674,2,727,494,300,115,-1,0,0,-1
674,3,163,300,712,271,-1,0,0,-1
675,1,1510,373,361,149,-1,0,0,-1
675,2,726,494,300,115,-1,0,0,-1
675,3,163,301,711,271,-1,0,0,-1
676,1,1510,373,361,149,-1,0,0,-1
676,2,725,494,303,116,-1,0,0,-1
676,3,164,301,709,270,-1,0,0,-1
677,1,1510,373,361,149,-1,0,0,-1
677,2,724,494,300,115,-1,0,0,-1
677,3,164,301,709,270,-1,0,0,-1
678,1,1510,373,361,149,-1,0,0,-1
678,2,723,494,306,115,-1,0,0,-1
678,3,164,302,708,270,-1,0,0,-1
679,1,1510,373,361,149,-1,0,0,-1
679,2,722,494,305,115,-1,0,0,-1
679,3,164,302,707,269,-1,0,0,-1
680,1,1510,373,361,149,-1,0,0,-1
680,2,722,494,304,114,-1,0,0,-1
680,3,164,302,709,269,-1,0,0,-1
681,1,1510,373,361,149,-1,0,0,-1
681,2,721,494,303,114,-1,0,0,-1
681,3,164,302,708,269,-1,0,0,-1
682,1,1510,373,361,149,-1,0,0,-1
682,2,720,494,302,114,-1,0,0,-1
682,3,164,302,708,269,-1,0,0,-1
683,1,1510,373,361,149,-1,0,0,-1
683,2,720,495,301,113,-1,0,0,-1
683,3,164,302,707,268,-1,0,0,-1
684,1,1510,373,361,149,-1,0,0,-1
684,2,719,494,301,113,-1,0,0,-1
684,3,164,303,707,268,-1,0,0,-1
685,1,1510,373,361,149,-1,0,0,-1
685,2,718,494,300,113,-1,0,0,-1
685,3,165,303,704,267,-1,0,0,-1
686,1,1510,373,361,149,-1,0,0,-1
686,2,717,495,299,112,-1,0,0,-1
686,3,165,303,703,267,-1,0,0,-1
687,1,1510,373,361,149,-1,0,0,-1
687,2,717,495,298,112,-1,0,0,-1
687,3,165,303,703,266,-1,0,0,-1
688,1,1510,373,361,149,-1,0,0,-1
688,2,716,495,297,112,-1,0,0,-1
688,3,165,304,702,266,-1,0,0,-1
689,1,1510,373,361,149,-1,0,0,-1
689,2,715,495,297,111,-1,0,0,-1
689,3,165,304,701,266,-1,0,0,-1
690,1,1510,373,361,149,-1,0,0,-1
690,2,715,495,296,111,-1,0,0,-1
690,3,166,304,700,265,-1,0,0,-1
691,1,1510,373,361,149,-1,0,0,-1
691,2,714,495,295,111,-1,0,0,-1
691,3,166,304,699,265,-1,0,0,-1
692,1,1510,373,361,149,-1,0,0,-1
692,2,713,495,294,110,-1,0,0,-1
692,3,166,304,702,265,-1,0,0,-1
693,1,1510,373,361,149,-1,0,0,-1
693,2,713,495,293,110,-1,0,0,-1
693,3,166,304,701,265,-1,0,0,-1
694,1,1510,373,361,149,-1,0,0,-1
694,2,712,495,292,110,-1,0,0,-1
694,3,166,304,700,264,-1,0,0,-1
695,1,1510,373,361,149,-1,0,0,-1
695,2,711,495,292,110,-1,0,0,-1
695,3,166,305,700,264,-1,0,0,-1
696,1,1510,373,361,149,-1,0,0,-1
696,2,710,495,291,109,-1,0,0,-1
696,3,166,305,699,264,-1,0,0,-1
697,1,1510,373,361,149,-1,0,0,-1
697,2,710,495,289,109,-1,0,0,-1
697,3,167,305,698,263,-1,0,0,-1
698,1,1510,373,361,149,-1,0,0,-1
698,2,709,495,289,109,-1,0,0,-1
698,3,167,305,697,263,-1,0,0,-1
699,1,1510,373,361,149,-1,0,0,-1
699,2,709,496,287,108,-1,0,0,-1
699,3,169,306,694,263,-1,0,0,-1
700,1,1510,373,361,149,-1,0,0,-1
700,2,708,495,288,108,-1,0,0,-1
700,3,169,306,693,263,-1,0,0,-1
701,1,1510,373,361,149,-1,0,0,-1
701,2,707,496,285,107,-1,0,0,-1
701,3,169,306,692,262,-1,0,0,-1
702,1,1510,373,361,149,-1,0,0,-1
702,2,706,496,286,107,-1,0,0,-1
702,3,169,305,694,264,-1,0,0,-1
703,1,1510,373,361,149,-1,0,0,-1
703,2,706,496,285,107,-1,0,0,-1
703,3,169,305,693,264,-1,0,0,-1
704,1,1510,373,361,149,-1,0,0,-1
704,2,705,495,285,107,-1,0,0,-1
704,3,169,305,693,264,-1,0,0,-1
705,1,1510,373,361,149,-1,0,0,-1
705,2,703,495,285,107,-1,0,0,-1
705,3,169,305,692,263,-1,0,0,-1
706,1,1510,373,361,149,-1,0,0,-1
706,2,704,496,281,106,-1,0,0,-1
706,3,169,305,692,263,-1,0,0,-1
707,1,1510,373,361,149,-1,0,0,-1
707,2,703,496,281,105,-1,0,0,-1
707,3,169,306,691,263,-1,0,0,-1
708,1,1510,373,361,149,-1,0,0,-1
708,2,702,496,281,106,-1,0,0,-1
708,3,168,306,691,262,-1,0,0,-1
709,1,1510,373,361,149,-1,0,0,-1
709,2,702,496,280,105,-1,0,0,-1
709,3,168,306,690,262,-1,0,0,-1
710,1,1510,373,361,149,-1,0,0,-1
710,2,701,496,280,105,-1,0,0,-1
710,3,168,306,690,261,-1,0,0,-1
711,1,1510,373,361,149,-1,0,0,-1
711,2,701,496,277,104,-1,0,0,-1
711,3,168,306,691,261,-1,0,0,-1
712,1,1510,373,361,149,-1,0,0,-1
712,2,700,496,277,104,-1,0,0,-1
712,3,168,306,690,261,-1,0,0,-1
713,1,1510,373,361,149,-1,0,0,-1
713,2,699,496,276,104,-1,0,0,-1
713,3,168,306,690,260,-1,0,0,-1
714,1,1510,373,361,149,-1,0,0,-1
714,2,699,496,275,103,-1,0,0,-1
714,3,168,306,689,260,-1,0,0,-1
715,1,1510,373,361,149,-1,0,0,-1
715,2,698,496,275,103,-1,0,0,-1
715,3,168,307,688,260,-1,0,0,-1
716,1,1510,373,361,149,-1,0,0,-1
716,2,697,496,274,103,-1,0,0,-1
716,3,168,305,688,262,-1,0,0,-1
717,1,1510,373,361,149,-1,0,0,-1
717,2,696,497,273,103,-1,0,0,-1
717,3,168,305,687,262,-1,0,0,-1
718,1,1510,373,361,149,-1,0,0,-1
718,2,696,497,273,102,-1,0,0,-1
718,3,168,305,687,262,-1,0,0,-1
719,1,1510,373,361,149,-1,0,0,-1
719,2,695,497,272,102,-1,0,0,-1
719,3,168,305,686,261,-1,0,0,-1
720,1,1510,373,361,149,-1,0,0,-1
720,2,694,497,271,102,-1,0,0,-1
720,3,168,305,686,261,-1,0,0,-1
721,1,1510,373,361,149,-1,0,0,-1
721,2,694,492,276,108,-1,0,0,-1
721,3,168,306,685,261,-1,0,0,-1
722,1,1510,373,361,149,-1,0,0,-1
722,2,693,492,275,108,-1,0,0,-1
722,3,169,306,683,260,-1,0,0,-1
723,1,1510,373,361,149,-1,0,0,-1
723,2,693,492,275,107,-1,0,0,-1
723,3,169,306,683,260,-1,0,0,-1
724,1,1510,373,361,149,-1,0,0,-1
724,2,692,492,274,107,-1,0,0,-1
724,3,169,307,682,260,-1,0,0,-1
725,1,1510,373,361,149,-1,0,0,-1
725,2,692,492,273,107,-1,0,0,-1
725,3,169,307,683,260,-1,0,0,-1
726,1,1510,373,361,149,-1,0,0,-1
726,2,691,492,273,107,-1,0,0,-1
726,3,169,307,682,260,-1,0,0,-1
727,1,1510,373,361,149,-1,0,0,-1
727,2,691,492,274,107,-1,0,0,-1
727,3,169,307,682,259,-1,0,0,-1
728,1,1510,373,361,149,-1,0,0,-1
728,2,689,492,272,106,-1,0,0,-1
728,3,169,307,681,259,-1,0,0,-1
729,1,1510,373,361,149,-1,0,0,-1
729,2,688,492,273,106,-1,0,0,-1
729,3,169,308,681,259,-1,0,0,-1
730,1,1510,373,361,149,-1,0,0,-1
730,2,687,492,273,106,-1,0,0,-1
730,3,170,308,679,258,-1,0,0,-1
731,1,1510,373,361,149,-1,0,0,-1
731,2,687,492,272,106,-1,0,0,-1
731,3,170,308,678,258,-1,0,0,-1
732,1,1510,373,361,149,-1,0,0,-1
732,2,686,492,271,105,-1,0,0,-1
732,3,169,308,680,259,-1,0,0,-1
733,1,1510,373,361,149,-1,0,0,-1
733,2,685,492,271,105,-1,0,0,-1
733,3,170,309,676,258,-1,0,0,-1
734,1,1510,373,361,149,-1,0,0,-1
734,2,685,492,270,105,-1,0,0,-1
734,3,169,308,680,259,-1,0,0,-1
735,1,1510,373,361,149,-1,0,0,-1
735,2,684,492,270,105,-1,0,0,-1
735,3,172,311,670,255,-1,0,0,-1
736,1,1510,373,361,149,-1,0,0,-1
736,2,683,492,269,104,-1,0,0,-1
736,3,171,310,677,255,-1,0,0,-1
737,1,1510,373,361,149,-1,0,0,-1
737,2,682,492,268,104,-1,0,0,-1
737,3,171,310,676,255,-1,0,0,-1
738,1,1510,373,361,149,-1,0,0,-1
738,2,682,492,268,104,-1,0,0,-1
738,3,171,310,676,255,-1,0,0,-1
739,1,1510,373,361,149,-1,0,0,-1
739,2,681,492,267,104,-1,0,0,-1
739,3,171,310,675,254,-1,0,0,-1
740,1,1510,373,361,149,-1,0,0,-1
740,2,680,492,267,103,-1,0,0,-1
740,3,171,311,674,254,-1,0,0,-1
741,1,1510,373,361,149,-1,0,0,-1
741,2,680,492,266,103,-1,0,0,-1
741,3,171,311,674,254,-1,0,0,-1
742,1,1510,373,361,149,-1,0,0,-1
742,2,679,492,265,103,-1,0,0,-1
742,3,172,311,671,253,-1,0,0,-1
743,1,1510,373,361,149,-1,0,0,-1
743,2,678,492,265,103,-1,0,0,-1
743,3,172,312,671,253,-1,0,0,-1
744,1,1510,373,361,149,-1,0,0,-1
744,2,678,492,264,103,-1,0,0,-1
744,3,172,312,669,252,-1,0,0,-1
745,1,1510,373,361,149,-1,0,0,-1
745,2,677,492,264,102,-1,0,0,-1
745,3,172,312,671,252,-1,0,0,-1
746,1,1510,373,361,149,-1,0,0,-1
746,2,676,492,263,102,-1,0,0,-1
746,3,172,312,670,252,-1,0,0,-1
747,1,1510,373,361,149,-1,0,0,-1
747,2,675,492,263,102,-1,0,0,-1
747,3,172,312,670,252,-1,0,0,-1
748,1,1510,373,361,149,-1,0,0,-1
748,2,675,493,262,102,-1,0,0,-1
748,3,172,312,669,251,-1,0,0,-1
749,1,1510,373,361,149,-1,0,0,-1
749,2,674,493,261,102,-1,0,0,-1
749,3,172,309,669,255,-1,0,0,-1
750,1,1510,373,361,149,-1,0,0,-1
750,2,673,493,261,101,-1,0,0,-1
750,3,172,309,668,255,-1,0,0,-1
751,1,1510,373,361,149,-1,0,0,-1
751,2,673,493,260,101,-1,0,0,-1
751,3,172,309,668,254,-1,0,0,-1
752,1,1510,373,361,149,-1,0,0,-1
752,2,672,493,260,101,-1,0,0,-1
752,3,172,310,668,254,-1,0,0,-1
753,1,1510,373,361,149,-1,0,0,-1
753,2,671,492,260,101,-1,0,0,-1
753,3,172,310,668,254,-1,0,0,-1
754,1,1510,373,361,149,-1,0,0,-1
754,2,671,493,259,100,-1,0,0,-1
754,3,172,310,667,254,-1,0,0,-1
755,1,1510,373,361,149,-1,0,0,-1
755,2,670,493,258,100,-1,0,0,-1
755,3,172,310,667,254,-1,0,0,-1
756,1,1510,373,361,149,-1,0,0,-1
756,2,669,493,258,100,-1,0,0,-1
756,3,172,310,666,253,-1,0,0,-1
757,1,1510,373,361,149,-1,0,0,-1
757,2,669,493,257,100,-1,0,0,-1
757,3,172,311,666,253,-1,0,0,-1
758,1,1510,373,361,149,-1,0,0,-1
758,2,668,493,256,100,-1,0,0,-1
758,3,172,311,666,253,-1,0,0,-1
759,1,1510,373,361,149,-1,0,0,-1
759,2,668,493,256,99,-1,0,0,-1
759,3,173,311,665,252,-1,0,0,-1
760,1,1510,373,361,149,-1,0,0,-1
760,2,667,493,255,99,-1,0,0,-1
760,3,173,311,665,252,-1,0,0,-1
761,1,1510,373,361,149,-1,0,0,-1
761,2,666,493,255,99,-1,0,0,-1
761,3,173,311,664,252,-1,0,0,-1
762,1,1510,373,361,149,-1,0,0,-1
762,2,665,493,255,99,-1,0,0,-1
762,3,173,311,664,251,-1,0,0,-1
763,1,1510,373,361,149,-1,0,0,-1
763,2,665,493,254,99,-1,0,0,-1
763,3,173,311,665,251,-1,0,0,-1
764,1,1510,373,361,149,-1,0,0,-1
764,2,664,493,254,98,-1,0,0,-1
764,3,173,311,665,251,-1,0,0,-1
765,1,1510,373,361,149,-1,0,0,-1
765,2,664,493,253,98,-1,0,0,-1
765,3,173,311,664,251,-1,0,0,-1
766,1,1510,373,361,149,-1,0,0,-1
766,2,663,493,253,98,-1,0,0,-1
766,3,173,311,664,250,-1,0,0,-1
767,1,1510,373,361,149,-1,0,0,-1
767,2,662,493,252,98,-1,0,0,-1
767,3,173,311,663,250,-1,0,0,-1
768,1,1510,373,361,149,-1,0,0,-1
768,2,662,493,251,98,-1,0,0,-1
768,3,173,312,663,250,-1,0,0,-1
769,1,1510,373,361,149,-1,0,0,-1
769,2,661,493,252,98,-1,0,0,-1
769,3,173,312,662,250,-1,0,0,-1
770,1,1510,373,361,149,-1,0,0,-1
770,2,660,493,251,101,-1,0,0,-1
770,3,174,312,661,249,-1,0,0,-1
771,1,1510,373,361,149,-1,0,0,-1
771,2,660,493,250,101,-1,0,0,-1
771,3,174,312,660,249,-1,0,0,-1
772,1,1510,373,361,149,-1,0,0,-1
772,2,659,493,250,101,-1,0,0,-1
772,3,173,312,661,249,-1,0,0,-1
773,1,1510,373,361,149,-1,0,0,-1
773,2,658,493,249,100,-1,0,0,-1
773,3,174,313,659,249,-1,0,0,-1
774,1,1510,373,361,149,-1,0,0,-1
774,2,658,493,249,100,-1,0,0,-1
774,3,174,312,661,249,-1,0,0,-1
775,1,1510,373,361,149,-1,0,0,-1
775,2,657,493,249,100,-1,0,0,-1
775,3,174,312,660,249,-1,0,0,-1
776,1,1510,373,361,149,-1,0,0,-1
776,2,656,488,248,105,-1,0,0,-1
776,3,173,312,661,249,-1,0,0,-1
777,1,1510,373,361,149,-1,0,0,-1
777,2,655,488,247,105,-1,0,0,-1
777,3,175,314,654,247,-1,0,0,-1
778,1,1510,373,361,149,-1,0,0,-1
778,2,655,488,247,105,-1,0,0,-1
778,3,175,314,656,246,-1,0,0,-1
779,1,1510,373,361,149,-1,0,0,-1
779,2,654,488,246,104,-1,0,0,-1
779,3,175,314,656,246,-1,0,0,-1
780,1,1510,373,361,149,-1,0,0,-1
780,2,654,488,246,104,-1,0,0,-1
780,3,175,314,655,246,-1,0,0,-1
781,1,1510,373,361,149,-1,0,0,-1
781,2,653,488,245,104,-1,0,0,-1
781,3,175,314,655,246,-1,0,0,-1
782,1,1510,373,361,149,-1,0,0,-1
782,2,652,488,245,104,-1,0,0,-1
782,3,175,314,655,245,-1,0,0,-1
783,1,1510,373,361,149,-1,0,0,-1
783,2,652,489,244,103,-1,0,0,-1
783,3,175,315,653,245,-1,0,0,-1
784,1,1510,373,361,149,-1,0,0,-1
784,2,652,489,243,103,-1,0,0,-1
784,3,176,315,652,244,-1,0,0,-1
785,1,1510,373,361,149,-1,0,0,-1
785,2,650,488,244,103,-1,0,0,-1
785,3,176,315,651,244,-1,0,0,-1
786,1,1510,373,361,149,-1,0,0,-1
786,2,649,488,243,103,-1,0,0,-1
786,3,176,315,651,243,-1,0,0,-1
787,1,1510,373,361,149,-1,0,0,-1
787,2,649,489,242,103,-1,0,0,-1
787,3,176,316,653,243,-1,0,0,-1
788,1,1510,373,361,149,-1,0,0,-1
788,2,648,489,242,102,-1,0,0,-1
788,3,176,316,652,243,-1,0,0,-1
789,1,1510,373,361,149,-1,0,0,-1
789,2,647,489,242,102,-1,0,0,-1
789,3,176,316,651,242,-1,0,0,-1
790,1,1510,373,361,149,-1,0,0,-1
790,2,647,489,241,102,-1,0,0,-1
790,3,176,314,651,245,-1,0,0,-1
791,1,1510,373,361,149,-1,0,0,-1
791,2,646,489,241,102,-1,0,0,-1
791,3,176,314,650,245,-1,0,0,-1
792,1,1510,373,361,149,-1,0,0,-1
792,2,645,489,240,102,-1,0,0,-1
792,3,176,314,649,244,-1,0,0,-1
793,1,1510,373,361,149,-1,0,0,-1
793,2,645,489,240,102,-1,0,0,-1
793,3,176,315,649,244,-1,0,0,-1
794,1,1510,373,361,149,-1,0,0,-1
794,2,644,489,239,101,-1,0,0,-1
794,3,176,315,648,244,-1,0,0,-1
795,1,1510,373,361,149,-1,0,0,-1
795,2,644,489,240,101,-1,0,0,-1
795,3,177,315,648,243,-1,0,0,-1
796,1,1510,373,361,149,-1,0,0,-1
796,2,643,489,239,101,-1,0,0,-1
796,3,177,315,647,243,-1,0,0,-1
797,1,1510,373,361,149,-1,0,0,-1
797,2,643,489,239,101,-1,0,0,-1
797,3,177,315,647,243,-1,0,0,-1
798,1,1510,373,361,149,-1,0,0,-1
798,2,642,489,238,100,-1,0,0,-1
798,3,177,316,646,242,-1,0,0,-1
799,1,1510,373,361,149,-1,0,0,-1
799,2,642,489,238,100,-1,0,0,-1
799,3,177,316,645,242,-1,0,0,-1
800,1,1510,373,361,149,-1,0,0,-1
800,2,641,489,237,100,-1,0,0,-1
800,3,178,316,645,242,-1,0,0,-1
801,1,1510,373,361,149,-1,0,0,-1
801,2,641,489,238,100,-1,0,0,-1
801,3,178,316,644,241,-1,0,0,-1
802,1,1510,373,361,149,-1,0,0,-1
802,2,640,489,236,100,-1,0,0,-1
802,3,178,316,643,241,-1,0,0,-1
803,1,1510,373,361,149,-1,0,0,-1
803,2,639,489,237,100,-1,0,0,-1
803,3,178,317,645,240,-1,0,0,-1
804,1,1510,373,361,149,-1,0,0,-1
804,2,639,489,235,99,-1,0,0,-1
804,3,178,317,645,240,-1,0,0,-1
805,1,1510,373,361,149,-1,0,0,-1
805,2,638,489,235,99,-1,0,0,-1
805,3,178,317,644,240,-1,0,0,-1
806,1,1510,373,361,149,-1,0,0,-1
806,2,637,489,235,99,-1,0,0,-1
806,3,178,317,643,239,-1,0,0,-1
807,1,1510,373,361,149,-1,0,0,-1
807,2,636,490,234,98,-1,0,0,-1
807,3,178,318,643,239,-1,0,0,-1
808,1,1510,373,361,149,-1,0,0,-1
808,2,636,490,234,98,-1,0,0,-1
808,3,178,318,642,239,-1,0,0,-1
809,1,1510,373,361,149,-1,0,0,-1
809,2,635,490,233,98,-1,0,0,-1
809,3,178,317,643,239,-1,0,0,-1
810,1,1510,373,361,149,-1,0,0,-1
810,2,635,490,232,98,-1,0,0,-1
810,3,178,318,643,239,-1,0,0,-1
811,1,1510,373,361,149,-1,0,0,-1
811,2,633,490,233,98,-1,0,0,-1
811,3,178,318,641,239,-1,0,0,-1
812,1,1510,373,361,149,-1,0,0,-1
812,2,633,490,231,97,-1,0,0,-1
812,3,178,318,641,239,-1,0,0,-1
813,1,1510,373,361,149,-1,0,0,-1
813,2,631,489,233,98,-1,0,0,-1
813,3,179,319,638,237,-1,0,0,-1
814,1,1510,373,361,149,-1,0,0,-1
814,2,632,490,230,97,-1,0,0,-1
814,3,179,319,639,238,-1,0,0,-1
815,1,1510,373,361,149,-1,0,0,-1
815,2,631,490,230,97,-1,0,0,-1
815,3,180,319,635,236,-1,0,0,-1
816,1,1510,373,361,149,-1,0,0,-1
816,2,631,490,229,97,-1,0,0,-1
816,3,179,319,638,237,-1,0,0,-1
817,1,1510,373,361,149,-1,0,0,-1
817,2,630,490,229,96,-1,0,0,-1
817,3,180,320,633,235,-1,0,0,-1
818,1,1510,373,361,149,-1,0,0,-1
818,2,630,490,228,96,-1,0,0,-1
818,3,179,319,638,236,-1,0,0,-1
819,1,1510,373,361,149,-1,0,0,-1
819,2,629,490,228,96,-1,0,0,-1
819,3,179,319,638,236,-1,0,0,-1
820,1,1510,373,361,149,-1,0,0,-1
820,2,628,490,228,96,-1,0,0,-1
820,3,179,319,637,236,-1,0,0,-1
821,1,1510,373,361,149,-1,0,0,-1
821,2,628,490,227,95,-1,0,0,-1
821,3,179,319,637,236,-1,0,0,-1
822,1,1510,373,361,149,-1,0,0,-1
822,2,625,490,230,97,-1,0,0,-1
822,3,179,319,636,235,-1,0,0,-1
823,1,1510,373,361,149,-1,0,0,-1
823,2,627,490,226,95,-1,0,0,-1
823,3,179,320,636,235,-1,0,0,-1
824,1,1510,373,361,149,-1,0,0,-1
824,2,623,489,229,96,-1,0,0,-1
824,3,179,320,635,235,-1,0,0,-1
825,1,1510,373,361,149,-1,0,0,-1
825,2,627,490,224,96,-1,0,0,-1
825,3,179,317,636,238,-1,0,0,-1
826,1,1510,373,361,149,-1,0,0,-1
826,2,627,490,223,96,-1,0,0,-1
826,3,179,317,635,238,-1,0,0,-1
827,1,1510,373,361,149,-1,0,0,-1
827,2,626,490,223,96,-1,0,0,-1
827,3,179,317,635,238,-1,0,0,-1
828,1,1510,373,361,149,-1,0,0,-1
828,2,625,490,222,95,-1,0,0,-1
828,3,179,317,634,237,-1,0,0,-1
829,1,1510,373,361,149,-1,0,0,-1
829,2,625,490,222,95,-1,0,0,-1
829,3,179,318,634,237,-1,0,0,-1
830,1,1510,373,361,149,-1,0,0,-1
830,2,624,490,221,95,-1,0,0,-1
830,3,179,318,633,237,-1,0,0,-1
831,1,1510,373,361,149,-1,0,0,-1
831,2,624,490,220,94,-1,0,0,-1
831,3,180,318,633,237,-1,0,0,-1
832,1,1510,373,361,149,-1,0,0,-1
832,2,623,490,220,94,-1,0,0,-1
832,3,180,318,632,236,-1,0,0,-1
833,1,1510,373,361,149,-1,0,0,-1
833,2,623,490,219,94,-1,0,0,-1
833,3,180,318,632,236,-1,0,0,-1
834,1,1510,373,361,149,-1,0,0,-1
834,2,622,491,219,94,-1,0,0,-1
834,3,180,318,631,236,-1,0,0,-1
835,1,1510,373,361,149,-1,0,0,-1
835,2,622,491,218,94,-1,0,0,-1
835,3,181,320,626,234,-1,0,0,-1
836,1,1510,373,361,149,-1,0,0,-1
836,2,621,491,218,93,-1,0,0,-1
836,3,181,320,625,234,-1,0,0,-1
837,1,1510,373,361,149,-1,0,0,-1
837,2,620,491,217,93,-1,0,0,-1
837,3,181,320,630,234,-1,0,0,-1
838,1,1510,373,361,149,-1,0,0,-1
838,2,620,491,217,93,-1,0,0,-1
838,3,181,320,630,234,-1,0,0,-1
839,1,1510,373,361,149,-1,0,0,-1
839,2,619,491,216,93,-1,0,0,-1
839,3,181,320,629,234,-1,0,0,-1
840,1,1510,373,361,149,-1,0,0,-1
840,2,619,491,216,92,-1,0,0,-1
840,3,181,320,628,233,-1,0,0,-1
841,1,1510,373,361,149,-1,0,0,-1
841,2,618,491,217,92,-1,0,0,-1
841,3,181,321,628,233,-1,0,0,-1
842,1,1510,373,361,149,-1,0,0,-1
842,2,618,491,217,92,-1,0,0,-1
842,3,181,321,627,233,-1,0,0,-1
843,1,1510,373,361,149,-1,0,0,-1
843,2,617,491,216,92,-1,0,0,-1
843,3,182,321,625,232,-1,0,0,-1
844,1,1510,373,361,149,-1,0,0,-1
844,2,617,491,216,91,-1,0,0,-1
844,3,183,322,623,232,-1,0,0,-1
845,1,1510,373,361,149,-1,0,0,-1
845,2,616,491,215,91,-1,0,0,-1
845,3,182,321,626,232,-1,0,0,-1
846,1,1510,373,361,149,-1,0,0,-1
846,2,616,491,215,91,-1,0,0,-1
846,3,182,322,625,232,-1,0,0,-1
847,1,1510,373,361,149,-1,0,0,-1
847,2,615,491,214,91,-1,0,0,-1
847,3,182,322,625,232,-1,0,0,-1
848,1,1510,373,361,149,-1,0,0,-1
848,2,614,491,214,91,-1,0,0,-1
848,3,182,322,624,232,-1,0,0,-1
849,1,1510,373,361,149,-1,0,0,-1
849,2,614,491,213,90,-1,0,0,-1
849,3,182,322,623,231,-1,0,0,-1
850,1,1510,373,361,149,-1,0,0,-1
850,2,612,491,214,90,-1,0,0,-1
850,3,182,323,623,231,-1,0,0,-1
851,1,1510,373,361,149,-1,0,0,-1
851,2,612,491,213,90,-1,0,0,-1
851,3,182,323,622,231,-1,0,0,-1
852,1,1510,373,361,149,-1,0,0,-1
852,2,611,491,213,90,-1,0,0,-1
852,3,182,323,622,231,-1,0,0,-1
853,1,1510,373,361,149,-1,0,0,-1
853,2,611,491,212,89,-1,0,0,-1
853,3,182,323,621,231,-1,0,0,-1
854,1,1510,373,361,149,-1,0,0,-1
854,2,612,491,210,89,-1,0,0,-1
854,3,182,323,621,231,-1,0,0,-1
855,1,1510,373,361,149,-1,0,0,-1
855,2,612,491,210,89,-1,0,0,-1
855,3,183,323,620,230,-1,0,0,-1
856,1,1510,373,361,149,-1,0,0,-1
856,2,611,491,209,89,-1,0,0,-1
856,3,183,324,619,230,-1,0,0,-1
857,1,1510,373,361,149,-1,0,0,-1
857,2,611,491,209,88,-1,0,0,-1
857,3,183,324,618,230,-1,0,0,-1
858,1,1510,373,361,149,-1,0,0,-1
858,2,610,491,208,88,-1,0,0,-1
858,3,183,324,619,230,-1,0,0,-1
859,1,1510,373,361,149,-1,0,0,-1
859,2,610,491,207,88,-1,0,0,-1
859,3,184,325,614,228,-1,0,0,-1
860,1,1510,373,361,149,-1,0,0,-1
860,2,609,491,207,88,-1,0,0,-1
860,3,183,324,616,229,-1,0,0,-1
861,1,1510,373,361,149,-1,0,0,-1
861,2,609,491,206,87,-1,0,0,-1
861,3,184,320,618,232,-1,0,0,-1
862,1,1510,373,361,149,-1,0,0,-1
862,2,608,492,206,87,-1,0,0,-1
862,3,184,320,618,232,-1,0,0,-1
863,1,1510,373,361,149,-1,0,0,-1
863,2,608,492,205,87,-1,0,0,-1
863,3,184,320,618,232,-1,0,0,-1
864,1,1510,373,361,149,-1,0,0,-1
864,2,607,492,205,87,-1,0,0,-1
864,3,184,320,617,232,-1,0,0,-1
865,1,1510,373,361,149,-1,0,0,-1
865,2,607,492,204,87,-1,0,0,-1
865,3,184,320,617,232,-1,0,0,-1
866,1,1510,373,361,149,-1,0,0,-1
866,2,606,492,204,86,-1,0,0,-1
866,3,184,320,616,231,-1,0,0,-1
867,1,1510,373,361,149,-1,0,0,-1
867,2,606,492,203,86,-1,0,0,-1
867,3,184,320,617,231,-1,0,0,-1
868,1,1510,373,361,149,-1,0,0,-1
868,2,605,492,203,86,-1,0,0,-1
868,3,184,320,616,231,-1,0,0,-1
869,1,1510,373,361,149,-1,0,0,-1
869,2,605,492,202,86,-1,0,0,-1
869,3,184,321,615,231,-1,0,0,-1
870,1,1510,373,361,149,-1,0,0,-1
870,2,603,492,203,86,-1,0,0,-1
870,3,184,321,614,231,-1,0,0,-1
871,1,1510,373,361,149,-1,0,0,-1
871,2,604,492,201,85,-1,0,0,-1
871,3,184,321,615,231,-1,0,0,-1
872,1,1510,373,361,149,-1,0,0,-1
872,2,603,492,201,85,-1,0,0,-1
872,3,185,322,611,229,-1,0,0,-1
873,1,1510,373,361,149,-1,0,0,-1
873,2,603,492,200,85,-1,0,0,-1
873,3,185,322,609,229,-1,0,0,-1
874,1,1510,373,361,149,-1,0,0,-1
874,2,602,492,200,85,-1,0,0,-1
874,3,185,322,610,229,-1,0,0,-1
875,1,1510,373,361,149,-1,0,0,-1
875,2,602,492,199,84,-1,0,0,-1
875,3,184,321,614,231,-1,0,0,-1
876,1,1510,373,361,149,-1,0,0,-1
876,2,600,492,201,85,-1,0,0,-1
876,3,185,323,610,228,-1,0,0,-1
