3,1,0,0.940786,72,161,980,210,-1,-1,-1,-1
3,2,0,0.922051,1651,278,268,218,-1,-1,-1,-1
4,1,0,0.940751,71,160,983,212,-1,-1,-1,-1
4,2,0,0.924175,1648,277,271,219,-1,-1,-1,-1
5,1,0,0.940574,72,161,981,211,-1,-1,-1,-1
5,2,0,0.921738,1648,278,271,217,-1,-1,-1,-1
6,1,0,0.940652,71,160,983,213,-1,-1,-1,-1
6,2,0,0.920551,1646,277,273,218,-1,-1,-1,-1
7,1,0,0.940804,71,160,983,213,-1,-1,-1,-1
7,2,0,0.916745,1644,277,275,219,-1,-1,-1,-1
8,1,0,0.940862,71,160,983,213,-1,-1,-1,-1
8,2,0,0.917452,1642,276,277,220,-1,-1,-1,-1
9,1,0,0.941037,71,160,983,213,-1,-1,-1,-1
9,2,0,0.912243,1639,275,280,220,-1,-1,-1,-1
10,1,0,0.941158,71,160,983,213,-1,-1,-1,-1
10,2,0,0.910825,1638,274,281,220,-1,-1,-1,-1
11,1,0,0.94106,71,160,983,213,-1,-1,-1,-1
11,2,0,0.907568,1638,274,281,221,-1,-1,-1,-1
12,1,0,0.94108,71,160,983,213,-1,-1,-1,-1
12,2,0,0.905029,1635,273,284,221,-1,-1,-1,-1
13,1,0,0.940409,72,160,981,212,-1,-1,-1,-1
13,2,0,0.900498,1635,274,284,220,-1,-1,-1,-1
14,1,0,0.939704,71,160,983,212,-1,-1,-1,-1
14,2,0,0.904988,1633,273,286,221,-1,-1,-1,-1
15,1,0,0.939997,72,161,981,211,-1,-1,-1,-1
15,2,0,0.902862,1632,273,287,221,-1,-1,-1,-1
16,1,0,0.939833,71,160,983,212,-1,-1,-1,-1
16,2,0,0.903907,1629,273,290,221,-1,-1,-1,-1
17,1,0,0.939883,72,161,981,211,-1,-1,-1,-1
17,2,0,0.908306,1627,272,292,221,-1,-1,-1,-1
18,1,0,0.940213,70,160,984,213,-1,-1,-1,-1
18,2,0,0.910695,1625,273,294,220,-1,-1,-1,-1
19,1,0,0.940532,72,160,981,212,-1,-1,-1,-1
19,2,0,0.915025,1625,273,293,219,-1,-1,-1,-1
20,1,0,0.940911,72,161,980,211,-1,-1,-1,-1
20,2,0,0.916905,1623,274,295,219,-1,-1,-1,-1
21,1,0,0.938041,72,161,980,212,-1,-1,-1,-1
21,2,0,0.919225,1621,273,296,220,-1,-1,-1,-1
22,1,0,0.937883,72,161,980,212,-1,-1,-1,-1
22,2,0,0.921727,1619,272,300,221,-1,-1,-1,-1
23,1,0,0.93767,71,160,982,214,-1,-1,-1,-1
23,2,0,0.923592,1617,272,302,220,-1,-1,-1,-1
24,1,0,0.937568,70,160,983,214,-1,-1,-1,-1
24,2,0,0.923143,1616,272,302,221,-1,-1,-1,-1
25,1,0,0.937458,71,161,982,213,-1,-1,-1,-1
25,2,0,0.9235,1614,272,304,220,-1,-1,-1,-1
26,1,0,0.936775,70,160,985,214,-1,-1,-1,-1
26,2,0,0.927741,1611,271,308,221,-1,-1,-1,-1
27,1,0,0.937077,70,160,984,213,-1,-1,-1,-1
27,2,0,0.927466,1610,271,308,220,-1,-1,-1,-1
28,1,0,0.937021,70,160,985,214,-1,-1,-1,-1
28,2,0,0.927091,1608,271,310,220,-1,-1,-1,-1
29,1,0,0.936829,70,160,985,213,-1,-1,-1,-1
29,2,0,0.927574,1608,270,311,221,-1,-1,-1,-1
30,1,0,0.936864,70,160,985,214,-1,-1,-1,-1
30,2,0,0.930049,1605,270,313,222,-1,-1,-1,-1
31,1,0,0.936818,70,160,985,214,-1,-1,-1,-1
31,2,0,0.929259,1603,269,316,224,-1,-1,-1,-1
32,1,0,0.936637,70,160,985,213,-1,-1,-1,-1
32,2,0,0.931041,1602,269,317,224,-1,-1,-1,-1
33,1,0,0.936764,71,161,983,212,-1,-1,-1,-1
33,2,0,0.931481,1601,269,318,223,-1,-1,-1,-1
34,1,0,0.936392,71,161,983,213,-1,-1,-1,-1
34,2,0,0.931363,1599,268,320,225,-1,-1,-1,-1
35,1,0,0.936659,70,160,985,214,-1,-1,-1,-1
35,2,0,0.92991,1596,268,323,224,-1,-1,-1,-1
36,1,0,0.936754,70,160,985,214,-1,-1,-1,-1
36,2,0,0.930592,1594,268,325,224,-1,-1,-1,-1
37,1,0,0.936546,70,160,985,214,-1,-1,-1,-1
37,2,0,0.930032,1593,268,326,224,-1,-1,-1,-1
38,1,0,0.936658,71,161,983,213,-1,-1,-1,-1
38,2,0,0.928779,1592,268,327,223,-1,-1,-1,-1
39,1,0,0.937105,70,160,985,214,-1,-1,-1,-1
39,2,0,0.927259,1590,268,329,224,-1,-1,-1,-1
40,1,0,0.937346,71,161,983,213,-1,-1,-1,-1
40,2,0,0.927971,1587,267,331,225,-1,-1,-1,-1
41,1,0,0.937163,70,160,985,215,-1,-1,-1,-1
41,2,0,0.923959,1585,266,334,227,-1,-1,-1,-1
42,1,0,0.936954,70,160,985,215,-1,-1,-1,-1
42,2,0,0.923997,1583,266,336,227,-1,-1,-1,-1
43,1,0,0.936904,69,160,986,215,-1,-1,-1,-1
43,2,0,0.923794,1582,266,336,226,-1,-1,-1,-1
44,1,0,0.936833,69,160,986,215,-1,-1,-1,-1
44,2,0,0.92421,1580,265,339,228,-1,-1,-1,-1
45,1,0,0.936808,69,160,986,215,-1,-1,-1,-1
45,2,0,0.92303,1579,265,340,228,-1,-1,-1,-1
46,1,0,0.936673,70,161,984,214,-1,-1,-1,-1
46,2,0,0.924376,1578,265,341,227,-1,-1,-1,-1
47,1,0,0.936666,69,160,986,215,-1,-1,-1,-1
47,2,0,0.922977,1576,265,342,228,-1,-1,-1,-1
48,1,0,0.936725,70,160,985,215,-1,-1,-1,-1
48,2,0,0.924919,1575,264,343,229,-1,-1,-1,-1
49,1,0,0.937,70,160,984,214,-1,-1,-1,-1
49,2,0,0.922685,1572,263,347,231,-1,-1,-1,-1
50,1,0,0.936528,71,161,983,213,-1,-1,-1,-1
50,2,0,0.923817,1571,264,348,230,-1,-1,-1,-1
51,1,0,0.937463,71,160,983,214,-1,-1,-1,-1
51,2,0,0.922517,1569,264,349,229,-1,-1,-1,-1
52,1,0,0.93728,70,160,984,215,-1,-1,-1,-1
52,2,0,0.92454,1568,264,350,230,-1,-1,-1,-1
53,1,0,0.937403,71,160,983,214,-1,-1,-1,-1
53,2,0,0.924209,1564,262,354,230,-1,-1,-1,-1
54,1,0,0.937164,71,161,982,213,-1,-1,-1,-1
54,2,0,0.923141,1563,262,354,230,-1,-1,-1,-1
55,1,0,0.937406,70,161,984,214,-1,-1,-1,-1
55,2,0,0.921011,1560,261,359,231,-1,-1,-1,-1
56,1,0,0.937256,71,160,983,215,-1,-1,-1,-1
56,2,0,0.92451,1559,261,359,231,-1,-1,-1,-1
57,1,0,0.937274,70,160,984,214,-1,-1,-1,-1
57,2,0,0.921655,1554,263,365,230,-1,-1,-1,-1
58,1,0,0.937307,71,161,982,213,-1,-1,-1,-1
58,2,0,0.923212,1553,263,365,229,-1,-1,-1,-1
59,1,0,0.937071,70,160,984,214,-1,-1,-1,-1
59,2,0,0.921627,1550,264,369,229,-1,-1,-1,-1
60,1,0,0.93721,71,160,983,213,-1,-1,-1,-1
60,2,0,0.921719,1549,263,370,229,-1,-1,-1,-1
61,1,0,0.937291,71,161,983,212,-1,-1,-1,-1
61,2,0,0.922436,1549,263,370,230,-1,-1,-1,-1
62,1,0,0.936995,71,161,983,212,-1,-1,-1,-1
62,2,0,0.922381,1547,262,372,231,-1,-1,-1,-1
63,1,0,0.937349,70,160,985,214,-1,-1,-1,-1
63,2,0,0.923399,1546,261,373,231,-1,-1,-1,-1
64,1,0,0.937022,71,161,983,212,-1,-1,-1,-1
64,2,0,0.925041,1546,260,373,232,-1,-1,-1,-1
65,1,0,0.937232,71,161,983,213,-1,-1,-1,-1
65,2,0,0.926918,1543,259,376,234,-1,-1,-1,-1
66,1,0,0.936929,70,160,985,214,-1,-1,-1,-1
66,2,0,0.926954,1542,259,377,234,-1,-1,-1,-1
67,1,0,0.937462,72,160,982,213,-1,-1,-1,-1
67,2,0,0.925941,1541,258,378,235,-1,-1,-1,-1
68,1,0,0.937399,72,161,981,212,-1,-1,-1,-1
68,2,0,0.923712,1539,258,380,234,-1,-1,-1,-1
69,1,0,0.937749,72,161,981,213,-1,-1,-1,-1
69,2,0,0.923835,1539,258,380,234,-1,-1,-1,-1
70,1,0,0.937907,72,161,981,213,-1,-1,-1,-1
70,2,0,0.925355,1537,257,382,236,-1,-1,-1,-1
71,1,0,0.936115,71,161,982,214,-1,-1,-1,-1
71,2,0,0.922245,1537,257,381,235,-1,-1,-1,-1
72,1,0,0.936124,72,161,981,215,-1,-1,-1,-1
72,2,0,0.923013,1533,257,386,236,-1,-1,-1,-1
73,1,0,0.935641,72,161,981,216,-1,-1,-1,-1
73,2,0,0.921214,1532,257,387,235,-1,-1,-1,-1
74,1,0,0.935414,71,161,983,217,-1,-1,-1,-1
74,2,0,0.920943,1528,257,391,235,-1,-1,-1,-1
75,1,0,0.93502,71,160,983,217,-1,-1,-1,-1
75,2,0,0.920502,1526,257,392,235,-1,-1,-1,-1
76,1,0,0.936809,72,160,981,216,-1,-1,-1,-1
76,2,0,0.920598,1523,257,396,236,-1,-1,-1,-1
77,1,0,0.937077,72,161,981,215,-1,-1,-1,-1
77,2,0,0.918373,1521,257,397,235,-1,-1,-1,-1
78,1,0,0.937463,72,160,981,216,-1,-1,-1,-1
78,2,0,0.924457,1519,257,399,236,-1,-1,-1,-1
79,1,0,0.937202,71,160,983,216,-1,-1,-1,-1
79,2,0,0.921898,1517,256,402,237,-1,-1,-1,-1
80,1,0,0.937368,73,161,980,214,-1,-1,-1,-1
80,2,0,0.925457,1518,256,400,238,-1,-1,-1,-1
81,1,0,0.936895,73,160,980,215,-1,-1,-1,-1
81,2,0,0.925854,1515,256,404,238,-1,-1,-1,-1
82,1,0,0.93722,73,160,979,215,-1,-1,-1,-1
82,2,0,0.928197,1515,256,403,238,-1,-1,-1,-1
83,1,0,0.936966,72,160,981,215,-1,-1,-1,-1
83,2,0,0.927107,1514,255,405,239,-1,-1,-1,-1
84,1,0,0.937061,73,160,979,215,-1,-1,-1,-1
84,2,0,0.928122,1512,255,407,239,-1,-1,-1,-1
85,1,0,0.937485,71,160,982,215,-1,-1,-1,-1
85,2,0,0.928373,1511,255,408,237,-1,-1,-1,-1
86,1,0,0.937285,72,161,980,214,-1,-1,-1,-1
86,2,0,0.928425,1509,256,410,236,-1,-1,-1,-1
87,1,0,0.937469,72,160,980,215,-1,-1,-1,-1
87,2,0,0.928745,1509,256,409,235,-1,-1,-1,-1
88,1,0,0.937763,72,161,980,214,-1,-1,-1,-1
88,2,0,0.926502,1508,256,410,236,-1,-1,-1,-1
89,1,0,0.937704,71,160,983,215,-1,-1,-1,-1
89,2,0,0.927994,1506,256,413,237,-1,-1,-1,-1
90,1,0,0.93781,72,160,981,215,-1,-1,-1,-1
90,2,0,0.925569,1505,256,413,236,-1,-1,-1,-1
91,1,0,0.937838,71,160,983,216,-1,-1,-1,-1
91,2,0,0.925411,1502,255,417,237,-1,-1,-1,-1
92,1,0,0.937512,71,160,983,216,-1,-1,-1,-1
92,2,0,0.92808,1501,256,418,236,-1,-1,-1,-1
93,1,0,0.93751,72,161,981,215,-1,-1,-1,-1
93,2,0,0.929412,1500,255,418,238,-1,-1,-1,-1
94,1,0,0.937682,71,160,983,216,-1,-1,-1,-1
94,2,0,0.931524,1497,255,422,239,-1,-1,-1,-1
95,1,0,0.937564,71,160,983,215,-1,-1,-1,-1
95,2,0,0.932231,1497,255,421,239,-1,-1,-1,-1
96,1,0,0.937429,72,161,981,214,-1,-1,-1,-1
96,2,0,0.931816,1493,254,426,240,-1,-1,-1,-1
97,1,0,0.937209,71,160,983,215,-1,-1,-1,-1
97,2,0,0.934493,1493,255,425,240,-1,-1,-1,-1
98,1,0,0.938004,71,160,983,215,-1,-1,-1,-1
98,2,0,0.934281,1489,254,430,241,-1,-1,-1,-1
99,1,0,0.93843,72,160,981,214,-1,-1,-1,-1
99,2,0,0.935352,1488,255,430,240,-1,-1,-1,-1
100,1,0,0.938542,72,161,981,213,-1,-1,-1,-1
100,2,0,0.933248,1486,254,433,241,-1,-1,-1,-1
101,1,0,0.938565,71,160,982,215,-1,-1,-1,-1
101,2,0,0.935622,1483,254,435,241,-1,-1,-1,-1
102,1,0,0.93836,72,160,980,214,-1,-1,-1,-1
102,2,0,0.936139,1481,253,438,242,-1,-1,-1,-1
103,1,0,0.938911,71,160,982,215,-1,-1,-1,-1
103,2,0,0.937354,1479,254,440,241,-1,-1,-1,-1
104,1,0,0.938597,72,160,980,214,-1,-1,-1,-1
104,2,0,0.934262,1479,254,439,241,-1,-1,-1,-1
105,1,0,0.937667,71,160,982,215,-1,-1,-1,-1
105,2,0,0.935031,1477,254,441,242,-1,-1,-1,-1
106,1,0,0.937697,72,161,980,214,-1,-1,-1,-1
106,2,0,0.934614,1473,253,446,243,-1,-1,-1,-1
107,1,0,0.937648,71,160,982,215,-1,-1,-1,-1
107,2,0,0.935584,1471,252,448,244,-1,-1,-1,-1
108,1,0,0.937884,72,161,980,213,-1,-1,-1,-1
108,2,0,0.936868,1469,253,450,243,-1,-1,-1,-1
109,1,0,0.937637,71,161,982,213,-1,-1,-1,-1
109,2,0,0.936607,1466,252,453,245,-1,-1,-1,-1
110,1,0,0.937363,72,160,981,214,-1,-1,-1,-1
110,2,0,0.939249,1465,252,454,245,-1,-1,-1,-1
111,1,0,0.937438,71,160,983,215,-1,-1,-1,-1
111,2,0,0.938834,1464,252,455,245,-1,-1,-1,-1
112,1,0,0.93737,72,160,981,214,-1,-1,-1,-1
112,2,0,0.938916,1462,252,457,246,-1,-1,-1,-1
113,1,0,0.937346,71,161,983,214,-1,-1,-1,-1
113,2,0,0.936243,1462,252,457,245,-1,-1,-1,-1
114,1,0,0.936806,71,160,984,215,-1,-1,-1,-1
114,2,0,0.935822,1459,251,460,247,-1,-1,-1,-1
115,1,0,0.937184,72,161,982,213,-1,-1,-1,-1
115,2,0,0.934685,1459,251,458,246,-1,-1,-1,-1
116,1,0,0.937268,70,160,985,215,-1,-1,-1,-1
116,2,0,0.932132,1457,250,461,248,-1,-1,-1,-1
117,1,0,0.936857,71,161,983,214,-1,-1,-1,-1
117,2,0,0.933442,1455,250,463,247,-1,-1,-1,-1
118,1,0,0.937205,70,160,985,215,-1,-1,-1,-1
118,2,0,0.929824,1454,250,465,247,-1,-1,-1,-1
119,1,0,0.936968,71,160,984,215,-1,-1,-1,-1
119,2,0,0.933979,1452,250,467,247,-1,-1,-1,-1
120,1,0,0.937784,72,160,982,214,-1,-1,-1,-1
120,2,0,0.93376,1452,251,466,246,-1,-1,-1,-1
121,1,0,0.939038,71,161,983,214,-1,-1,-1,-1
121,2,0,0.930702,1450,250,468,247,-1,-1,-1,-1
122,1,0,0.939398,71,160,983,215,-1,-1,-1,-1
122,2,0,0.929857,1447,249,472,249,-1,-1,-1,-1
123,1,0,0.939358,72,161,981,213,-1,-1,-1,-1
123,2,0,0.928781,1444,250,475,248,-1,-1,-1,-1
124,1,0,0.939209,71,160,983,215,-1,-1,-1,-1
124,2,0,0.929876,1440,250,479,247,-1,-1,-1,-1
125,1,0,0.939687,71,161,982,214,-1,-1,-1,-1
125,2,0,0.926446,1439,250,480,246,-1,-1,-1,-1
126,1,0,0.940072,70,160,984,215,-1,-1,-1,-1
126,2,0,0.930496,1437,250,482,247,-1,-1,-1,-1
127,1,0,0.940125,71,160,982,214,-1,-1,-1,-1
127,2,0,0.930329,1435,250,484,246,-1,-1,-1,-1
128,1,0,0.939822,70,160,984,215,-1,-1,-1,-1
128,2,0,0.934809,1432,249,487,248,-1,-1,-1,-1
129,1,0,0.9395,71,161,982,213,-1,-1,-1,-1
129,2,0,0.93358,1432,249,487,247,-1,-1,-1,-1
130,1,0,0.939589,70,160,984,215,-1,-1,-1,-1
130,2,0,0.935143,1429,248,490,249,-1,-1,-1,-1
131,1,0,0.939259,70,160,984,215,-1,-1,-1,-1
131,2,0,0.935484,1427,248,492,248,-1,-1,-1,-1
132,1,0,0.939578,71,161,982,213,-1,-1,-1,-1
132,2,0,0.93859,1425,247,493,248,-1,-1,-1,-1
133,1,0,0.939278,70,160,984,215,-1,-1,-1,-1
133,2,0,0.940705,1422,247,496,249,-1,-1,-1,-1
134,1,0,0.939444,71,161,982,213,-1,-1,-1,-1
134,2,0,0.94442,1420,246,496,248,-1,-1,-1,-1
135,1,0,0.939454,70,160,984,214,-1,-1,-1,-1
135,2,0,0.946079,1418,246,498,247,-1,-1,-1,-1
136,1,0,0.939387,70,161,984,214,-1,-1,-1,-1
136,2,0,0.948924,1416,247,501,247,-1,-1,-1,-1
137,1,0,0.939253,70,160,984,214,-1,-1,-1,-1
137,2,0,0.950493,1415,247,502,247,-1,-1,-1,-1
138,1,0,0.939483,70,160,984,214,-1,-1,-1,-1
138,2,0,0.950225,1411,246,507,248,-1,-1,-1,-1
139,1,0,0.939886,71,161,982,213,-1,-1,-1,-1
139,2,0,0.950079,1411,246,507,247,-1,-1,-1,-1
140,1,0,0.939578,70,160,984,215,-1,-1,-1,-1
140,2,0,0.951194,1408,246,511,247,-1,-1,-1,-1
141,1,0,0.93969,71,161,982,213,-1,-1,-1,-1
141,2,0,0.950881,1408,246,510,246,-1,-1,-1,-1
142,1,0,0.939561,70,160,984,214,-1,-1,-1,-1
142,2,0,0.950102,1406,246,512,247,-1,-1,-1,-1
143,1,0,0.939516,71,160,982,213,-1,-1,-1,-1
143,2,0,0.947754,1404,245,515,248,-1,-1,-1,-1
144,1,0,0.939366,71,161,982,213,-1,-1,-1,-1
144,2,0,0.948256,1403,245,515,247,-1,-1,-1,-1
145,1,0,0.939282,70,160,984,215,-1,-1,-1,-1
145,2,0,0.951061,1401,244,518,248,-1,-1,-1,-1
146,1,0,0.939176,70,160,985,215,-1,-1,-1,-1
146,2,0,0.949688,1400,244,519,248,-1,-1,-1,-1
147,1,0,0.938724,71,161,983,213,-1,-1,-1,-1
147,2,0,0.95084,1399,245,519,247,-1,-1,-1,-1
148,1,0,0.938971,70,160,985,214,-1,-1,-1,-1
148,2,0,0.949795,1396,245,523,247,-1,-1,-1,-1
149,1,0,0.938966,70,160,985,215,-1,-1,-1,-1
149,2,0,0.949579,1397,245,521,246,-1,-1,-1,-1
150,1,0,0.938844,70,160,985,214,-1,-1,-1,-1
150,2,0,0.94895,1392,245,525,247,-1,-1,-1,-1
151,1,0,0.939447,71,161,983,212,-1,-1,-1,-1
151,2,0,0.94614,1390,244,527,248,-1,-1,-1,-1
152,1,0,0.939393,72,161,981,212,-1,-1,-1,-1
152,2,0,0.945635,1389,243,529,250,-1,-1,-1,-1
153,1,0,0.939907,71,161,982,212,-1,-1,-1,-1
153,2,0,0.946242,1386,243,532,250,-1,-1,-1,-1
154,1,0,0.940096,71,161,983,213,-1,-1,-1,-1
154,2,0,0.945862,1385,243,533,250,-1,-1,-1,-1
155,1,0,0.939562,71,161,983,214,-1,-1,-1,-1
155,2,0,0.945843,1383,243,535,249,-1,-1,-1,-1
156,1,0,0.939583,70,161,984,214,-1,-1,-1,-1
156,2,0,0.945578,1380,242,539,251,-1,-1,-1,-1
157,1,0,0.939567,70,160,985,215,-1,-1,-1,-1
157,2,0,0.94434,1377,242,542,250,-1,-1,-1,-1
158,1,0,0.939642,70,160,985,215,-1,-1,-1,-1
158,2,0,0.942734,1376,242,542,250,-1,-1,-1,-1
159,1,0,0.939972,71,161,983,214,-1,-1,-1,-1
159,2,0,0.939967,1373,242,546,250,-1,-1,-1,-1
160,1,0,0.940089,70,160,985,215,-1,-1,-1,-1
160,2,0,0.93769,1372,242,547,249,-1,-1,-1,-1
161,1,0,0.940291,70,160,985,215,-1,-1,-1,-1
161,2,0,0.941848,1369,242,550,250,-1,-1,-1,-1
162,1,0,0.94028,71,161,983,213,-1,-1,-1,-1
162,2,0,0.938481,1369,240,550,251,-1,-1,-1,-1
163,1,0,0.940216,71,160,983,214,-1,-1,-1,-1
163,2,0,0.936296,1366,239,553,252,-1,-1,-1,-1
164,1,0,0.94008,70,160,985,215,-1,-1,-1,-1
164,2,0,0.933727,1364,239,555,253,-1,-1,-1,-1
165,1,0,0.939639,70,161,985,214,-1,-1,-1,-1
165,2,0,0.932636,1363,240,556,252,-1,-1,-1,-1
166,1,0,0.939494,70,160,985,215,-1,-1,-1,-1
166,2,0,0.930584,1361,239,557,254,-1,-1,-1,-1
167,1,0,0.939626,71,161,983,214,-1,-1,-1,-1
167,2,0,0.930332,1359,238,559,255,-1,-1,-1,-1
168,1,0,0.93989,70,160,985,215,-1,-1,-1,-1
168,2,0,0.931556,1357,238,562,256,-1,-1,-1,-1
169,1,0,0.940026,70,161,985,214,-1,-1,-1,-1
169,2,0,0.932242,1355,238,564,255,-1,-1,-1,-1
170,1,0,0.939856,71,161,983,214,-1,-1,-1,-1
170,2,0,0.930895,1352,237,567,257,-1,-1,-1,-1
171,1,0,0.940626,71,161,982,213,-1,-1,-1,-1
171,2,0,0.929473,1352,237,567,257,-1,-1,-1,-1
172,1,0,0.941464,72,161,980,212,-1,-1,-1,-1
172,2,0,0.932017,1347,237,572,257,-1,-1,-1,-1
173,1,0,0.941395,72,161,980,212,-1,-1,-1,-1
173,2,0,0.932338,1348,236,571,258,-1,-1,-1,-1
174,1,0,0.94122,72,161,980,212,-1,-1,-1,-1
174,2,0,0.93398,1344,235,575,260,-1,-1,-1,-1
175,1,0,0.941079,71,160,982,213,-1,-1,-1,-1
175,2,0,0.934676,1342,235,577,260,-1,-1,-1,-1
176,1,0,0.941046,72,160,981,212,-1,-1,-1,-1
176,2,0,0.936949,1338,235,581,260,-1,-1,-1,-1
177,1,0,0.940942,72,161,980,212,-1,-1,-1,-1
177,2,0,0.938798,1336,235,583,259,-1,-1,-1,-1
178,1,0,0.94068,72,160,982,213,-1,-1,-1,-1
178,2,0,0.941852,1334,234,585,259,-1,-1,-1,-1
179,1,0,0.940745,73,161,980,211,-1,-1,-1,-1
179,2,0,0.942835,1333,234,586,259,-1,-1,-1,-1
180,1,0,0.939948,72,161,981,212,-1,-1,-1,-1
180,2,0,0.942963,1329,233,590,261,-1,-1,-1,-1
181,1,0,0.939983,71,160,983,214,-1,-1,-1,-1
181,2,0,0.946241,1327,234,592,260,-1,-1,-1,-1
182,1,0,0.939916,72,161,981,213,-1,-1,-1,-1
182,2,0,0.946158,1324,235,595,259,-1,-1,-1,-1
183,1,0,0.94004,71,160,983,214,-1,-1,-1,-1
183,2,0,0.94837,1322,235,597,259,-1,-1,-1,-1
184,1,0,0.940414,72,161,981,212,-1,-1,-1,-1
184,2,0,0.946795,1320,235,599,258,-1,-1,-1,-1
185,1,0,0.9405,71,161,982,213,-1,-1,-1,-1
185,2,0,0.948872,1320,235,599,258,-1,-1,-1,-1
186,1,0,0.940561,71,161,982,213,-1,-1,-1,-1
186,2,0,0.950239,1317,234,602,260,-1,-1,-1,-1
187,1,0,0.940273,72,162,980,211,-1,-1,-1,-1
187,2,0,0.949183,1316,233,603,260,-1,-1,-1,-1
188,1,0,0.939885,72,162,981,211,-1,-1,-1,-1
188,2,0,0.948702,1313,232,606,261,-1,-1,-1,-1
189,1,0,0.939589,73,162,980,212,-1,-1,-1,-1
189,2,0,0.950176,1311,231,608,261,-1,-1,-1,-1
190,1,0,0.939609,72,162,982,213,-1,-1,-1,-1
190,2,0,0.95023,1311,231,608,261,-1,-1,-1,-1
191,1,0,0.939849,71,161,983,214,-1,-1,-1,-1
191,2,0,0.948605,1308,230,611,263,-1,-1,-1,-1
192,1,0,0.939612,71,161,983,214,-1,-1,-1,-1
192,2,0,0.94896,1307,230,611,262,-1,-1,-1,-1
193,1,0,0.939853,71,161,983,213,-1,-1,-1,-1
193,2,0,0.948077,1302,230,616,262,-1,-1,-1,-1
194,1,0,0.939796,72,162,981,211,-1,-1,-1,-1
194,2,0,0.948937,1301,230,618,261,-1,-1,-1,-1
195,1,0,0.939977,72,162,980,211,-1,-1,-1,-1
195,2,0,0.948284,1300,231,617,261,-1,-1,-1,-1
196,1,0,0.939668,72,162,981,211,-1,-1,-1,-1
196,2,0,0.948358,1296,230,622,262,-1,-1,-1,-1
197,1,0,0.939536,72,162,981,212,-1,-1,-1,-1
197,2,0,0.947752,1296,230,620,261,-1,-1,-1,-1
198,1,0,0.939888,71,161,983,214,-1,-1,-1,-1
198,2,0,0.949398,1291,230,626,262,-1,-1,-1,-1
199,1,0,0.939488,71,161,983,213,-1,-1,-1,-1
199,2,0,0.948796,1290,229,625,262,-1,-1,-1,-1
200,1,0,0.939514,72,162,981,211,-1,-1,-1,-1
200,2,0,0.947631,1288,227,627,265,-1,-1,-1,-1
201,1,0,0.940397,73,162,979,211,-1,-1,-1,-1
201,2,0,0.94941,1284,226,632,267,-1,-1,-1,-1
202,1,0,0.94016,72,162,981,211,-1,-1,-1,-1
202,2,0,0.951443,1282,229,634,265,-1,-1,-1,-1
203,1,0,0.939958,71,161,983,213,-1,-1,-1,-1
203,2,0,0.949515,1280,227,635,266,-1,-1,-1,-1
204,1,0,0.940066,72,162,981,212,-1,-1,-1,-1
204,2,0,0.949029,1278,226,639,267,-1,-1,-1,-1
205,1,0,0.939426,71,161,983,214,-1,-1,-1,-1
205,2,0,0.948365,1275,227,641,265,-1,-1,-1,-1
206,1,0,0.939344,71,161,983,214,-1,-1,-1,-1
206,2,0,0.94928,1274,227,642,265,-1,-1,-1,-1
207,1,0,0.939791,71,161,983,214,-1,-1,-1,-1
207,2,0,0.949848,1272,226,645,265,-1,-1,-1,-1
208,1,0,0.939735,71,161,983,214,-1,-1,-1,-1
208,2,0,0.948641,1269,227,648,264,-1,-1,-1,-1
209,1,0,0.939669,71,161,983,213,-1,-1,-1,-1
209,2,0,0.947475,1267,226,650,264,-1,-1,-1,-1
210,1,0,0.93963,72,162,981,212,-1,-1,-1,-1
210,2,0,0.946545,1266,226,651,265,-1,-1,-1,-1
211,1,0,0.939612,72,161,981,213,-1,-1,-1,-1
211,2,0,0.947451,1263,225,655,267,-1,-1,-1,-1
212,1,0,0.939828,71,160,983,214,-1,-1,-1,-1
212,2,0,0.945795,1258,225,660,266,-1,-1,-1,-1
213,1,0,0.939362,71,160,983,214,-1,-1,-1,-1
213,2,0,0.942205,1256,224,661,267,-1,-1,-1,-1
214,1,0,0.939316,71,160,984,214,-1,-1,-1,-1
214,2,0,0.939669,1253,223,665,268,-1,-1,-1,-1
215,1,0,0.939268,71,160,984,215,-1,-1,-1,-1
215,2,0,0.939442,1248,225,671,267,-1,-1,-1,-1
216,1,0,0.939168,71,161,984,214,-1,-1,-1,-1
216,2,0,0.939457,1247,224,671,267,-1,-1,-1,-1
217,1,0,0.938946,72,161,982,213,-1,-1,-1,-1
217,2,0,0.94027,1243,224,675,266,-1,-1,-1,-1
218,1,0,0.938966,72,161,982,213,-1,-1,-1,-1
218,2,0,0.941146,1242,224,676,265,-1,-1,-1,-1
219,1,0,0.938956,71,160,984,215,-1,-1,-1,-1
219,2,0,0.942336,1240,224,677,265,-1,-1,-1,-1
220,1,0,0.938996,72,161,982,213,-1,-1,-1,-1
220,2,0,0.941736,1238,223,680,266,-1,-1,-1,-1
221,1,0,0.941957,71,160,984,213,-1,-1,-1,-1
221,2,0,0.941747,1235,222,684,267,-1,-1,-1,-1
222,1,0,0.942076,72,161,981,211,-1,-1,-1,-1
222,2,0,0.944396,1233,223,685,266,-1,-1,-1,-1
223,1,0,0.941986,72,161,981,211,-1,-1,-1,-1
223,2,0,0.945513,1231,222,688,266,-1,-1,-1,-1
224,1,0,0.942164,72,161,981,211,-1,-1,-1,-1
224,2,0,0.945839,1230,222,689,266,-1,-1,-1,-1
225,1,0,0.942422,71,161,983,212,-1,-1,-1,-1
225,2,0,0.941741,1226,221,693,266,-1,-1,-1,-1
226,1,0,0.941489,71,162,982,211,-1,-1,-1,-1
226,2,0,0.944469,1225,222,694,265,-1,-1,-1,-1
227,1,0,0.941571,72,162,981,211,-1,-1,-1,-1
227,2,0,0.945714,1222,221,697,266,-1,-1,-1,-1
228,1,0,0.941416,72,161,981,212,-1,-1,-1,-1
228,2,0,0.943899,1221,221,698,266,-1,-1,-1,-1
229,1,0,0.941373,71,161,983,213,-1,-1,-1,-1
229,2,0,0.945619,1220,221,699,267,-1,-1,-1,-1
230,1,0,0.94149,71,161,983,212,-1,-1,-1,-1
230,2,0,0.94533,1217,220,702,269,-1,-1,-1,-1
231,1,0,0.941382,70,160,985,214,-1,-1,-1,-1
231,2,0,0.942769,1215,219,704,270,-1,-1,-1,-1
232,1,0,0.94147,70,160,985,213,-1,-1,-1,-1
232,2,0,0.945429,1211,219,708,271,-1,-1,-1,-1
233,1,0,0.941355,70,160,985,214,-1,-1,-1,-1
233,2,0,0.943191,1209,218,710,272,-1,-1,-1,-1
234,1,0,0.940926,71,160,984,213,-1,-1,-1,-1
234,2,0,0.942811,1205,217,714,274,-1,-1,-1,-1
235,1,0,0.941117,71,161,983,212,-1,-1,-1,-1
235,2,0,0.940902,1204,217,715,273,-1,-1,-1,-1
236,1,0,0.941087,70,160,984,214,-1,-1,-1,-1
236,2,0,0.940265,1200,216,719,275,-1,-1,-1,-1
237,1,0,0.941135,70,160,984,214,-1,-1,-1,-1
237,2,0,0.938571,1199,216,720,275,-1,-1,-1,-1
238,1,0,0.941219,70,160,985,214,-1,-1,-1,-1
238,2,0,0.937902,1197,215,722,277,-1,-1,-1,-1
239,1,0,0.94129,71,160,982,213,-1,-1,-1,-1
239,2,0,0.935793,1195,214,724,277,-1,-1,-1,-1
240,1,0,0.941064,71,161,982,212,-1,-1,-1,-1
240,2,0,0.938258,1193,213,726,279,-1,-1,-1,-1
241,1,0,0.94146,71,161,982,212,-1,-1,-1,-1
241,2,0,0.934609,1191,212,728,280,-1,-1,-1,-1
242,1,0,0.941163,71,161,983,213,-1,-1,-1,-1
242,2,0,0.933962,1188,211,731,281,-1,-1,-1,-1
243,1,0,0.941553,72,161,981,212,-1,-1,-1,-1
243,2,0,0.936466,1186,212,733,281,-1,-1,-1,-1
244,1,0,0.941226,71,160,983,214,-1,-1,-1,-1
244,2,0,0.936129,1184,211,735,282,-1,-1,-1,-1
245,1,0,0.941378,72,160,981,213,-1,-1,-1,-1
245,2,0,0.936289,1181,211,738,282,-1,-1,-1,-1
246,1,0,0.941535,71,161,983,213,-1,-1,-1,-1
246,2,0,0.934393,1179,212,740,281,-1,-1,-1,-1
247,1,0,0.941001,72,161,981,212,-1,-1,-1,-1
247,2,0,0.930983,1178,212,741,281,-1,-1,-1,-1
248,1,0,0.941063,70,160,984,214,-1,-1,-1,-1
248,2,0,0.929826,1173,212,746,281,-1,-1,-1,-1
249,1,0,0.941203,71,161,983,213,-1,-1,-1,-1
249,2,0,0.925771,1172,212,747,281,-1,-1,-1,-1
250,1,0,0.941489,72,162,981,212,-1,-1,-1,-1
250,2,0,0.918957,1170,210,749,282,-1,-1,-1,-1
251,1,0,0.942653,71,161,983,212,-1,-1,-1,-1
251,2,0,0.916781,1165,210,754,283,-1,-1,-1,-1
252,1,0,0.942436,72,162,980,210,-1,-1,-1,-1
252,2,0,0.90465,1163,210,756,283,-1,-1,-1,-1
253,1,0,0.943307,72,162,980,210,-1,-1,-1,-1
253,2,0,0.889937,1161,209,758,285,-1,-1,-1,-1
254,1,0,0.943053,71,161,982,212,-1,-1,-1,-1
254,2,0,0.880471,1159,208,760,287,-1,-1,-1,-1
255,1,0,0.942566,72,162,981,211,-1,-1,-1,-1
255,2,0,0.85847,1156,207,763,289,-1,-1,-1,-1
256,1,0,0.942482,71,162,983,212,-1,-1,-1,-1
256,2,0,0.865032,1151,207,768,286,-1,-1,-1,-1
257,1,0,0.942368,71,161,983,212,-1,-1,-1,-1
257,2,0,0.878158,1151,207,767,285,-1,-1,-1,-1
258,1,0,0.941918,72,162,981,210,-1,-1,-1,-1
258,2,0,0.898976,1148,208,771,284,-1,-1,-1,-1
259,1,0,0.941867,72,162,981,210,-1,-1,-1,-1
259,2,0,0.905951,1146,208,772,283,-1,-1,-1,-1
260,1,0,0.942078,72,162,981,211,-1,-1,-1,-1
260,2,0,0.913654,1143,207,774,284,-1,-1,-1,-1
261,1,0,0.942105,71,161,983,212,-1,-1,-1,-1
261,2,0,0.926594,1139,207,779,285,-1,-1,-1,-1
262,1,0,0.941973,71,161,983,211,-1,-1,-1,-1
262,2,0,0.92789,1137,205,780,286,-1,-1,-1,-1
263,1,0,0.941904,71,162,983,210,-1,-1,-1,-1
263,2,0,0.933458,1133,205,785,285,-1,-1,-1,-1
264,1,0,0.941964,71,162,983,210,-1,-1,-1,-1
264,2,0,0.938705,1132,206,787,285,-1,-1,-1,-1
265,1,0,0.941874,71,162,983,210,-1,-1,-1,-1
265,2,0,0.936374,1131,206,787,285,-1,-1,-1,-1
266,1,0,0.941831,71,162,983,210,-1,-1,-1,-1
266,2,0,0.938045,1128,205,790,287,-1,-1,-1,-1
267,1,0,0.941448,71,161,984,212,-1,-1,-1,-1
267,2,0,0.93759,1126,205,793,287,-1,-1,-1,-1
268,1,0,0.941411,71,162,984,211,-1,-1,-1,-1
268,2,0,0.938079,1126,205,792,287,-1,-1,-1,-1
269,1,0,0.941598,72,162,982,210,-1,-1,-1,-1
269,2,0,0.937904,1124,204,795,288,-1,-1,-1,-1
270,1,0,0.941676,71,162,983,211,-1,-1,-1,-1
270,2,0,0.939287,1122,203,797,290,-1,-1,-1,-1
271,1,0,0.941715,71,161,981,213,-1,-1,-1,-1
271,2,0,0.93944,1117,203,802,289,-1,-1,-1,-1
272,1,0,0.942022,70,160,983,215,-1,-1,-1,-1
272,2,0,0.941836,1115,202,804,290,-1,-1,-1,-1
273,1,0,0.942392,70,160,982,215,-1,-1,-1,-1
273,2,0,0.94213,1114,202,805,290,-1,-1,-1,-1
274,1,0,0.942603,70,160,982,215,-1,-1,-1,-1
274,2,0,0.942866,1111,202,808,290,-1,-1,-1,-1
275,1,0,0.942657,70,161,981,214,-1,-1,-1,-1
275,2,0,0.943811,1109,202,810,289,-1,-1,-1,-1
276,1,0,0.942723,70,162,980,213,-1,-1,-1,-1
276,2,0,0.942927,1106,201,813,291,-1,-1,-1,-1
277,1,0,0.942666,70,162,980,213,-1,-1,-1,-1
277,2,0,0.941561,1103,201,816,292,-1,-1,-1,-1
278,1,0,0.942904,70,161,980,214,-1,-1,-1,-1
278,2,0,0.942345,1103,201,816,292,-1,-1,-1,-1
279,1,0,0.94317,70,161,980,214,-1,-1,-1,-1
279,2,0,0.944318,1101,201,818,293,-1,-1,-1,-1
280,1,0,0.94354,71,162,977,213,-1,-1,-1,-1
280,2,0,0.943399,1100,201,819,293,-1,-1,-1,-1
281,1,0,0.942898,70,162,979,214,-1,-1,-1,-1
281,2,0,0.942291,1098,200,821,293,-1,-1,-1,-1
282,1,0,0.943073,70,161,981,215,-1,-1,-1,-1
282,2,0,0.942445,1097,199,822,294,-1,-1,-1,-1
283,1,0,0.943362,70,162,980,214,-1,-1,-1,-1
283,2,0,0.943453,1092,199,827,295,-1,-1,-1,-1
284,1,0,0.943984,70,161,979,215,-1,-1,-1,-1
284,2,0,0.940707,1090,199,829,295,-1,-1,-1,-1
285,1,0,0.943622,70,161,980,215,-1,-1,-1,-1
285,2,0,0.941254,1087,198,832,297,-1,-1,-1,-1
286,1,0,0.943517,70,161,979,215,-1,-1,-1,-1
286,2,0,0.941682,1083,197,836,298,-1,-1,-1,-1
287,1,0,0.944019,70,162,978,214,-1,-1,-1,-1
287,2,0,0.942095,1081,198,838,297,-1,-1,-1,-1
288,1,0,0.9444,71,162,975,213,-1,-1,-1,-1
288,2,0,0.939939,1078,198,841,297,-1,-1,-1,-1
289,1,0,0.947723,69,161,970,214,-1,-1,-1,-1
289,2,0,0.939601,1077,197,842,297,-1,-1,-1,-1
290,1,0,0.949251,69,162,967,213,-1,-1,-1,-1
290,2,0,0.938868,1074,197,845,297,-1,-1,-1,-1
291,1,0,0.950353,70,163,963,212,-1,-1,-1,-1
291,2,0,0.937596,1072,197,847,297,-1,-1,-1,-1
292,1,0,0.94971,70,162,964,212,-1,-1,-1,-1
292,2,0,0.936328,1071,197,848,296,-1,-1,-1,-1
293,1,0,0.952248,68,162,960,213,-1,-1,-1,-1
293,2,0,0.93552,1070,196,849,297,-1,-1,-1,-1
294,1,0,0.952044,69,162,956,212,-1,-1,-1,-1
294,2,0,0.933083,1067,195,852,299,-1,-1,-1,-1
295,1,0,0.95171,68,162,957,213,-1,-1,-1,-1
295,2,0,0.931769,1064,196,855,299,-1,-1,-1,-1
296,1,0,0.952078,70,162,955,212,-1,-1,-1,-1
296,2,0,0.933458,1063,196,856,300,-1,-1,-1,-1
297,1,0,0.951948,70,161,954,213,-1,-1,-1,-1
297,2,0,0.930933,1061,196,858,299,-1,-1,-1,-1
298,1,0,0.951662,70,161,953,213,-1,-1,-1,-1
298,2,0,0.932064,1058,197,861,298,-1,-1,-1,-1
299,1,0,0.951579,68,161,955,214,-1,-1,-1,-1
299,2,0,0.930147,1055,196,864,299,-1,-1,-1,-1
300,1,0,0.951966,68,162,956,213,-1,-1,-1,-1
300,2,0,0.929281,1053,195,866,300,-1,-1,-1,-1
301,1,0,0.952734,69,162,954,212,-1,-1,-1,-1
301,2,0,0.931578,1051,195,868,301,-1,-1,-1,-1
302,1,0,0.952178,70,162,954,212,-1,-1,-1,-1
302,2,0,0.93326,1049,195,870,302,-1,-1,-1,-1
303,1,0,0.952331,69,161,955,213,-1,-1,-1,-1
303,2,0,0.932969,1048,194,871,302,-1,-1,-1,-1
304,1,0,0.952533,69,162,955,213,-1,-1,-1,-1
304,2,0,0.936465,1044,193,875,304,-1,-1,-1,-1
305,1,0,0.951824,69,162,955,213,-1,-1,-1,-1
305,2,0,0.936914,1040,193,879,304,-1,-1,-1,-1
306,1,0,0.952272,68,161,956,214,-1,-1,-1,-1
306,2,0,0.937281,1037,193,882,303,-1,-1,-1,-1
307,1,0,0.951973,69,161,954,213,-1,-1,-1,-1
307,2,0,0.939886,1034,193,885,303,-1,-1,-1,-1
308,1,0,0.952439,68,161,956,214,-1,-1,-1,-1
308,2,0,0.939609,1033,193,886,303,-1,-1,-1,-1
309,1,0,0.952681,68,161,957,214,-1,-1,-1,-1
309,2,0,0.942153,1030,192,889,303,-1,-1,-1,-1
310,1,0,0.952994,68,161,957,214,-1,-1,-1,-1
310,2,0,0.943434,1029,192,890,303,-1,-1,-1,-1
311,1,0,0.953488,67,162,958,213,-1,-1,-1,-1
311,2,0,0.94433,1025,192,894,304,-1,-1,-1,-1
312,1,0,0.953131,69,163,954,212,-1,-1,-1,-1
312,2,0,0.943396,1024,192,895,305,-1,-1,-1,-1
313,1,0,0.953182,67,162,957,213,-1,-1,-1,-1
313,2,0,0.941382,1023,192,896,304,-1,-1,-1,-1
314,1,0,0.953665,68,163,955,212,-1,-1,-1,-1
314,2,0,0.942057,1022,192,897,304,-1,-1,-1,-1
315,1,0,0.954332,68,163,955,212,-1,-1,-1,-1
315,2,0,0.944615,1020,192,899,304,-1,-1,-1,-1
316,1,0,0.953785,67,163,956,212,-1,-1,-1,-1
316,2,0,0.944628,1016,192,903,305,-1,-1,-1,-1
317,1,0,0.95354,67,163,957,213,-1,-1,-1,-1
317,2,0,0.941813,1014,192,905,305,-1,-1,-1,-1
318,1,0,0.952944,68,163,954,212,-1,-1,-1,-1
318,2,0,0.943258,1012,192,907,304,-1,-1,-1,-1
319,1,0,0.95334,67,163,956,213,-1,-1,-1,-1
319,2,0,0.943644,1009,191,910,306,-1,-1,-1,-1
320,1,0,0.952982,68,163,953,212,-1,-1,-1,-1
320,2,0,0.943452,1009,191,910,306,-1,-1,-1,-1
321,1,0,0.952633,69,162,951,213,-1,-1,-1,-1
321,2,0,0.941473,1007,190,912,308,-1,-1,-1,-1
322,1,0,0.953023,69,163,950,212,-1,-1,-1,-1
322,2,0,0.943536,1003,190,916,306,-1,-1,-1,-1
323,1,0,0.952288,70,163,949,212,-1,-1,-1,-1
323,2,0,0.941944,1002,190,917,306,-1,-1,-1,-1
324,1,0,0.952261,70,163,949,212,-1,-1,-1,-1
324,2,0,0.940678,999,190,920,306,-1,-1,-1,-1
325,1,0,0.952298,69,162,951,213,-1,-1,-1,-1
325,2,0,0.938189,999,190,920,305,-1,-1,-1,-1
326,1,0,0.951835,68,163,950,212,-1,-1,-1,-1
326,2,0,0.936977,996,190,923,306,-1,-1,-1,-1
327,1,0,0.952231,68,163,950,213,-1,-1,-1,-1
327,2,0,0.933859,995,190,924,305,-1,-1,-1,-1
328,1,0,0.951973,69,163,948,212,-1,-1,-1,-1
328,2,0,0.933606,993,189,926,307,-1,-1,-1,-1
329,1,0,0.951779,69,162,949,213,-1,-1,-1,-1
329,2,0,0.933847,991,189,928,307,-1,-1,-1,-1
330,1,0,0.952123,68,163,948,213,-1,-1,-1,-1
330,2,0,0.931043,990,189,929,307,-1,-1,-1,-1
331,1,0,0.952436,69,163,946,212,-1,-1,-1,-1
331,2,0,0.929394,987,188,932,309,-1,-1,-1,-1
332,1,0,0.952542,68,162,948,214,-1,-1,-1,-1
332,2,0,0.93198,989,190,930,306,-1,-1,-1,-1
333,1,0,0.9518,68,162,949,214,-1,-1,-1,-1
333,2,0,0.930965,991,190,928,306,-1,-1,-1,-1
334,1,0,0.951084,69,163,948,212,-1,-1,-1,-1
334,2,0,0.918264,988,189,931,307,-1,-1,-1,-1
335,1,0,0.951266,69,163,947,212,-1,-1,-1,-1
335,2,0,0.92373,984,188,935,308,-1,-1,-1,-1
336,1,0,0.951055,68,162,949,213,-1,-1,-1,-1
336,2,0,0.918799,981,188,938,308,-1,-1,-1,-1
337,1,0,0.951105,69,163,947,212,-1,-1,-1,-1
337,2,0,0.926595,982,188,937,308,-1,-1,-1,-1
338,1,0,0.950809,68,163,948,213,-1,-1,-1,-1
338,2,0,0.924293,978,188,941,308,-1,-1,-1,-1
339,1,0,0.950643,68,162,948,213,-1,-1,-1,-1
339,2,0,0.921821,974,188,945,308,-1,-1,-1,-1
340,1,0,0.95093,68,163,950,212,-1,-1,-1,-1
340,2,0,0.921992,971,187,948,309,-1,-1,-1,-1
341,1,0,0.951017,68,162,949,214,-1,-1,-1,-1
341,2,0,0.917643,967,187,952,310,-1,-1,-1,-1
342,1,0,0.951708,69,163,948,212,-1,-1,-1,-1
342,2,0,0.916744,966,186,953,310,-1,-1,-1,-1
343,1,0,0.952262,68,163,950,213,-1,-1,-1,-1
343,2,0,0.912818,965,185,954,312,-1,-1,-1,-1
344,1,0,0.95182,69,162,950,213,-1,-1,-1,-1
344,2,0,0.908142,963,184,956,314,-1,-1,-1,-1
345,1,0,0.952057,68,162,950,214,-1,-1,-1,-1
345,2,0,0.909482,954,185,965,313,-1,-1,-1,-1
346,1,0,0.951882,68,163,950,213,-1,-1,-1,-1
346,2,0,0.912757,952,185,967,313,-1,-1,-1,-1
347,1,0,0.951856,69,162,947,213,-1,-1,-1,-1
347,2,0,0.910704,950,185,969,313,-1,-1,-1,-1
348,1,0,0.952205,69,162,946,213,-1,-1,-1,-1
348,2,0,0.91536,945,186,974,313,-1,-1,-1,-1
349,1,0,0.951707,68,162,948,213,-1,-1,-1,-1
349,2,0,0.91559,944,186,975,312,-1,-1,-1,-1
350,1,0,0.951645,68,163,949,213,-1,-1,-1,-1
350,2,0,0.913638,942,187,977,311,-1,-1,-1,-1
351,1,0,0.951211,69,163,948,213,-1,-1,-1,-1
351,2,0,0.922872,938,186,981,313,-1,-1,-1,-1
352,1,0,0.951714,69,162,947,213,-1,-1,-1,-1
352,2,0,0.926088,933,186,986,313,-1,-1,-1,-1
353,1,0,0.951312,68,162,949,214,-1,-1,-1,-1
353,2,0,0.926073,932,186,987,313,-1,-1,-1,-1
354,1,0,0.950907,69,162,949,214,-1,-1,-1,-1
354,2,0,0.924852,926,184,993,312,-1,-1,-1,-1
355,1,0,0.949562,70,163,946,212,-1,-1,-1,-1
355,2,0,0.930532,926,184,993,311,-1,-1,-1,-1
356,1,0,0.949727,70,163,945,212,-1,-1,-1,-1
356,2,0,0.931505,924,184,995,311,-1,-1,-1,-1
357,1,0,0.949542,70,163,945,212,-1,-1,-1,-1
357,2,0,0.935739,921,183,998,312,-1,-1,-1,-1
358,1,0,0.948755,69,162,946,213,-1,-1,-1,-1
358,2,0,0.936953,919,183,1000,312,-1,-1,-1,-1
359,1,0,0.947923,68,162,946,214,-1,-1,-1,-1
359,2,0,0.93487,918,182,1001,314,-1,-1,-1,-1
360,1,0,0.947547,68,163,945,213,-1,-1,-1,-1
360,2,0,0.934054,915,181,1004,315,-1,-1,-1,-1
361,1,0,0.946823,69,163,942,212,-1,-1,-1,-1
361,2,0,0.936763,914,181,1005,315,-1,-1,-1,-1
362,1,0,0.945432,69,163,941,213,-1,-1,-1,-1
362,2,0,0.935969,911,181,1008,315,-1,-1,-1,-1
363,1,0,0.944398,69,163,940,214,-1,-1,-1,-1
363,2,0,0.934354,908,180,1011,316,-1,-1,-1,-1
364,1,0,0.944587,68,163,941,214,-1,-1,-1,-1
364,2,0,0.942427,915,180,1004,315,-1,-1,-1,-1
365,1,0,0.943419,68,164,940,212,-1,-1,-1,-1
365,2,0,0.935854,913,179,1006,315,-1,-1,-1,-1
366,1,0,0.941702,69,164,938,212,-1,-1,-1,-1
366,2,0,0.935088,904,179,1015,317,-1,-1,-1,-1
367,1,0,0.942352,68,163,941,213,-1,-1,-1,-1
367,2,0,0.939063,910,179,1009,316,-1,-1,-1,-1
368,1,0,0.941436,69,164,938,211,-1,-1,-1,-1
368,2,0,0.939967,911,178,1008,316,-1,-1,-1,-1
369,1,0,0.93973,69,164,937,211,-1,-1,-1,-1
369,2,0,0.939837,906,177,1013,317,-1,-1,-1,-1
370,1,0,0.940099,69,164,937,211,-1,-1,-1,-1
370,2,0,0.945343,906,177,1013,316,-1,-1,-1,-1
371,1,0,0.940071,69,164,937,212,-1,-1,-1,-1
371,2,0,0.941511,902,177,1017,317,-1,-1,-1,-1
372,1,0,0.936812,69,163,936,212,-1,-1,-1,-1
372,2,0,0.945304,898,176,1021,318,-1,-1,-1,-1
373,1,0,0.935225,68,163,937,212,-1,-1,-1,-1
373,2,0,0.945667,898,176,1021,318,-1,-1,-1,-1
374,1,0,0.932611,69,164,936,211,-1,-1,-1,-1
374,2,0,0.944493,895,176,1024,318,-1,-1,-1,-1
375,1,0,0.930627,69,163,936,212,-1,-1,-1,-1
375,2,0,0.944282,884,177,1035,319,-1,-1,-1,-1
376,1,0,0.925858,69,164,937,211,-1,-1,-1,-1
376,2,0,0.94294,882,178,1037,319,-1,-1,-1,-1
377,1,0,0.921931,70,165,935,209,-1,-1,-1,-1
377,2,0,0.942023,882,177,1037,319,-1,-1,-1,-1
378,1,0,0.913658,70,165,935,210,-1,-1,-1,-1
378,2,0,0.942773,882,178,1037,318,-1,-1,-1,-1
379,1,0,0.902014,68,165,940,211,-1,-1,-1,-1
379,2,0,0.941784,880,177,1039,319,-1,-1,-1,-1
380,1,0,0.897786,69,165,940,210,-1,-1,-1,-1
380,2,0,0.942684,878,176,1041,321,-1,-1,-1,-1
381,1,0,0.883676,67,164,946,211,-1,-1,-1,-1
381,2,0,0.944279,876,176,1043,321,-1,-1,-1,-1
382,1,0,0.824853,61,173,910,202,-1,-1,-1,-1
382,2,0,0.944151,874,176,1045,321,-1,-1,-1,-1
383,1,0,0.820356,61,174,905,200,-1,-1,-1,-1
383,2,0,0.943754,873,176,1046,322,-1,-1,-1,-1
384,1,0,0.764696,56,176,877,199,-1,-1,-1,-1
384,2,0,0.942821,866,175,1053,323,-1,-1,-1,-1
385,1,0,0.766604,59,176,904,199,-1,-1,-1,-1
385,2,0,0.94055,865,175,1054,323,-1,-1,-1,-1
386,1,0,0.740016,57,176,892,198,-1,-1,-1,-1
386,2,0,0.940715,863,174,1056,325,-1,-1,-1,-1
387,1,0,0.720605,63,183,793,191,-1,-1,-1,-1
387,2,0,0.938289,859,174,1060,324,-1,-1,-1,-1
388,1,0,0.74301,63,185,786,189,-1,-1,-1,-1
388,2,0,0.93662,857,174,1062,324,-1,-1,-1,-1
389,1,0,0.795958,62,186,781,188,-1,-1,-1,-1
389,2,0,0.93905,855,173,1064,325,-1,-1,-1,-1
390,1,0,0.810373,62,184,778,190,-1,-1,-1,-1
390,2,0,0.937725,851,172,1068,326,-1,-1,-1,-1
391,1,0,0.825864,61,185,777,189,-1,-1,-1,-1
391,2,0,0.941517,850,172,1069,325,-1,-1,-1,-1
392,1,0,0.832597,62,185,773,189,-1,-1,-1,-1
392,2,0,0.938904,848,172,1071,326,-1,-1,-1,-1
393,1,0,0.837999,63,185,770,189,-1,-1,-1,-1
393,2,0,0.939109,847,170,1072,328,-1,-1,-1,-1
394,1,0,0.858508,63,185,768,189,-1,-1,-1,-1
394,2,0,0.939251,845,169,1074,329,-1,-1,-1,-1
395,1,0,0.8626,62,185,770,190,-1,-1,-1,-1
395,2,0,0.93862,843,168,1076,330,-1,-1,-1,-1
396,1,0,0.864564,63,186,769,188,-1,-1,-1,-1
396,2,0,0.937208,842,167,1077,332,-1,-1,-1,-1
397,1,0,0.844955,63,185,768,190,-1,-1,-1,-1
397,2,0,0.938551,838,168,1081,332,-1,-1,-1,-1
398,1,0,0.835204,63,185,763,190,-1,-1,-1,-1
398,2,0,0.934982,834,168,1085,331,-1,-1,-1,-1
399,1,0,0.851054,63,185,763,191,-1,-1,-1,-1
399,2,0,0.934929,833,167,1086,333,-1,-1,-1,-1
400,1,0,0.823223,63,186,760,189,-1,-1,-1,-1
400,2,0,0.935287,832,167,1087,332,-1,-1,-1,-1
401,1,0,0.802618,62,186,760,190,-1,-1,-1,-1
401,2,0,0.931295,830,167,1089,331,-1,-1,-1,-1
402,1,0,0.80221,62,187,758,189,-1,-1,-1,-1
402,2,0,0.932745,829,165,1090,334,-1,-1,-1,-1
403,1,0,0.835444,62,187,757,189,-1,-1,-1,-1
403,2,0,0.936137,824,166,1095,334,-1,-1,-1,-1
404,1,0,0.819568,63,187,754,189,-1,-1,-1,-1
404,2,0,0.932876,822,165,1097,334,-1,-1,-1,-1
405,1,0,0.836136,63,187,753,189,-1,-1,-1,-1
405,2,0,0.92975,820,162,1099,336,-1,-1,-1,-1
406,1,0,0.857636,63,187,752,190,-1,-1,-1,-1
406,2,0,0.93895,817,163,1102,336,-1,-1,-1,-1
407,1,0,0.857561,64,188,750,189,-1,-1,-1,-1
407,2,0,0.936742,814,163,1105,335,-1,-1,-1,-1
408,1,0,0.838134,63,188,751,188,-1,-1,-1,-1
408,2,0,0.931785,812,162,1107,336,-1,-1,-1,-1
409,1,0,0.847784,63,187,752,189,-1,-1,-1,-1
409,2,0,0.929274,811,161,1108,337,-1,-1,-1,-1
410,1,0,0.771629,62,188,751,187,-1,-1,-1,-1
410,2,0,0.923902,809,161,1110,337,-1,-1,-1,-1
411,1,0,0.775961,62,188,751,188,-1,-1,-1,-1
411,2,0,0.925322,808,162,1111,335,-1,-1,-1,-1
412,1,0,0.804107,63,188,749,187,-1,-1,-1,-1
412,2,0,0.923717,806,164,1113,333,-1,-1,-1,-1
413,1,0,0.733945,60,189,751,187,-1,-1,-1,-1
413,2,0,0.918901,804,162,1115,335,-1,-1,-1,-1
414,1,0,0.799363,64,189,743,186,-1,-1,-1,-1
414,2,0,0.925028,800,165,1119,332,-1,-1,-1,-1
415,1,0,0.777591,64,188,743,187,-1,-1,-1,-1
415,2,0,0.9204,810,159,1104,337,-1,-1,-1,-1
416,1,0,0.799722,64,188,739,187,-1,-1,-1,-1
416,2,0,0.920279,794,163,1125,335,-1,-1,-1,-1
417,1,0,0.824865,63,188,740,188,-1,-1,-1,-1
417,2,0,0.924657,792,162,1127,337,-1,-1,-1,-1
418,1,0,0.816356,64,189,736,186,-1,-1,-1,-1
418,2,0,0.91803,791,160,1128,339,-1,-1,-1,-1
419,1,0,0.824739,64,189,734,186,-1,-1,-1,-1
419,2,0,0.927802,788,159,1131,341,-1,-1,-1,-1
420,1,0,0.813939,64,189,733,186,-1,-1,-1,-1
420,2,0,0.923863,787,159,1132,340,-1,-1,-1,-1
421,1,0,0.836261,64,188,729,187,-1,-1,-1,-1
421,2,0,0.92387,786,159,1133,340,-1,-1,-1,-1
422,1,0,0.819641,65,189,724,185,-1,-1,-1,-1
422,2,0,0.924169,785,161,1134,337,-1,-1,-1,-1
423,1,0,0.826863,64,190,727,185,-1,-1,-1,-1
423,2,0,0.923374,783,160,1136,339,-1,-1,-1,-1
424,1,0,0.845884,66,191,720,183,-1,-1,-1,-1
424,2,0,0.925193,792,155,1120,343,-1,-1,-1,-1
425,1,0,0.842383,65,191,720,183,-1,-1,-1,-1
425,2,0,0.924208,780,159,1139,339,-1,-1,-1,-1
426,1,0,0.860153,64,191,717,183,-1,-1,-1,-1
426,2,0,0.922897,779,159,1140,340,-1,-1,-1,-1
427,1,0,0.870148,64,192,714,182,-1,-1,-1,-1
427,2,0,0.928531,778,159,1141,340,-1,-1,-1,-1
428,1,0,0.874244,65,193,712,180,-1,-1,-1,-1
428,2,0,0.925099,777,158,1142,341,-1,-1,-1,-1
429,1,0,0.874686,64,193,711,181,-1,-1,-1,-1
429,2,0,0.927568,773,157,1146,342,-1,-1,-1,-1
430,1,0,0.883973,65,194,708,179,-1,-1,-1,-1
430,2,0,0.926865,771,157,1148,341,-1,-1,-1,-1
431,1,0,0.859507,65,194,708,179,-1,-1,-1,-1
431,2,0,0.92667,782,156,1133,336,-1,-1,-1,-1
432,1,0,0.8536,65,194,706,179,-1,-1,-1,-1
432,2,0,0.926178,782,155,1132,337,-1,-1,-1,-1
433,1,0,0.852931,65,194,707,179,-1,-1,-1,-1
433,2,0,0.929583,780,155,1134,338,-1,-1,-1,-1
434,1,0,0.854868,64,194,705,179,-1,-1,-1,-1
434,2,0,0.931518,779,155,1134,338,-1,-1,-1,-1
435,1,0,0.852606,64,194,703,179,-1,-1,-1,-1
435,2,0,0.929662,776,153,1137,340,-1,-1,-1,-1
436,1,0,0.87353,64,194,701,180,-1,-1,-1,-1
436,2,0,0.930617,773,153,1141,340,-1,-1,-1,-1
437,1,0,0.879467,65,194,697,180,-1,-1,-1,-1
437,2,0,0.932847,773,154,1141,339,-1,-1,-1,-1
438,1,0,0.880399,65,194,697,180,-1,-1,-1,-1
438,2,0,0.93312,772,153,1141,339,-1,-1,-1,-1
439,1,0,0.887254,65,194,694,181,-1,-1,-1,-1
439,2,0,0.92941,769,152,1145,340,-1,-1,-1,-1
440,1,0,0.894221,65,194,688,181,-1,-1,-1,-1
440,2,0,0.937493,765,152,1149,340,-1,-1,-1,-1
441,1,0,0.897233,64,194,687,182,-1,-1,-1,-1
441,2,0,0.933783,764,150,1149,342,-1,-1,-1,-1
442,1,0,0.9003,64,194,686,182,-1,-1,-1,-1
442,2,0,0.939126,760,149,1154,344,-1,-1,-1,-1
443,1,0,0.904172,65,194,682,182,-1,-1,-1,-1
443,2,0,0.9447,755,149,1159,344,-1,-1,-1,-1
444,1,0,0.901421,64,193,680,183,-1,-1,-1,-1
444,2,0,0.943598,754,150,1162,342,-1,-1,-1,-1
445,1,0,0.902726,64,193,676,183,-1,-1,-1,-1
445,2,0,0.939201,755,150,1159,342,-1,-1,-1,-1
446,1,0,0.903871,65,194,671,182,-1,-1,-1,-1
446,2,0,0.944546,747,149,1169,343,-1,-1,-1,-1
447,1,0,0.901535,64,193,670,183,-1,-1,-1,-1
447,2,0,0.936013,747,148,1167,344,-1,-1,-1,-1
448,1,0,0.909616,64,193,668,183,-1,-1,-1,-1
448,2,0,0.942099,744,148,1171,345,-1,-1,-1,-1
449,1,0,0.903643,65,194,664,181,-1,-1,-1,-1
449,2,0,0.940356,740,149,1175,343,-1,-1,-1,-1
450,1,0,0.896579,64,193,662,182,-1,-1,-1,-1
450,2,0,0.932745,735,146,1179,348,-1,-1,-1,-1
451,1,0,0.901559,64,194,661,181,-1,-1,-1,-1
451,2,0,0.9368,734,148,1181,345,-1,-1,-1,-1
452,1,0,0.894752,65,194,657,181,-1,-1,-1,-1
452,2,0,0.937778,733,148,1180,346,-1,-1,-1,-1
453,1,0,0.889885,64,193,657,182,-1,-1,-1,-1
453,2,0,0.936181,730,150,1185,344,-1,-1,-1,-1
454,1,0,0.903047,64,193,656,182,-1,-1,-1,-1
454,2,0,0.937137,728,150,1186,344,-1,-1,-1,-1
455,1,0,0.899108,63,193,657,183,-1,-1,-1,-1
455,2,0,0.929823,725,148,1189,347,-1,-1,-1,-1
456,1,0,0.903775,64,194,653,183,-1,-1,-1,-1
456,2,0,0.932497,723,147,1191,347,-1,-1,-1,-1
457,1,0,0.909947,62,194,656,184,-1,-1,-1,-1
457,2,0,0.934792,720,147,1194,346,-1,-1,-1,-1
458,1,0,0.913698,63,194,653,184,-1,-1,-1,-1
458,2,0,0.937991,716,148,1198,345,-1,-1,-1,-1
459,1,0,0.904768,62,193,652,186,-1,-1,-1,-1
459,2,0,0.928584,713,145,1199,348,-1,-1,-1,-1
460,1,0,0.904954,62,194,652,185,-1,-1,-1,-1
460,2,0,0.939465,713,145,1201,348,-1,-1,-1,-1
461,1,0,0.904942,62,194,651,185,-1,-1,-1,-1
461,2,0,0.933877,711,145,1203,349,-1,-1,-1,-1
462,1,0,0.905633,62,194,648,185,-1,-1,-1,-1
462,2,0,0.93756,708,146,1207,347,-1,-1,-1,-1
463,1,0,0.905275,63,194,646,185,-1,-1,-1,-1
463,2,0,0.93711,706,147,1208,345,-1,-1,-1,-1
464,1,0,0.904817,62,194,646,185,-1,-1,-1,-1
464,2,0,0.925492,705,146,1209,347,-1,-1,-1,-1
465,1,0,0.90179,63,195,643,184,-1,-1,-1,-1
465,2,0,0.930861,703,145,1212,347,-1,-1,-1,-1
466,1,0,0.898659,62,194,643,185,-1,-1,-1,-1
466,2,0,0.922125,693,145,1225,349,-1,-1,-1,-1
467,1,0,0.898961,63,195,638,184,-1,-1,-1,-1
467,2,0,0.92237,691,145,1228,349,-1,-1,-1,-1
468,1,0,0.897173,62,195,638,184,-1,-1,-1,-1
468,2,0,0.92317,689,146,1230,348,-1,-1,-1,-1
469,1,0,0.899477,65,197,633,181,-1,-1,-1,-1
469,2,0,0.92411,689,146,1229,348,-1,-1,-1,-1
470,1,0,0.899512,66,198,630,179,-1,-1,-1,-1
470,2,0,0.914028,688,143,1229,351,-1,-1,-1,-1
471,1,0,0.903633,66,198,626,179,-1,-1,-1,-1
471,2,0,0.921348,684,144,1234,349,-1,-1,-1,-1
472,1,0,0.910589,66,198,622,179,-1,-1,-1,-1
472,2,0,0.917277,682,142,1235,352,-1,-1,-1,-1
473,1,0,0.90909,65,197,623,180,-1,-1,-1,-1
473,2,0,0.917478,680,145,1238,349,-1,-1,-1,-1
474,1,0,0.916482,66,198,619,178,-1,-1,-1,-1
474,2,0,0.919541,679,146,1238,348,-1,-1,-1,-1
475,1,0,0.921015,67,198,614,178,-1,-1,-1,-1
475,2,0,0.918887,674,146,1243,348,-1,-1,-1,-1
476,1,0,0.920234,65,198,617,179,-1,-1,-1,-1
476,2,0,0.925568,673,148,1244,345,-1,-1,-1,-1
477,1,0,0.922915,67,199,611,178,-1,-1,-1,-1
477,2,0,0.926162,672,148,1244,346,-1,-1,-1,-1
478,1,0,0.924995,67,199,608,178,-1,-1,-1,-1
478,2,0,0.923546,669,148,1248,346,-1,-1,-1,-1
479,1,0,0.9267,67,199,605,178,-1,-1,-1,-1
479,2,0,0.927676,668,149,1248,345,-1,-1,-1,-1
480,1,0,0.928937,67,199,604,178,-1,-1,-1,-1
480,2,0,0.923699,667,147,1249,348,-1,-1,-1,-1
481,1,0,0.929841,67,199,603,178,-1,-1,-1,-1
481,2,0,0.926621,665,147,1252,347,-1,-1,-1,-1
482,1,0,0.927182,67,199,600,178,-1,-1,-1,-1
482,2,0,0.923129,663,147,1252,348,-1,-1,-1,-1
483,1,0,0.92819,67,199,598,179,-1,-1,-1,-1
483,2,0,0.920057,663,144,1252,351,-1,-1,-1,-1
484,1,0,0.928898,67,199,595,179,-1,-1,-1,-1
484,2,0,0.919397,657,143,1257,351,-1,-1,-1,-1
485,1,0,0.927085,66,199,594,180,-1,-1,-1,-1
485,2,0,0.916875,656,142,1258,353,-1,-1,-1,-1
486,1,0,0.927743,66,198,593,181,-1,-1,-1,-1
486,2,0,0.921998,655,143,1260,352,-1,-1,-1,-1
487,1,0,0.928192,66,198,592,181,-1,-1,-1,-1
487,2,0,0.919582,648,148,1271,342,-1,-1,-1,-1
488,1,0,0.927821,66,199,590,180,-1,-1,-1,-1
488,2,0,0.925945,646,146,1273,344,-1,-1,-1,-1
489,1,0,0.927111,66,198,589,181,-1,-1,-1,-1
489,2,0,0.922258,644,147,1275,343,-1,-1,-1,-1
490,1,0,0.92781,66,198,588,181,-1,-1,-1,-1
490,2,0,0.933497,643,147,1276,344,-1,-1,-1,-1
491,1,0,0.929639,66,199,587,180,-1,-1,-1,-1
491,2,0,0.932995,642,147,1277,344,-1,-1,-1,-1
492,1,0,0.929131,67,199,584,179,-1,-1,-1,-1
492,2,0,0.935762,638,147,1281,344,-1,-1,-1,-1
493,1,0,0.929611,66,198,584,181,-1,-1,-1,-1
493,2,0,0.93402,636,149,1283,341,-1,-1,-1,-1
494,1,0,0.930681,65,199,584,180,-1,-1,-1,-1
494,2,0,0.940128,635,148,1284,343,-1,-1,-1,-1
495,1,0,0.929787,66,200,580,178,-1,-1,-1,-1
495,2,0,0.933158,633,147,1286,343,-1,-1,-1,-1
496,1,0,0.930634,67,200,576,179,-1,-1,-1,-1
496,2,0,0.936381,631,145,1288,346,-1,-1,-1,-1
497,1,0,0.930438,66,200,576,178,-1,-1,-1,-1
497,2,0,0.93475,630,145,1289,346,-1,-1,-1,-1
498,1,0,0.930469,66,199,574,179,-1,-1,-1,-1
498,2,0,0.929447,628,142,1291,349,-1,-1,-1,-1
499,1,0,0.929102,65,200,575,179,-1,-1,-1,-1
499,2,0,0.923392,628,143,1291,347,-1,-1,-1,-1
500,1,0,0.928582,65,200,574,178,-1,-1,-1,-1
500,2,0,0.917956,625,142,1294,349,-1,-1,-1,-1
501,1,0,0.927132,65,199,573,179,-1,-1,-1,-1
501,2,0,0.917904,621,141,1298,350,-1,-1,-1,-1
502,1,0,0.928132,66,200,570,177,-1,-1,-1,-1
502,2,0,0.926017,621,142,1298,349,-1,-1,-1,-1
503,1,0,0.926042,66,200,569,177,-1,-1,-1,-1
503,2,0,0.92626,621,140,1298,351,-1,-1,-1,-1
504,1,0,0.924963,65,200,570,178,-1,-1,-1,-1
504,2,0,0.924836,617,140,1302,351,-1,-1,-1,-1
505,1,0,0.922496,65,201,569,176,-1,-1,-1,-1
505,2,0,0.915282,615,140,1304,350,-1,-1,-1,-1
506,1,0,0.921611,65,201,568,176,-1,-1,-1,-1
506,2,0,0.917344,613,139,1306,350,-1,-1,-1,-1
507,1,0,0.91789,64,201,566,177,-1,-1,-1,-1
507,2,0,0.922065,610,140,1309,350,-1,-1,-1,-1
508,1,0,0.91487,65,202,562,175,-1,-1,-1,-1
508,2,0,0.897897,605,139,1312,358,-1,-1,-1,-1
509,1,0,0.911868,65,202,560,175,-1,-1,-1,-1
509,2,0,0.89789,599,136,1318,362,-1,-1,-1,-1
510,1,0,0.908436,65,202,558,175,-1,-1,-1,-1
510,2,0,0.898103,596,140,1322,357,-1,-1,-1,-1
511,1,0,0.906001,63,202,559,176,-1,-1,-1,-1
511,2,0,0.891293,592,136,1324,362,-1,-1,-1,-1
512,1,0,0.898051,63,202,555,175,-1,-1,-1,-1
512,2,0,0.896146,585,139,1331,358,-1,-1,-1,-1
513,1,0,0.897704,64,203,550,173,-1,-1,-1,-1
513,2,0,0.895525,587,139,1332,356,-1,-1,-1,-1
514,1,0,0.89555,64,202,546,174,-1,-1,-1,-1
514,2,0,0.89269,582,138,1333,359,-1,-1,-1,-1
515,1,0,0.895154,63,201,545,175,-1,-1,-1,-1
515,2,0,0.894595,580,136,1335,362,-1,-1,-1,-1
516,1,0,0.89559,63,202,540,174,-1,-1,-1,-1
516,2,0,0.891713,578,137,1337,362,-1,-1,-1,-1
517,1,0,0.90082,68,203,525,171,-1,-1,-1,-1
517,2,0,0.886953,574,139,1341,360,-1,-1,-1,-1
518,1,0,0.899389,69,204,523,170,-1,-1,-1,-1
518,2,0,0.891971,575,137,1339,362,-1,-1,-1,-1
519,1,0,0.899868,69,204,521,170,-1,-1,-1,-1
519,2,0,0.89279,572,139,1343,359,-1,-1,-1,-1
520,1,0,0.908169,68,203,522,171,-1,-1,-1,-1
520,2,0,0.898225,573,139,1341,360,-1,-1,-1,-1
521,1,0,0.911545,69,204,518,169,-1,-1,-1,-1
521,2,0,0.895886,572,136,1342,363,-1,-1,-1,-1
522,1,0,0.913274,69,204,515,170,-1,-1,-1,-1
522,2,0,0.896954,573,139,1346,357,-1,-1,-1,-1
523,1,0,0.918146,68,203,514,171,-1,-1,-1,-1
523,2,0,0.896486,569,137,1345,360,-1,-1,-1,-1
524,1,0,0.919206,68,203,510,170,-1,-1,-1,-1
524,2,0,0.901616,569,142,1350,353,-1,-1,-1,-1
525,1,0,0.920793,68,203,510,170,-1,-1,-1,-1
525,2,0,0.893468,566,139,1348,356,-1,-1,-1,-1
526,1,0,0.921148,67,203,509,170,-1,-1,-1,-1
526,2,0,0.889598,568,138,1351,357,-1,-1,-1,-1
527,1,0,0.920989,67,203,506,170,-1,-1,-1,-1
527,2,0,0.893062,566,138,1353,356,-1,-1,-1,-1
528,1,0,0.921147,66,203,505,170,-1,-1,-1,-1
528,2,0,0.896469,564,140,1355,354,-1,-1,-1,-1
529,1,0,0.921836,65,203,506,170,-1,-1,-1,-1
529,2,0,0.89247,563,141,1356,353,-1,-1,-1,-1
530,1,0,0.92007,66,203,503,170,-1,-1,-1,-1
530,2,0,0.893412,557,135,1359,358,-1,-1,-1,-1
531,1,0,0.919438,66,203,501,170,-1,-1,-1,-1
531,2,0,0.893129,555,138,1362,354,-1,-1,-1,-1
532,1,0,0.920826,65,202,503,172,-1,-1,-1,-1
532,2,0,0.893715,555,136,1361,357,-1,-1,-1,-1
533,1,0,0.921603,66,202,501,171,-1,-1,-1,-1
533,2,0,0.894942,553,136,1365,356,-1,-1,-1,-1
534,1,0,0.920513,66,203,497,170,-1,-1,-1,-1
534,2,0,0.900054,550,132,1367,361,-1,-1,-1,-1
535,1,0,0.921075,65,203,496,171,-1,-1,-1,-1
535,2,0,0.904901,548,135,1370,358,-1,-1,-1,-1
536,1,0,0.920627,66,202,494,171,-1,-1,-1,-1
536,2,0,0.900622,547,134,1370,360,-1,-1,-1,-1
537,1,0,0.921319,66,203,490,170,-1,-1,-1,-1
537,2,0,0.905265,544,134,1374,359,-1,-1,-1,-1
538,1,0,0.922308,66,203,487,171,-1,-1,-1,-1
538,2,0,0.905097,543,134,1374,358,-1,-1,-1,-1
539,1,0,0.923353,66,203,486,172,-1,-1,-1,-1
539,2,0,0.906427,542,136,1376,357,-1,-1,-1,-1
540,1,0,0.923893,65,202,487,174,-1,-1,-1,-1
540,2,0,0.908205,543,135,1374,359,-1,-1,-1,-1
541,1,0,0.923951,65,202,487,174,-1,-1,-1,-1
541,2,0,0.910642,541,134,1376,360,-1,-1,-1,-1
542,1,0,0.924067,65,202,486,174,-1,-1,-1,-1
542,2,0,0.911461,540,133,1377,361,-1,-1,-1,-1
543,1,0,0.923074,66,203,483,173,-1,-1,-1,-1
543,2,0,0.912315,537,133,1382,361,-1,-1,-1,-1
544,1,0,0.923127,65,202,485,174,-1,-1,-1,-1
544,2,0,0.910344,537,132,1381,361,-1,-1,-1,-1
545,1,0,0.922801,65,202,484,174,-1,-1,-1,-1
545,2,0,0.910453,536,128,1381,365,-1,-1,-1,-1
546,1,0,0.922948,67,203,478,173,-1,-1,-1,-1
546,2,0,0.910563,533,132,1385,360,-1,-1,-1,-1
547,1,0,0.923305,66,202,478,175,-1,-1,-1,-1
547,2,0,0.910717,534,130,1384,363,-1,-1,-1,-1
548,1,0,0.922603,66,203,474,174,-1,-1,-1,-1
548,2,0,0.91244,531,132,1388,360,-1,-1,-1,-1
549,1,0,0.922108,66,204,473,173,-1,-1,-1,-1
549,2,0,0.914871,529,128,1389,365,-1,-1,-1,-1
550,1,0,0.921732,68,204,468,173,-1,-1,-1,-1
550,2,0,0.912443,527,127,1391,366,-1,-1,-1,-1
551,1,0,0.920215,67,203,466,174,-1,-1,-1,-1
551,2,0,0.91003,524,129,1395,364,-1,-1,-1,-1
552,1,0,0.91907,68,204,462,173,-1,-1,-1,-1
552,2,0,0.911547,524,129,1394,365,-1,-1,-1,-1
553,1,0,0.919236,68,204,462,173,-1,-1,-1,-1
553,2,0,0.91358,523,127,1395,367,-1,-1,-1,-1
554,1,0,0.918257,67,204,462,174,-1,-1,-1,-1
554,2,0,0.915649,519,129,1398,364,-1,-1,-1,-1
555,1,0,0.917223,67,204,461,174,-1,-1,-1,-1
555,2,0,0.912185,519,124,1398,370,-1,-1,-1,-1
556,1,0,0.916437,67,204,460,174,-1,-1,-1,-1
556,2,0,0.915666,516,127,1402,367,-1,-1,-1,-1
557,1,0,0.91558,67,203,458,174,-1,-1,-1,-1
557,2,0,0.915283,515,128,1403,365,-1,-1,-1,-1
558,1,0,0.913681,67,204,456,172,-1,-1,-1,-1
558,2,0,0.916204,514,126,1403,368,-1,-1,-1,-1
559,1,0,0.910953,68,204,453,172,-1,-1,-1,-1
559,2,0,0.915339,512,125,1406,368,-1,-1,-1,-1
560,1,0,0.910375,67,203,454,173,-1,-1,-1,-1
560,2,0,0.916945,512,124,1405,370,-1,-1,-1,-1
561,1,0,0.907847,68,204,450,172,-1,-1,-1,-1
561,2,0,0.917167,509,125,1409,368,-1,-1,-1,-1
562,1,0,0.905004,67,203,449,173,-1,-1,-1,-1
562,2,0,0.916664,508,126,1410,366,-1,-1,-1,-1
563,1,0,0.899444,68,203,445,172,-1,-1,-1,-1
563,2,0,0.918005,506,126,1411,367,-1,-1,-1,-1
564,1,0,0.897379,68,204,442,171,-1,-1,-1,-1
564,2,0,0.916089,505,126,1412,368,-1,-1,-1,-1
565,1,0,0.895076,68,204,440,171,-1,-1,-1,-1
565,2,0,0.917844,503,129,1415,364,-1,-1,-1,-1
566,1,0,0.893676,67,203,439,172,-1,-1,-1,-1
566,2,0,0.913069,502,129,1415,364,-1,-1,-1,-1
567,1,0,0.892545,68,204,436,171,-1,-1,-1,-1
567,2,0,0.914944,501,126,1416,368,-1,-1,-1,-1
568,1,0,0.891907,68,203,434,172,-1,-1,-1,-1
568,2,0,0.914849,500,123,1417,371,-1,-1,-1,-1
569,1,0,0.892212,67,204,435,172,-1,-1,-1,-1
569,2,0,0.914627,499,122,1419,372,-1,-1,-1,-1
570,1,0,0.890448,68,204,433,172,-1,-1,-1,-1
570,2,0,0.911775,498,120,1419,374,-1,-1,-1,-1
571,1,0,0.89113,67,205,432,172,-1,-1,-1,-1
571,2,0,0.912179,497,122,1421,372,-1,-1,-1,-1
572,1,0,0.89046,67,206,430,170,-1,-1,-1,-1
572,2,0,0.912151,494,122,1424,372,-1,-1,-1,-1
573,1,0,0.88939,67,206,430,170,-1,-1,-1,-1
573,2,0,0.912047,495,124,1423,370,-1,-1,-1,-1
574,1,0,0.893506,68,206,427,171,-1,-1,-1,-1
574,2,0,0.908691,495,123,1422,371,-1,-1,-1,-1
575,1,0,0.894436,68,206,424,171,-1,-1,-1,-1
575,2,0,0.909565,490,123,1428,371,-1,-1,-1,-1
576,1,0,0.897894,67,206,425,170,-1,-1,-1,-1
576,2,0,0.906751,489,121,1428,374,-1,-1,-1,-1
577,1,0,0.898468,68,206,422,170,-1,-1,-1,-1
577,2,0,0.91157,483,124,1436,372,-1,-1,-1,-1
578,1,0,0.898455,68,205,420,171,-1,-1,-1,-1
578,2,0,0.909332,484,123,1434,372,-1,-1,-1,-1
579,1,0,0.903505,69,205,414,171,-1,-1,-1,-1
579,2,0,0.906311,481,121,1436,374,-1,-1,-1,-1
580,1,0,0.903134,68,205,416,172,-1,-1,-1,-1
580,2,0,0.906942,481,120,1436,376,-1,-1,-1,-1
581,1,0,0.904964,69,205,412,171,-1,-1,-1,-1
581,2,0,0.907401,478,121,1440,374,-1,-1,-1,-1
582,1,0,0.904237,69,204,411,172,-1,-1,-1,-1
582,2,0,0.907427,477,121,1441,374,-1,-1,-1,-1
583,1,0,0.90501,68,204,411,173,-1,-1,-1,-1
583,2,0,0.908249,476,122,1441,372,-1,-1,-1,-1
584,1,0,0.905779,69,204,409,173,-1,-1,-1,-1
584,2,0,0.90774,474,123,1443,371,-1,-1,-1,-1
585,1,0,0.907214,69,204,408,173,-1,-1,-1,-1
585,2,0,0.908829,474,119,1442,376,-1,-1,-1,-1
586,1,0,0.908109,68,205,409,172,-1,-1,-1,-1
586,2,0,0.910908,472,122,1445,372,-1,-1,-1,-1
587,1,0,0.907037,69,205,407,172,-1,-1,-1,-1
587,2,0,0.906277,471,120,1445,374,-1,-1,-1,-1
588,1,0,0.907213,68,204,407,173,-1,-1,-1,-1
588,2,0,0.910219,470,120,1447,375,-1,-1,-1,-1
589,1,0,0.905529,68,204,405,172,-1,-1,-1,-1
589,2,0,0.906817,468,118,1447,377,-1,-1,-1,-1
590,1,0,0.905765,68,204,404,171,-1,-1,-1,-1
590,2,0,0.91226,464,120,1455,376,-1,-1,-1,-1
591,1,0,0.90522,69,204,401,171,-1,-1,-1,-1
591,2,0,0.908981,467,116,1444,380,-1,-1,-1,-1
592,1,0,0.905515,68,204,401,171,-1,-1,-1,-1
592,2,0,0.905321,463,116,1453,379,-1,-1,-1,-1
593,1,0,0.901898,69,204,399,171,-1,-1,-1,-1
593,2,0,0.90781,464,116,1447,380,-1,-1,-1,-1
594,1,0,0.900076,69,205,398,171,-1,-1,-1,-1
594,2,0,0.902402,459,115,1457,380,-1,-1,-1,-1
595,1,0,0.901081,68,204,398,172,-1,-1,-1,-1
595,2,0,0.904513,458,112,1457,383,-1,-1,-1,-1
596,1,0,0.900514,69,205,395,171,-1,-1,-1,-1
596,2,0,0.901507,456,104,1459,391,-1,-1,-1,-1
597,1,0,0.901275,68,204,396,173,-1,-1,-1,-1
597,2,0,0.903607,454,106,1462,389,-1,-1,-1,-1
598,1,0,0.900713,67,204,396,172,-1,-1,-1,-1
598,2,0,0.900488,455,109,1461,386,-1,-1,-1,-1
599,1,0,0.901753,68,205,393,170,-1,-1,-1,-1
599,2,0,0.900459,454,108,1461,387,-1,-1,-1,-1
600,1,0,0.900285,68,204,391,171,-1,-1,-1,-1
600,2,0,0.899424,452,105,1464,390,-1,-1,-1,-1
601,1,0,0.900095,67,204,390,171,-1,-1,-1,-1
601,2,0,0.895365,450,112,1466,382,-1,-1,-1,-1
602,1,0,0.896992,68,205,387,171,-1,-1,-1,-1
602,2,0,0.893922,450,110,1466,384,-1,-1,-1,-1
603,1,0,0.899089,67,204,386,173,-1,-1,-1,-1
603,2,0,0.899488,450,111,1461,385,-1,-1,-1,-1
604,1,0,0.898675,66,205,386,172,-1,-1,-1,-1
604,2,0,0.89746,444,109,1472,386,-1,-1,-1,-1
605,1,0,0.899007,66,205,386,172,-1,-1,-1,-1
605,2,0,0.898443,427,108,1492,387,-1,-1,-1,-1
606,1,0,0.897832,67,205,384,172,-1,-1,-1,-1
606,2,0,0.897389,425,113,1494,382,-1,-1,-1,-1
607,1,0,0.8977,66,204,384,173,-1,-1,-1,-1
607,2,0,0.899177,425,111,1494,385,-1,-1,-1,-1
608,1,0,0.897589,66,204,384,173,-1,-1,-1,-1
608,2,0,0.891295,441,105,1471,393,-1,-1,-1,-1
609,1,0,0.897116,67,204,383,172,-1,-1,-1,-1
609,2,0,0.890003,437,102,1475,395,-1,-1,-1,-1
610,1,0,0.895423,66,204,382,172,-1,-1,-1,-1
610,2,0,0.892963,434,100,1478,397,-1,-1,-1,-1
611,1,0,0.894318,66,204,380,173,-1,-1,-1,-1
611,2,0,0.894886,430,99,1483,399,-1,-1,-1,-1
612,1,0,0.893071,65,205,379,172,-1,-1,-1,-1
612,2,0,0.897311,431,106,1482,391,-1,-1,-1,-1
613,1,0,0.889787,65,204,379,173,-1,-1,-1,-1
613,2,0,0.898643,423,104,1496,395,-1,-1,-1,-1
614,1,0,0.888712,65,204,378,172,-1,-1,-1,-1
614,2,0,0.887742,427,101,1485,397,-1,-1,-1,-1
615,1,0,0.889172,66,204,376,172,-1,-1,-1,-1
615,2,0,0.894671,425,100,1488,397,-1,-1,-1,-1
616,1,0,0.888677,65,204,376,173,-1,-1,-1,-1
616,2,0,0.887398,423,103,1489,394,-1,-1,-1,-1
617,1,0,0.887973,65,205,376,172,-1,-1,-1,-1
617,2,0,0.883493,421,103,1492,394,-1,-1,-1,-1
618,1,0,0.884766,65,205,374,171,-1,-1,-1,-1
618,2,0,0.885349,419,99,1493,398,-1,-1,-1,-1
619,1,0,0.887367,65,204,371,173,-1,-1,-1,-1
619,2,0,0.896104,411,97,1507,401,-1,-1,-1,-1
620,1,0,0.885305,65,204,371,173,-1,-1,-1,-1
620,2,0,0.891329,407,105,1512,392,-1,-1,-1,-1
621,1,0,0.888987,65,205,369,172,-1,-1,-1,-1
621,2,0,0.890273,404,106,1515,392,-1,-1,-1,-1
622,1,0,0.888536,65,204,368,174,-1,-1,-1,-1
622,2,0,0.887134,404,106,1515,391,-1,-1,-1,-1
623,1,0,0.886113,64,204,368,174,-1,-1,-1,-1
623,2,0,0.892401,404,111,1515,385,-1,-1,-1,-1
624,1,0,0.883308,63,205,367,173,-1,-1,-1,-1
624,2,0,0.892235,402,110,1515,387,-1,-1,-1,-1
625,1,0,0.879254,63,205,366,173,-1,-1,-1,-1
625,2,0,0.896487,402,110,1516,388,-1,-1,-1,-1
626,1,0,0.877921,64,205,363,173,-1,-1,-1,-1
626,2,0,0.893464,398,108,1519,390,-1,-1,-1,-1
627,1,0,0.881334,63,204,364,173,-1,-1,-1,-1
627,2,0,0.896871,398,107,1520,392,-1,-1,-1,-1
628,1,0,0.877331,63,204,364,174,-1,-1,-1,-1
628,2,0,0.883902,396,107,1521,393,-1,-1,-1,-1
629,1,0,0.875675,63,205,363,173,-1,-1,-1,-1
629,2,0,0.884637,406,99,1505,398,-1,-1,-1,-1
630,1,0,0.867889,64,204,357,173,-1,-1,-1,-1
630,2,0,0.884405,392,103,1527,397,-1,-1,-1,-1
631,1,0,0.868614,64,205,356,172,-1,-1,-1,-1
631,2,0,0.882695,399,97,1512,401,-1,-1,-1,-1
632,1,0,0.859448,64,204,354,173,-1,-1,-1,-1
632,2,0,0.881003,394,96,1517,401,-1,-1,-1,-1
633,1,0,0.861299,67,205,343,172,-1,-1,-1,-1
633,2,0,0.87886,395,95,1515,402,-1,-1,-1,-1
634,1,0,0.869665,66,206,342,171,-1,-1,-1,-1
634,2,0,0.882425,392,95,1519,402,-1,-1,-1,-1
635,1,0,0.863353,66,206,341,171,-1,-1,-1,-1
635,2,0,0.881123,387,95,1529,400,-1,-1,-1,-1
636,1,0,0.869719,67,206,338,172,-1,-1,-1,-1
636,2,0,0.87882,378,102,1537,392,-1,-1,-1,-1
637,1,0,0.877991,67,206,336,172,-1,-1,-1,-1
637,2,0,0.885122,383,91,1531,405,-1,-1,-1,-1
638,1,0,0.878346,65,206,338,172,-1,-1,-1,-1
638,2,0,0.881211,378,96,1538,398,-1,-1,-1,-1
639,1,0,0.880751,66,206,335,172,-1,-1,-1,-1
639,2,0,0.884912,379,89,1536,407,-1,-1,-1,-1
640,1,0,0.88169,65,206,335,173,-1,-1,-1,-1
640,2,0,0.88263,376,96,1540,399,-1,-1,-1,-1
641,1,0,0.883454,65,205,336,173,-1,-1,-1,-1
641,2,0,0.883088,372,99,1543,396,-1,-1,-1,-1
642,1,0,0.884691,66,206,332,172,-1,-1,-1,-1
642,2,0,0.88561,372,100,1544,395,-1,-1,-1,-1
643,1,0,0.882151,65,205,334,174,-1,-1,-1,-1
643,2,0,0.882262,368,102,1548,392,-1,-1,-1,-1
644,1,0,0.8824,65,205,333,174,-1,-1,-1,-1
644,2,0,0.881361,369,104,1547,390,-1,-1,-1,-1
645,1,0,0.87928,65,205,333,174,-1,-1,-1,-1
645,2,0,0.882123,366,105,1550,389,-1,-1,-1,-1
646,1,0,0.878526,65,205,332,174,-1,-1,-1,-1
646,2,0,0.884885,366,105,1549,389,-1,-1,-1,-1
647,1,0,0.875983,65,205,333,174,-1,-1,-1,-1
647,2,0,0.888737,364,103,1551,391,-1,-1,-1,-1
648,1,0,0.876426,66,205,331,174,-1,-1,-1,-1
648,2,0,0.88875,366,112,1553,383,-1,-1,-1,-1
649,1,0,0.879757,66,206,328,173,-1,-1,-1,-1
649,2,0,0.889905,359,110,1556,383,-1,-1,-1,-1
650,1,0,0.879355,65,205,329,174,-1,-1,-1,-1
650,2,0,0.892731,358,109,1557,384,-1,-1,-1,-1
651,1,0,0.876408,65,205,328,174,-1,-1,-1,-1
651,2,0,0.893526,354,110,1562,383,-1,-1,-1,-1
652,1,0,0.875671,65,206,327,173,-1,-1,-1,-1
652,2,0,0.894942,354,108,1562,385,-1,-1,-1,-1
653,1,0,0.875072,66,206,326,173,-1,-1,-1,-1
653,2,0,0.895065,354,105,1562,388,-1,-1,-1,-1
654,1,0,0.878532,66,205,324,173,-1,-1,-1,-1
654,2,0,0.894294,352,102,1565,391,-1,-1,-1,-1
655,1,0,0.877112,66,206,321,173,-1,-1,-1,-1
655,2,0,0.89508,352,98,1564,396,-1,-1,-1,-1
656,1,0,0.878141,66,205,320,175,-1,-1,-1,-1
656,2,0,0.897904,349,99,1568,395,-1,-1,-1,-1
657,1,0,0.879612,65,205,321,174,-1,-1,-1,-1
657,2,0,0.897125,350,99,1568,394,-1,-1,-1,-1
658,1,0,0.878868,66,206,318,173,-1,-1,-1,-1
658,2,0,0.895941,348,102,1570,391,-1,-1,-1,-1
659,1,0,0.878394,64,206,320,173,-1,-1,-1,-1
659,2,0,0.895522,349,100,1568,394,-1,-1,-1,-1
660,1,0,0.874542,65,205,318,173,-1,-1,-1,-1
660,2,0,0.896816,346,98,1571,396,-1,-1,-1,-1
661,1,0,0.872862,65,205,318,173,-1,-1,-1,-1
661,2,0,0.896547,344,100,1574,393,-1,-1,-1,-1
662,1,0,0.870412,66,205,314,173,-1,-1,-1,-1
662,2,0,0.898646,343,98,1574,396,-1,-1,-1,-1
663,1,0,0.864281,66,206,310,173,-1,-1,-1,-1
663,2,0,0.899123,339,99,1579,394,-1,-1,-1,-1
664,1,0,0.861802,66,205,307,175,-1,-1,-1,-1
664,2,0,0.902972,335,102,1583,390,-1,-1,-1,-1
665,1,0,0.853465,66,206,303,174,-1,-1,-1,-1
665,2,0,0.902722,335,103,1583,389,-1,-1,-1,-1
666,1,0,0.851373,65,206,304,175,-1,-1,-1,-1
666,2,0,0.901399,336,102,1581,391,-1,-1,-1,-1
667,1,0,0.852326,66,205,301,176,-1,-1,-1,-1
667,2,0,0.90229,336,101,1581,391,-1,-1,-1,-1
668,1,0,0.836216,64,205,302,176,-1,-1,-1,-1
668,2,0,0.902182,331,103,1587,390,-1,-1,-1,-1
669,1,0,0.83344,66,205,297,176,-1,-1,-1,-1
669,2,0,0.902999,328,104,1590,389,-1,-1,-1,-1
670,1,0,0.836709,65,205,298,176,-1,-1,-1,-1
670,2,0,0.904336,328,106,1590,386,-1,-1,-1,-1
671,1,0,0.841926,66,206,294,177,-1,-1,-1,-1
671,2,0,0.903899,328,102,1589,392,-1,-1,-1,-1
672,1,0,0.845061,66,205,291,178,-1,-1,-1,-1
672,2,0,0.905721,328,103,1590,390,-1,-1,-1,-1
673,1,0,0.841031,65,204,291,180,-1,-1,-1,-1
673,2,0,0.908573,328,104,1589,389,-1,-1,-1,-1
674,1,0,0.836054,65,204,292,179,-1,-1,-1,-1
674,2,0,0.90523,327,102,1590,392,-1,-1,-1,-1
675,1,0,0.828909,66,205,287,178,-1,-1,-1,-1
675,2,0,0.904336,326,101,1593,392,-1,-1,-1,-1
676,1,0,0.822943,65,204,289,179,-1,-1,-1,-1
676,2,0,0.905828,323,102,1595,390,-1,-1,-1,-1
677,1,0,0.823606,66,204,284,179,-1,-1,-1,-1
677,2,0,0.908134,322,103,1596,389,-1,-1,-1,-1
678,1,0,0.809482,66,204,282,179,-1,-1,-1,-1
678,2,0,0.906716,322,103,1595,390,-1,-1,-1,-1
679,1,0,0.810749,65,204,283,179,-1,-1,-1,-1
679,2,0,0.905346,321,102,1597,391,-1,-1,-1,-1
680,1,0,0.806079,65,204,283,179,-1,-1,-1,-1
680,2,0,0.907017,319,97,1598,397,-1,-1,-1,-1
681,1,0,0.805049,65,204,284,179,-1,-1,-1,-1
681,2,0,0.903435,318,96,1599,398,-1,-1,-1,-1
682,1,0,0.801854,66,205,281,178,-1,-1,-1,-1
682,2,0,0.907258,315,95,1603,399,-1,-1,-1,-1
683,1,0,0.798042,66,204,278,180,-1,-1,-1,-1
683,2,0,0.905301,313,100,1605,393,-1,-1,-1,-1
684,1,0,0.795145,66,204,276,180,-1,-1,-1,-1
684,2,0,0.906718,313,95,1604,399,-1,-1,-1,-1
685,1,0,0.789197,66,204,273,180,-1,-1,-1,-1
685,2,0,0.908199,310,96,1608,397,-1,-1,-1,-1
686,1,0,0.788275,65,204,272,180,-1,-1,-1,-1
686,2,0,0.906498,309,97,1608,396,-1,-1,-1,-1
687,1,0,0.794653,66,204,268,180,-1,-1,-1,-1
687,2,0,0.907875,307,97,1609,397,-1,-1,-1,-1
688,1,0,0.792186,65,204,268,180,-1,-1,-1,-1
688,2,0,0.907299,305,98,1612,396,-1,-1,-1,-1
689,1,0,0.786821,66,205,265,179,-1,-1,-1,-1
689,2,0,0.909822,303,97,1613,397,-1,-1,-1,-1
690,1,0,0.7818,65,204,265,181,-1,-1,-1,-1
690,2,0,0.908875,298,96,1621,395,-1,-1,-1,-1
691,1,0,0.764496,65,207,265,177,-1,-1,-1,-1
691,2,0,0.908481,296,97,1623,392,-1,-1,-1,-1
692,1,0,0.761563,65,208,263,175,-1,-1,-1,-1
692,2,0,0.909857,296,95,1623,395,-1,-1,-1,-1
693,1,0,0.740874,66,208,260,175,-1,-1,-1,-1
693,2,0,0.91202,295,96,1624,393,-1,-1,-1,-1
694,1,0,0.745659,66,205,258,179,-1,-1,-1,-1
694,2,0,0.910974,296,98,1623,390,-1,-1,-1,-1
695,1,0,0.735683,66,205,257,180,-1,-1,-1,-1
695,2,0,0.911657,292,102,1627,386,-1,-1,-1,-1
696,1,0,0.690099,66,204,252,181,-1,-1,-1,-1
696,2,0,0.912571,291,103,1628,385,-1,-1,-1,-1
697,1,0,0.671132,65,204,252,181,-1,-1,-1,-1
697,2,0,0.911835,291,100,1628,389,-1,-1,-1,-1
698,1,0,0.691428,67,209,245,175,-1,-1,-1,-1
698,2,0,0.912867,289,102,1630,387,-1,-1,-1,-1
699,1,0,0.709828,68,210,241,174,-1,-1,-1,-1
699,2,0,0.912302,288,98,1630,391,-1,-1,-1,-1
700,1,0,0.703122,68,210,241,173,-1,-1,-1,-1
700,2,0,0.911659,287,96,1631,393,-1,-1,-1,-1
701,1,0,0.770152,68,208,236,180,-1,-1,-1,-1
701,2,0,0.914257,285,96,1634,392,-1,-1,-1,-1
702,1,0,0.76719,67,208,236,181,-1,-1,-1,-1
702,2,0,0.912631,285,96,1634,391,-1,-1,-1,-1
703,1,0,0.779852,67,207,235,182,-1,-1,-1,-1
703,2,0,0.914879,284,98,1634,390,-1,-1,-1,-1
704,1,0,0.776406,67,208,233,181,-1,-1,-1,-1
704,2,0,0.914164,285,96,1633,393,-1,-1,-1,-1
705,1,0,0.783752,67,207,232,183,-1,-1,-1,-1
705,2,0,0.913079,282,95,1636,394,-1,-1,-1,-1
706,1,0,0.794436,67,207,231,183,-1,-1,-1,-1
706,2,0,0.914815,281,95,1637,394,-1,-1,-1,-1
707,1,0,0.802503,67,207,230,183,-1,-1,-1,-1
707,2,0,0.915561,280,95,1637,395,-1,-1,-1,-1
708,1,0,0.805324,68,207,227,183,-1,-1,-1,-1
708,2,0,0.914495,279,96,1639,394,-1,-1,-1,-1
709,1,0,0.802729,67,207,228,183,-1,-1,-1,-1
709,2,0,0.915268,278,97,1640,394,-1,-1,-1,-1
710,1,0,0.798741,67,208,227,182,-1,-1,-1,-1
710,2,0,0.91506,277,97,1641,393,-1,-1,-1,-1
711,1,0,0.794665,67,209,226,181,-1,-1,-1,-1
711,2,0,0.914899,278,98,1638,391,-1,-1,-1,-1
712,1,0,0.792603,68,208,224,181,-1,-1,-1,-1
712,2,0,0.914895,277,93,1640,397,-1,-1,-1,-1
713,1,0,0.788054,67,208,225,182,-1,-1,-1,-1
713,2,0,0.913144,275,92,1641,398,-1,-1,-1,-1
714,1,0,0.800636,68,208,222,181,-1,-1,-1,-1
714,2,0,0.91228,273,92,1644,397,-1,-1,-1,-1
715,1,0,0.803009,68,207,222,183,-1,-1,-1,-1
715,2,0,0.913032,272,96,1645,392,-1,-1,-1,-1
716,1,0,0.805674,67,207,222,183,-1,-1,-1,-1
716,2,0,0.912608,271,96,1645,393,-1,-1,-1,-1
717,1,0,0.799156,67,207,222,183,-1,-1,-1,-1
717,2,0,0.912513,271,92,1645,398,-1,-1,-1,-1
718,1,0,0.805193,67,208,221,182,-1,-1,-1,-1
718,2,0,0.913923,269,94,1648,395,-1,-1,-1,-1
719,1,0,0.810709,67,207,221,183,-1,-1,-1,-1
719,2,0,0.912506,268,94,1649,396,-1,-1,-1,-1
720,1,0,0.807209,67,207,220,183,-1,-1,-1,-1
720,2,0,0.912314,266,94,1650,396,-1,-1,-1,-1
721,1,0,0.813181,68,208,218,182,-1,-1,-1,-1
721,2,0,0.915095,265,95,1652,394,-1,-1,-1,-1
722,1,0,0.816699,67,208,218,182,-1,-1,-1,-1
722,2,0,0.914436,266,95,1650,394,-1,-1,-1,-1
723,1,0,0.810058,67,207,219,182,-1,-1,-1,-1
723,2,0,0.913624,266,93,1650,396,-1,-1,-1,-1
724,1,0,0.81213,68,208,216,181,-1,-1,-1,-1
724,2,0,0.915364,264,96,1653,393,-1,-1,-1,-1
725,1,0,0.807781,67,207,217,182,-1,-1,-1,-1
725,2,0,0.9135,263,94,1653,395,-1,-1,-1,-1
726,1,0,0.799307,68,207,216,182,-1,-1,-1,-1
726,2,0,0.914182,260,91,1656,398,-1,-1,-1,-1
727,1,0,0.790369,68,207,214,183,-1,-1,-1,-1
727,2,0,0.912498,259,90,1657,399,-1,-1,-1,-1
728,1,0,0.789607,67,208,214,182,-1,-1,-1,-1
728,2,0,0.913971,258,93,1659,396,-1,-1,-1,-1
729,1,0,0.803294,66,207,216,182,-1,-1,-1,-1
729,2,0,0.915758,259,93,1657,395,-1,-1,-1,-1
730,1,0,0.794871,67,208,213,180,-1,-1,-1,-1
730,2,0,0.915225,257,94,1660,394,-1,-1,-1,-1
731,1,0,0.798033,66,208,214,180,-1,-1,-1,-1
731,2,0,0.915838,257,95,1659,393,-1,-1,-1,-1
732,1,0,0.802383,67,207,213,181,-1,-1,-1,-1
732,2,0,0.916372,257,93,1659,395,-1,-1,-1,-1
733,1,0,0.775605,67,207,211,182,-1,-1,-1,-1
733,2,0,0.916533,255,94,1662,394,-1,-1,-1,-1
734,1,0,0.780257,66,207,211,182,-1,-1,-1,-1
734,2,0,0.915974,255,94,1661,395,-1,-1,-1,-1
735,1,0,0.781083,68,205,204,184,-1,-1,-1,-1
735,2,0,0.916605,253,91,1663,398,-1,-1,-1,-1
736,1,0,0.775112,68,205,202,185,-1,-1,-1,-1
736,2,0,0.916085,252,92,1665,397,-1,-1,-1,-1
737,1,0,0.759347,67,204,203,187,-1,-1,-1,-1
737,2,0,0.914286,253,91,1663,399,-1,-1,-1,-1
738,1,0,0.752041,68,204,201,187,-1,-1,-1,-1
738,2,0,0.911696,252,85,1664,405,-1,-1,-1,-1
739,1,0,0.747194,67,205,201,186,-1,-1,-1,-1
739,2,0,0.913047,251,91,1665,398,-1,-1,-1,-1
740,1,0,0.741226,67,206,203,185,-1,-1,-1,-1
740,2,0,0.912656,251,92,1664,398,-1,-1,-1,-1
741,1,0,0.727559,67,206,202,186,-1,-1,-1,-1
741,2,0,0.911999,249,91,1666,400,-1,-1,-1,-1
742,1,0,0.731693,68,206,199,186,-1,-1,-1,-1
742,2,0,0.912316,162,90,1746,401,-1,-1,-1,-1
743,1,0,0.718753,67,206,201,187,-1,-1,-1,-1
743,2,0,0.910093,247,92,1668,398,-1,-1,-1,-1
744,1,0,0.734551,67,206,202,188,-1,-1,-1,-1
744,2,0,0.911416,158,90,1749,401,-1,-1,-1,-1
745,1,0,0.715214,67,206,201,188,-1,-1,-1,-1
745,2,0,0.913849,154,89,1750,402,-1,-1,-1,-1
746,1,0,0.690144,67,207,201,187,-1,-1,-1,-1
746,2,0,0.905675,143,90,1761,400,-1,-1,-1,-1
747,1,0,0.706293,68,207,199,187,-1,-1,-1,-1
747,2,0,0.914987,162,91,1750,398,-1,-1,-1,-1
748,1,0,0.691513,67,207,199,187,-1,-1,-1,-1
748,2,0,0.915864,158,90,1749,399,-1,-1,-1,-1
749,1,0,0.702181,66,209,196,180,-1,-1,-1,-1
749,2,0,0.915122,158,90,1750,399,-1,-1,-1,-1
750,1,0,0.693383,67,210,194,178,-1,-1,-1,-1
750,2,0,0.913744,156,89,1750,400,-1,-1,-1,-1
751,1,0,0.68443,66,210,194,178,-1,-1,-1,-1
751,2,0,0.910863,146,88,1757,401,-1,-1,-1,-1
752,1,0,0.711261,67,210,192,178,-1,-1,-1,-1
752,2,0,0.919925,153,87,1752,402,-1,-1,-1,-1
753,1,0,0.716063,66,210,193,178,-1,-1,-1,-1
753,2,0,0.919678,156,88,1748,400,-1,-1,-1,-1
754,1,0,0.71344,66,210,193,178,-1,-1,-1,-1
754,2,0,0.912049,146,87,1754,402,-1,-1,-1,-1
755,1,0,0.709783,67,210,191,179,-1,-1,-1,-1
755,2,0,0.920115,149,87,1754,402,-1,-1,-1,-1
756,1,0,0.71757,66,210,192,179,-1,-1,-1,-1
756,2,0,0.915709,146,88,1756,402,-1,-1,-1,-1
757,1,0,0.697145,67,210,190,179,-1,-1,-1,-1
757,2,0,0.906396,143,88,1755,403,-1,-1,-1,-1
758,1,0,0.713187,66,210,191,179,-1,-1,-1,-1
758,2,0,0.903237,135,89,1765,401,-1,-1,-1,-1
759,1,0,0.715529,67,210,189,180,-1,-1,-1,-1
759,2,0,0.91494,138,88,1763,402,-1,-1,-1,-1
760,1,0,0.722989,66,210,190,180,-1,-1,-1,-1
760,2,0,0.904069,133,87,1766,403,-1,-1,-1,-1
761,1,0,0.715967,66,210,190,181,-1,-1,-1,-1
761,2,0,0.902595,132,86,1768,403,-1,-1,-1,-1
762,1,0,0.714439,66,210,190,181,-1,-1,-1,-1
762,2,0,0.902848,130,85,1770,405,-1,-1,-1,-1
763,1,0,0.716959,66,210,190,181,-1,-1,-1,-1
763,2,0,0.897768,222,87,1696,402,-1,-1,-1,-1
764,1,0,0.70874,67,209,188,181,-1,-1,-1,-1
764,2,0,0.897133,221,88,1697,401,-1,-1,-1,-1
765,1,0,0.698506,66,208,189,183,-1,-1,-1,-1
765,2,0,0.900652,217,89,1701,400,-1,-1,-1,-1
766,1,0,0.700486,67,208,188,183,-1,-1,-1,-1
766,2,0,0.905232,130,89,1774,401,-1,-1,-1,-1
767,1,0,0.701601,66,209,188,182,-1,-1,-1,-1
767,2,0,0.901091,129,88,1773,402,-1,-1,-1,-1
768,1,0,0.712633,67,209,186,181,-1,-1,-1,-1
768,2,0,0.913254,132,87,1772,403,-1,-1,-1,-1
769,1,0,0.711124,66,209,187,182,-1,-1,-1,-1
769,2,0,0.916199,130,88,1778,401,-1,-1,-1,-1
770,1,0,0.727721,66,208,187,183,-1,-1,-1,-1
770,2,0,0.910105,130,88,1774,400,-1,-1,-1,-1
771,1,0,0.738029,66,208,187,183,-1,-1,-1,-1
771,2,0,0.901983,126,87,1780,401,-1,-1,-1,-1
772,1,0,0.724999,66,209,186,182,-1,-1,-1,-1
772,2,0,0.903863,208,91,1709,397,-1,-1,-1,-1
773,1,0,0.726862,66,209,186,181,-1,-1,-1,-1
773,2,0,0.903916,206,91,1710,398,-1,-1,-1,-1
774,1,0,0.702034,65,209,187,182,-1,-1,-1,-1
774,2,0,0.902003,203,92,1714,397,-1,-1,-1,-1
775,1,0,0.687757,66,209,185,181,-1,-1,-1,-1
775,2,0,0.898905,205,89,1711,400,-1,-1,-1,-1
776,1,0,0.671102,65,210,185,180,-1,-1,-1,-1
776,2,0,0.902449,201,88,1716,400,-1,-1,-1,-1
777,1,0,0.647611,65,210,185,181,-1,-1,-1,-1
777,2,0,0.903706,199,90,1718,399,-1,-1,-1,-1
778,1,0,0.633718,66,210,183,181,-1,-1,-1,-1
778,2,0,0.902795,197,89,1719,400,-1,-1,-1,-1
779,1,0,0.617594,65,211,183,180,-1,-1,-1,-1
779,2,0,0.910814,128,89,1778,399,-1,-1,-1,-1
780,1,0,0.546647,66,212,181,180,-1,-1,-1,-1
780,2,0,0.904759,129,88,1774,400,-1,-1,-1,-1
781,1,0,0.511699,66,212,181,180,-1,-1,-1,-1
781,2,0,0.899478,127,89,1778,398,-1,-1,-1,-1
782,1,0,0.486402,67,212,180,180,-1,-1,-1,-1
782,2,0,0.906042,128,90,1777,397,-1,-1,-1,-1
783,1,0,0.406722,67,213,181,184,-1,-1,-1,-1
783,2,0,0.90461,127,87,1776,400,-1,-1,-1,-1
784,1,0,0.415975,66,212,181,180,-1,-1,-1,-1
784,2,0,0.90384,188,86,1727,401,-1,-1,-1,-1
785,1,0,0.437009,67,212,179,180,-1,-1,-1,-1
785,2,0,0.902488,189,87,1728,400,-1,-1,-1,-1
786,1,0,0.437009,66,212,180,181,-1,-1,-1,-1
786,2,0,0.908826,132,88,1769,398,-1,-1,-1,-1
787,2,0,0.901095,189,86,1727,401,-1,-1,-1,-1
788,2,0,0.901727,187,86,1730,401,-1,-1,-1,-1
789,2,0,0.902957,185,85,1731,401,-1,-1,-1,-1
790,2,0,0.901757,183,85,1732,402,-1,-1,-1,-1
791,2,0,0.90429,128,84,1773,403,-1,-1,-1,-1
792,2,0,0.904167,180,84,1735,404,-1,-1,-1,-1
793,2,0,0.903594,130,84,1768,404,-1,-1,-1,-1
794,2,0,0.903583,174,85,1742,402,-1,-1,-1,-1
795,2,0,0.903567,172,84,1742,404,-1,-1,-1,-1
796,2,0,0.904139,168,84,1748,404,-1,-1,-1,-1
797,2,0,0.905452,168,85,1748,403,-1,-1,-1,-1
798,2,0,0.906009,168,86,1748,402,-1,-1,-1,-1
799,2,0,0.906478,165,85,1750,403,-1,-1,-1,-1
800,2,0,0.90576,163,83,1751,406,-1,-1,-1,-1
801,2,0,0.903488,161,83,1755,405,-1,-1,-1,-1
802,2,0,0.903456,160,84,1756,404,-1,-1,-1,-1
803,2,0,0.905329,160,84,1754,405,-1,-1,-1,-1
804,2,0,0.905098,156,83,1759,406,-1,-1,-1,-1
805,2,0,0.905,157,82,1757,407,-1,-1,-1,-1
806,2,0,0.906619,154,81,1761,408,-1,-1,-1,-1
807,2,0,0.906202,152,82,1763,406,-1,-1,-1,-1
808,2,0,0.906448,151,83,1765,405,-1,-1,-1,-1
809,2,0,0.90494,148,82,1766,406,-1,-1,-1,-1
810,2,0,0.904119,151,81,1765,407,-1,-1,-1,-1
811,2,0,0.904302,149,80,1765,408,-1,-1,-1,-1
812,2,0,0.902995,147,80,1769,408,-1,-1,-1,-1
813,2,0,0.903322,143,80,1772,407,-1,-1,-1,-1
814,2,0,0.906854,104,82,1783,404,-1,-1,-1,-1
815,2,0,0.904805,105,84,1783,402,-1,-1,-1,-1
816,2,0,0.906731,105,83,1781,404,-1,-1,-1,-1
817,2,0,0.90393,138,81,1777,407,-1,-1,-1,-1
818,2,0,0.903489,106,83,1780,405,-1,-1,-1,-1
819,2,0,0.904595,131,81,1784,408,-1,-1,-1,-1
820,2,0,0.904263,130,81,1786,408,-1,-1,-1,-1
821,2,0,0.907895,131,81,1786,407,-1,-1,-1,-1
822,2,0,0.90809,131,80,1784,408,-1,-1,-1,-1
823,2,0,0.915907,100,83,1787,404,-1,-1,-1,-1
824,2,0,0.920076,99,84,1788,402,-1,-1,-1,-1
825,2,0,0.922567,99,83,1785,403,-1,-1,-1,-1
826,2,0,0.917785,102,81,1783,405,-1,-1,-1,-1
827,2,0,0.924385,97,83,1791,402,-1,-1,-1,-1
828,2,0,0.923994,99,83,1787,403,-1,-1,-1,-1
829,2,0,0.91184,105,81,1780,404,-1,-1,-1,-1
830,2,0,0.922083,97,81,1791,403,-1,-1,-1,-1
831,2,0,0.921095,100,73,1786,410,-1,-1,-1,-1
832,2,0,0.921374,97,80,1792,403,-1,-1,-1,-1
833,2,0,0.924273,96,80,1793,404,-1,-1,-1,-1
834,2,0,0.922247,97,82,1792,402,-1,-1,-1,-1
835,2,0,0.927153,96,83,1792,402,-1,-1,-1,-1
836,2,0,0.923819,99,81,1789,405,-1,-1,-1,-1
837,2,0,0.924491,97,82,1792,402,-1,-1,-1,-1
838,2,0,0.924818,97,82,1790,402,-1,-1,-1,-1
839,2,0,0.92061,102,83,1784,401,-1,-1,-1,-1
840,2,0,0.916662,107,83,1777,401,-1,-1,-1,-1
841,2,0,0.924254,98,83,1788,401,-1,-1,-1,-1
842,2,0,0.920691,101,83,1784,402,-1,-1,-1,-1
843,2,0,0.913009,103,83,1782,400,-1,-1,-1,-1
844,2,0,0.912727,107,82,1776,401,-1,-1,-1,-1
845,2,0,0.912573,106,84,1777,399,-1,-1,-1,-1
846,2,0,0.914787,107,83,1775,400,-1,-1,-1,-1
847,2,0,0.918786,105,82,1777,402,-1,-1,-1,-1
848,2,0,0.918773,106,82,1776,401,-1,-1,-1,-1
849,2,0,0.918135,104,81,1778,402,-1,-1,-1,-1
850,2,0,0.917093,105,80,1776,403,-1,-1,-1,-1
851,2,0,0.922623,103,79,1779,405,-1,-1,-1,-1
852,2,0,0.925016,103,79,1778,406,-1,-1,-1,-1
853,2,0,0.925687,98,79,1787,405,-1,-1,-1,-1
854,2,0,0.92455,98,79,1788,405,-1,-1,-1,-1
855,2,0,0.921519,100,78,1785,406,-1,-1,-1,-1
856,2,0,0.925611,98,78,1787,407,-1,-1,-1,-1
857,2,0,0.923353,98,80,1788,405,-1,-1,-1,-1
858,2,0,0.927299,93,80,1795,406,-1,-1,-1,-1
859,2,0,0.926219,92,80,1797,407,-1,-1,-1,-1
860,2,0,0.92216,93,80,1797,407,-1,-1,-1,-1
861,2,0,0.928401,91,80,1800,406,-1,-1,-1,-1
862,2,0,0.932365,90,79,1799,407,-1,-1,-1,-1
863,2,0,0.927631,95,79,1793,408,-1,-1,-1,-1
864,2,0,0.922012,97,78,1791,408,-1,-1,-1,-1
865,2,0,0.924267,94,78,1795,408,-1,-1,-1,-1
866,2,0,0.926605,92,78,1798,409,-1,-1,-1,-1
867,2,0,0.922102,94,76,1794,411,-1,-1,-1,-1
868,2,0,0.923774,97,77,1791,409,-1,-1,-1,-1
869,2,0,0.925931,92,78,1797,409,-1,-1,-1,-1
870,2,0,0.921905,93,78,1797,410,-1,-1,-1,-1
871,2,0,0.917376,96,75,1793,412,-1,-1,-1,-1
872,2,0,0.92188,93,75,1797,411,-1,-1,-1,-1
873,2,0,0.930427,89,76,1801,409,-1,-1,-1,-1
874,2,0,0.92399,95,76,1792,410,-1,-1,-1,-1
875,2,0,0.921633,96,77,1792,409,-1,-1,-1,-1
876,2,0,0.919686,97,77,1789,410,-1,-1,-1,-1
877,2,0,0.923799,91,77,1799,410,-1,-1,-1,-1
878,2,0,0.925571,90,76,1798,411,-1,-1,-1,-1
879,2,0,0.926103,90,76,1798,412,-1,-1,-1,-1
880,2,0,0.928063,92,77,1796,411,-1,-1,-1,-1
881,2,0,0.929349,87,78,1804,411,-1,-1,-1,-1
882,2,0,0.927571,87,77,1804,411,-1,-1,-1,-1
883,2,0,0.924133,90,76,1799,412,-1,-1,-1,-1
884,2,0,0.922737,90,75,1799,412,-1,-1,-1,-1
885,2,0,0.923508,89,76,1802,410,-1,-1,-1,-1
886,2,0,0.925873,91,76,1798,411,-1,-1,-1,-1
887,2,0,0.927547,90,77,1800,411,-1,-1,-1,-1
888,2,0,0.923837,92,75,1796,413,-1,-1,-1,-1
889,2,0,0.926622,89,75,1802,412,-1,-1,-1,-1
890,2,0,0.92531,90,76,1800,411,-1,-1,-1,-1
891,2,0,0.926585,88,75,1803,412,-1,-1,-1,-1
892,2,0,0.92848,87,74,1804,413,-1,-1,-1,-1
893,2,0,0.927995,88,76,1803,412,-1,-1,-1,-1
894,2,0,0.924347,87,77,1805,412,-1,-1,-1,-1
895,2,0,0.927325,85,76,1808,412,-1,-1,-1,-1
896,2,0,0.931065,82,75,1812,413,-1,-1,-1,-1
897,2,0,0.929245,85,76,1807,411,-1,-1,-1,-1
898,2,0,0.930088,84,77,1808,410,-1,-1,-1,-1
899,2,0,0.931132,84,77,1807,410,-1,-1,-1,-1
900,2,0,0.932034,85,77,1805,411,-1,-1,-1,-1
901,2,0,0.934076,84,76,1807,412,-1,-1,-1,-1
902,2,0,0.935704,81,75,1812,414,-1,-1,-1,-1
903,2,0,0.937999,77,75,1817,414,-1,-1,-1,-1
904,2,0,0.936265,79,76,1814,414,-1,-1,-1,-1
905,2,0,0.932111,78,76,1816,413,-1,-1,-1,-1
906,2,0,0.933583,79,76,1815,414,-1,-1,-1,-1
907,2,0,0.934832,76,76,1820,414,-1,-1,-1,-1
908,2,0,0.936208,73,77,1822,414,-1,-1,-1,-1
909,2,0,0.934315,74,77,1821,414,-1,-1,-1,-1
910,2,0,0.934475,73,76,1822,415,-1,-1,-1,-1
911,2,0,0.933933,74,75,1821,416,-1,-1,-1,-1
912,2,0,0.933173,76,74,1819,416,-1,-1,-1,-1
913,2,0,0.933923,78,74,1816,415,-1,-1,-1,-1
914,2,0,0.934125,78,74,1816,415,-1,-1,-1,-1
915,2,0,0.933369,79,75,1815,414,-1,-1,-1,-1
916,2,0,0.932354,78,74,1816,415,-1,-1,-1,-1
917,2,0,0.931569,76,75,1818,414,-1,-1,-1,-1
918,2,0,0.931802,77,74,1817,415,-1,-1,-1,-1
919,2,0,0.931238,75,74,1821,415,-1,-1,-1,-1
920,2,0,0.932847,75,74,1820,415,-1,-1,-1,-1
921,2,0,0.930675,76,73,1818,415,-1,-1,-1,-1
922,2,0,0.932012,75,73,1820,415,-1,-1,-1,-1
923,2,0,0.932702,76,73,1818,416,-1,-1,-1,-1
924,2,0,0.93219,75,73,1819,417,-1,-1,-1,-1
925,2,0,0.931865,74,73,1821,416,-1,-1,-1,-1
926,2,0,0.933682,73,73,1822,416,-1,-1,-1,-1
927,2,0,0.933815,74,74,1820,416,-1,-1,-1,-1
928,2,0,0.933,76,74,1818,415,-1,-1,-1,-1
929,2,0,0.932944,76,74,1818,416,-1,-1,-1,-1
930,2,0,0.933131,76,74,1819,415,-1,-1,-1,-1
931,2,0,0.9337,77,75,1817,415,-1,-1,-1,-1
932,2,0,0.934001,75,75,1819,414,-1,-1,-1,-1
933,2,0,0.933836,75,75,1820,415,-1,-1,-1,-1
934,2,0,0.933261,74,75,1821,415,-1,-1,-1,-1
935,2,0,0.934111,72,74,1824,416,-1,-1,-1,-1
936,2,0,0.933287,73,75,1822,415,-1,-1,-1,-1
937,2,0,0.931987,73,75,1822,415,-1,-1,-1,-1
938,2,0,0.932024,73,75,1823,414,-1,-1,-1,-1
939,2,0,0.931276,74,75,1821,415,-1,-1,-1,-1
940,2,0,0.931714,74,75,1821,415,-1,-1,-1,-1
941,2,0,0.931115,74,75,1822,414,-1,-1,-1,-1
942,2,0,0.929445,76,74,1819,414,-1,-1,-1,-1
943,2,0,0.929006,78,74,1816,414,-1,-1,-1,-1
944,2,0,0.930893,77,75,1818,413,-1,-1,-1,-1
945,2,0,0.929397,79,76,1814,413,-1,-1,-1,-1
946,2,0,0.930378,78,76,1816,413,-1,-1,-1,-1
947,2,0,0.93077,78,75,1815,414,-1,-1,-1,-1
948,2,0,0.931197,78,75,1816,414,-1,-1,-1,-1
949,2,0,0.930341,80,74,1813,415,-1,-1,-1,-1
950,2,0,0.928855,79,73,1815,415,-1,-1,-1,-1
951,2,0,0.92908,80,73,1814,415,-1,-1,-1,-1
952,2,0,0.928976,80,73,1813,415,-1,-1,-1,-1
953,2,0,0.929164,81,73,1811,416,-1,-1,-1,-1
954,2,0,0.929163,79,72,1815,416,-1,-1,-1,-1
955,2,0,0.929747,78,72,1816,416,-1,-1,-1,-1
956,2,0,0.929199,79,72,1815,416,-1,-1,-1,-1
957,2,0,0.929291,79,72,1815,416,-1,-1,-1,-1
958,2,0,0.929865,78,72,1816,416,-1,-1,-1,-1
959,2,0,0.929302,78,72,1816,417,-1,-1,-1,-1
960,2,0,0.929105,78,72,1816,416,-1,-1,-1,-1
961,2,0,0.929691,79,72,1814,416,-1,-1,-1,-1
962,2,0,0.928855,79,72,1814,416,-1,-1,-1,-1
963,2,0,0.929963,78,72,1816,415,-1,-1,-1,-1
964,2,0,0.9287,79,72,1814,416,-1,-1,-1,-1
965,2,0,0.928828,78,73,1816,415,-1,-1,-1,-1
966,2,0,0.928542,79,73,1814,416,-1,-1,-1,-1
967,2,0,0.927969,79,72,1814,417,-1,-1,-1,-1
968,2,0,0.929046,78,72,1816,418,-1,-1,-1,-1
969,2,0,0.928129,78,73,1816,416,-1,-1,-1,-1
970,2,0,0.928852,78,74,1816,415,-1,-1,-1,-1
971,2,0,0.930161,76,72,1818,417,-1,-1,-1,-1
972,2,0,0.930667,74,71,1821,417,-1,-1,-1,-1
973,2,0,0.930177,74,71,1821,417,-1,-1,-1,-1
974,2,0,0.93002,75,71,1820,417,-1,-1,-1,-1
975,2,0,0.930414,74,71,1821,417,-1,-1,-1,-1
976,2,0,0.930983,74,72,1821,416,-1,-1,-1,-1
977,2,0,0.930661,75,72,1820,416,-1,-1,-1,-1
978,2,0,0.931033,75,73,1820,415,-1,-1,-1,-1
979,2,0,0.931333,76,73,1818,414,-1,-1,-1,-1
980,2,0,0.930544,78,73,1815,414,-1,-1,-1,-1
981,2,0,0.929756,78,72,1815,416,-1,-1,-1,-1
982,2,0,0.930182,77,71,1817,416,-1,-1,-1,-1
983,2,0,0.929892,77,71,1817,416,-1,-1,-1,-1
984,2,0,0.930144,77,71,1816,417,-1,-1,-1,-1
985,2,0,0.930368,77,71,1817,418,-1,-1,-1,-1
986,2,0,0.929947,77,71,1817,418,-1,-1,-1,-1
987,2,0,0.930147,77,72,1817,416,-1,-1,-1,-1
988,2,0,0.930706,78,71,1815,417,-1,-1,-1,-1
989,2,0,0.931014,77,72,1817,417,-1,-1,-1,-1
990,2,0,0.931214,77,71,1817,418,-1,-1,-1,-1
991,2,0,0.93092,77,71,1817,418,-1,-1,-1,-1
992,2,0,0.929402,79,71,1815,418,-1,-1,-1,-1
993,2,0,0.929734,79,71,1815,418,-1,-1,-1,-1
994,2,0,0.92903,79,71,1815,417,-1,-1,-1,-1
995,2,0,0.929904,78,71,1816,418,-1,-1,-1,-1
996,2,0,0.929785,78,72,1816,416,-1,-1,-1,-1
997,2,0,0.929842,78,73,1816,416,-1,-1,-1,-1
998,2,0,0.92962,78,73,1816,416,-1,-1,-1,-1
999,2,0,0.929218,77,72,1817,417,-1,-1,-1,-1
1000,2,0,0.928526,76,73,1819,416,-1,-1,-1,-1
1001,2,0,0.929552,77,73,1817,416,-1,-1,-1,-1
1002,2,0,0.929003,78,72,1815,417,-1,-1,-1,-1
1003,2,0,0.929423,77,73,1817,416,-1,-1,-1,-1
1004,2,0,0.929371,77,73,1817,416,-1,-1,-1,-1
1005,2,0,0.929005,78,72,1816,417,-1,-1,-1,-1
1006,2,0,0.92885,78,72,1816,418,-1,-1,-1,-1
1007,2,0,0.928806,78,73,1816,416,-1,-1,-1,-1
1008,2,0,0.929332,78,72,1816,417,-1,-1,-1,-1
1009,2,0,0.928621,77,73,1818,417,-1,-1,-1,-1
1010,2,0,0.928737,77,73,1817,416,-1,-1,-1,-1
1011,2,0,0.928722,77,73,1817,416,-1,-1,-1,-1
1012,2,0,0.928308,78,72,1816,417,-1,-1,-1,-1
1013,2,0,0.927613,77,72,1818,418,-1,-1,-1,-1
1014,2,0,0.927013,79,72,1815,418,-1,-1,-1,-1
1015,2,0,0.927418,77,72,1818,417,-1,-1,-1,-1
1016,2,0,0.927634,77,71,1818,417,-1,-1,-1,-1
1017,2,0,0.926455,77,71,1818,417,-1,-1,-1,-1
1018,2,0,0.926345,78,71,1816,417,-1,-1,-1,-1
1019,2,0,0.92605,79,71,1815,418,-1,-1,-1,-1
1020,2,0,0.927014,76,71,1820,419,-1,-1,-1,-1
1021,2,0,0.930475,74,72,1821,417,-1,-1,-1,-1
1022,2,0,0.931016,75,72,1821,418,-1,-1,-1,-1
1023,2,0,0.930851,75,73,1820,417,-1,-1,-1,-1
1024,2,0,0.93099,75,73,1820,417,-1,-1,-1,-1
1025,2,0,0.929499,76,73,1819,417,-1,-1,-1,-1
1026,2,0,0.930811,77,73,1817,416,-1,-1,-1,-1
1027,2,0,0.93116,78,74,1815,415,-1,-1,-1,-1
1028,2,0,0.931075,78,74,1815,414,-1,-1,-1,-1
1029,2,0,0.930774,79,74,1814,414,-1,-1,-1,-1
1030,2,0,0.931252,79,74,1814,415,-1,-1,-1,-1
1031,2,0,0.932017,79,74,1814,414,-1,-1,-1,-1
1032,2,0,0.931938,78,74,1815,415,-1,-1,-1,-1
1033,2,0,0.93176,78,74,1815,414,-1,-1,-1,-1
1034,2,0,0.931735,79,73,1814,416,-1,-1,-1,-1
1035,2,0,0.931563,79,72,1814,416,-1,-1,-1,-1
1036,2,0,0.931943,78,72,1816,416,-1,-1,-1,-1
1037,2,0,0.932326,78,72,1816,416,-1,-1,-1,-1
1038,2,0,0.932332,77,73,1818,415,-1,-1,-1,-1
1039,2,0,0.932299,77,72,1817,416,-1,-1,-1,-1
1040,2,0,0.932073,77,73,1818,415,-1,-1,-1,-1
1041,2,0,0.931036,79,72,1814,415,-1,-1,-1,-1
1042,2,0,0.92999,79,72,1814,416,-1,-1,-1,-1
1043,2,0,0.930399,77,71,1817,416,-1,-1,-1,-1
1044,2,0,0.930164,78,71,1816,416,-1,-1,-1,-1
1045,2,0,0.929828,78,71,1816,416,-1,-1,-1,-1
1046,2,0,0.92959,78,71,1816,416,-1,-1,-1,-1
1047,2,0,0.930064,78,71,1816,416,-1,-1,-1,-1
1048,2,0,0.93065,77,71,1818,416,-1,-1,-1,-1
1049,2,0,0.930509,78,71,1816,416,-1,-1,-1,-1
1050,2,0,0.930856,78,71,1816,416,-1,-1,-1,-1
1051,2,0,0.931693,76,72,1819,416,-1,-1,-1,-1
1052,2,0,0.93188,76,73,1818,416,-1,-1,-1,-1
1053,2,0,0.930447,76,73,1818,416,-1,-1,-1,-1
1054,2,0,0.931048,76,73,1818,416,-1,-1,-1,-1
1055,2,0,0.92984,77,72,1817,417,-1,-1,-1,-1
1056,2,0,0.930024,77,72,1817,416,-1,-1,-1,-1
1057,2,0,0.929858,77,73,1817,416,-1,-1,-1,-1
1058,2,0,0.929338,78,73,1815,416,-1,-1,-1,-1
1059,2,0,0.929223,77,73,1817,416,-1,-1,-1,-1
1060,2,0,0.927935,79,73,1814,416,-1,-1,-1,-1
1061,2,0,0.927308,80,73,1813,416,-1,-1,-1,-1
1062,2,0,0.927453,78,72,1816,417,-1,-1,-1,-1
1063,2,0,0.925773,79,73,1814,416,-1,-1,-1,-1
1064,2,0,0.925803,80,73,1813,416,-1,-1,-1,-1
1065,2,0,0.925821,79,73,1815,415,-1,-1,-1,-1
1066,2,0,0.925452,80,73,1813,416,-1,-1,-1,-1
1067,2,0,0.92568,78,72,1817,417,-1,-1,-1,-1
1068,2,0,0.925844,78,72,1816,417,-1,-1,-1,-1
1069,2,0,0.925054,80,73,1814,415,-1,-1,-1,-1
1070,2,0,0.92596,80,73,1813,416,-1,-1,-1,-1
1071,2,0,0.928778,78,72,1817,417,-1,-1,-1,-1
1072,2,0,0.928792,76,71,1820,419,-1,-1,-1,-1
1073,2,0,0.928731,76,71,1820,419,-1,-1,-1,-1
1074,2,0,0.928793,77,71,1819,419,-1,-1,-1,-1
1075,2,0,0.928106,78,72,1817,417,-1,-1,-1,-1
1076,2,0,0.929792,77,71,1818,417,-1,-1,-1,-1
