3,1,1,0.823391,479,371,157,107,-1,-1,-1,-1
3,2,1,0.768138,808,345,152,109,-1,-1,-1,-1
3,3,0,0.554823,745,68,860,419,-1,-1,-1,-1
4,1,1,0.819046,480,371,156,106,-1,-1,-1,-1
4,2,1,0.76226,807,345,153,110,-1,-1,-1,-1
4,3,0,0.548804,752,69,852,418,-1,-1,-1,-1
5,1,1,0.816277,479,370,156,107,-1,-1,-1,-1
5,2,1,0.759414,805,344,155,112,-1,-1,-1,-1
5,3,0,0.542152,757,69,846,418,-1,-1,-1,-1
6,1,1,0.818527,480,371,155,106,-1,-1,-1,-1
6,2,1,0.756823,805,344,156,112,-1,-1,-1,-1
6,3,0,0.542634,755,68,848,420,-1,-1,-1,-1
7,1,1,0.826781,480,371,155,106,-1,-1,-1,-1
7,2,1,0.758265,805,345,156,112,-1,-1,-1,-1
7,3,0,0.539076,748,68,856,420,-1,-1,-1,-1
8,1,1,0.825692,480,371,156,107,-1,-1,-1,-1
8,2,1,0.754649,805,345,156,111,-1,-1,-1,-1
8,3,0,0.549536,746,68,858,420,-1,-1,-1,-1
9,1,1,0.830678,480,371,156,106,-1,-1,-1,-1
9,2,1,0.753679,804,345,157,111,-1,-1,-1,-1
9,3,0,0.558822,742,67,861,421,-1,-1,-1,-1
10,1,1,0.832956,481,371,155,106,-1,-1,-1,-1
10,2,1,0.759996,805,345,156,110,-1,-1,-1,-1
10,3,0,0.564434,742,68,861,419,-1,-1,-1,-1
11,1,1,0.831564,481,370,156,107,-1,-1,-1,-1
11,2,1,0.749232,804,344,158,112,-1,-1,-1,-1
11,3,0,0.557985,743,67,859,419,-1,-1,-1,-1
12,1,1,0.830274,480,371,157,107,-1,-1,-1,-1
12,2,1,0.760543,804,344,157,112,-1,-1,-1,-1
12,3,0,0.565134,747,68,856,419,-1,-1,-1,-1
13,1,1,0.831064,480,371,156,107,-1,-1,-1,-1
13,2,1,0.763793,804,344,157,112,-1,-1,-1,-1
13,3,0,0.556034,750,68,854,418,-1,-1,-1,-1
14,1,1,0.831495,480,370,157,108,-1,-1,-1,-1
14,2,1,0.763502,805,344,156,112,-1,-1,-1,-1
14,3,0,0.552904,747,68,858,419,-1,-1,-1,-1
15,1,1,0.829333,481,370,155,107,-1,-1,-1,-1
15,2,1,0.76821,805,344,157,112,-1,-1,-1,-1
15,3,0,0.548417,749,67,855,419,-1,-1,-1,-1
16,1,1,0.830039,480,369,157,109,-1,-1,-1,-1
16,2,1,0.767878,807,344,155,112,-1,-1,-1,-1
16,3,0,0.546746,745,68,860,418,-1,-1,-1,-1
17,1,1,0.831626,480,369,157,109,-1,-1,-1,-1
17,2,1,0.763068,806,344,157,113,-1,-1,-1,-1
17,3,0,0.546591,740,69,866,418,-1,-1,-1,-1
18,1,1,0.82072,479,371,155,105,-1,-1,-1,-1
18,2,1,0.776808,810,341,155,115,-1,-1,-1,-1
18,3,0,0.621573,724,68,883,420,-1,-1,-1,-1
19,1,1,0.818468,480,370,155,107,-1,-1,-1,-1
19,2,1,0.770738,810,342,155,114,-1,-1,-1,-1
19,3,0,0.610388,724,68,882,420,-1,-1,-1,-1
20,1,1,0.819865,480,370,156,108,-1,-1,-1,-1
20,2,1,0.767046,810,342,155,114,-1,-1,-1,-1
20,3,0,0.608957,732,69,873,420,-1,-1,-1,-1
21,1,1,0.822911,480,370,156,108,-1,-1,-1,-1
21,2,1,0.771525,811,342,153,114,-1,-1,-1,-1
21,3,0,0.611688,732,69,875,419,-1,-1,-1,-1
22,1,1,0.823829,481,371,154,107,-1,-1,-1,-1
22,2,1,0.772754,811,342,154,114,-1,-1,-1,-1
22,3,0,0.611775,732,68,873,420,-1,-1,-1,-1
23,1,1,0.825934,480,370,156,108,-1,-1,-1,-1
23,2,1,0.776462,811,341,154,115,-1,-1,-1,-1
23,3,0,0.609302,734,69,872,419,-1,-1,-1,-1
24,1,1,0.822254,480,370,156,108,-1,-1,-1,-1
24,2,1,0.775894,811,342,154,114,-1,-1,-1,-1
24,3,0,0.600156,738,68,866,420,-1,-1,-1,-1
25,1,1,0.820696,478,371,156,106,-1,-1,-1,-1
25,2,1,0.763951,811,342,155,114,-1,-1,-1,-1
25,3,0,0.596634,739,69,865,419,-1,-1,-1,-1
26,1,1,0.81493,478,372,154,105,-1,-1,-1,-1
26,2,1,0.766973,809,342,155,114,-1,-1,-1,-1
26,3,0,0.598073,745,69,859,419,-1,-1,-1,-1
27,1,1,0.813596,478,373,153,103,-1,-1,-1,-1
27,2,1,0.762716,810,343,153,113,-1,-1,-1,-1
27,3,0,0.585896,747,70,857,418,-1,-1,-1,-1
28,1,1,0.815017,479,373,153,103,-1,-1,-1,-1
28,2,1,0.759454,810,344,153,112,-1,-1,-1,-1
28,3,0,0.575571,751,69,852,420,-1,-1,-1,-1
29,1,1,0.815442,479,372,153,104,-1,-1,-1,-1
29,2,1,0.760013,810,344,152,111,-1,-1,-1,-1
29,3,0,0.57501,753,69,851,420,-1,-1,-1,-1
30,1,1,0.813873,480,370,155,107,-1,-1,-1,-1
30,2,1,0.755834,809,343,154,112,-1,-1,-1,-1
30,3,0,0.578859,748,68,856,420,-1,-1,-1,-1
31,1,1,0.819201,479,369,157,109,-1,-1,-1,-1
31,2,1,0.75781,810,343,152,112,-1,-1,-1,-1
31,3,0,0.575178,747,68,857,420,-1,-1,-1,-1
32,1,1,0.822392,479,369,157,109,-1,-1,-1,-1
32,2,1,0.762156,808,343,155,113,-1,-1,-1,-1
32,3,0,0.585026,740,68,864,421,-1,-1,-1,-1
33,1,1,0.821146,479,370,157,108,-1,-1,-1,-1
33,2,1,0.762977,808,343,155,113,-1,-1,-1,-1
33,3,0,0.585445,738,68,867,420,-1,-1,-1,-1
34,1,1,0.819806,480,370,156,108,-1,-1,-1,-1
34,2,1,0.761303,808,344,154,111,-1,-1,-1,-1
34,3,0,0.577184,737,68,869,421,-1,-1,-1,-1
35,1,1,0.820796,479,371,155,106,-1,-1,-1,-1
35,2,1,0.767407,807,343,156,113,-1,-1,-1,-1
35,3,0,0.576874,738,68,867,420,-1,-1,-1,-1
36,1,1,0.818198,479,372,154,104,-1,-1,-1,-1
36,2,1,0.770656,806,343,158,113,-1,-1,-1,-1
36,3,0,0.577278,739,69,866,420,-1,-1,-1,-1
37,1,1,0.816657,479,372,154,104,-1,-1,-1,-1
37,2,1,0.769345,807,343,156,112,-1,-1,-1,-1
37,3,0,0.569853,738,68,868,421,-1,-1,-1,-1
38,1,1,0.810406,479,372,153,104,-1,-1,-1,-1
38,2,1,0.762982,807,343,157,113,-1,-1,-1,-1
38,3,0,0.567054,738,68,867,421,-1,-1,-1,-1
39,1,1,0.811338,479,372,153,104,-1,-1,-1,-1
39,2,1,0.768959,806,342,159,115,-1,-1,-1,-1
39,3,0,0.56338,743,68,863,421,-1,-1,-1,-1
40,1,1,0.812063,479,372,153,104,-1,-1,-1,-1
40,2,1,0.773435,806,342,160,115,-1,-1,-1,-1
40,3,0,0.570677,741,69,865,420,-1,-1,-1,-1
41,1,1,0.807349,481,371,154,106,-1,-1,-1,-1
41,2,1,0.772136,804,342,161,115,-1,-1,-1,-1
41,3,0,0.579858,735,69,870,420,-1,-1,-1,-1
42,1,1,0.807831,480,370,156,108,-1,-1,-1,-1
42,2,1,0.76789,803,342,162,115,-1,-1,-1,-1
42,3,0,0.576643,734,69,871,420,-1,-1,-1,-1
43,1,1,0.819498,480,370,155,107,-1,-1,-1,-1
43,2,1,0.775275,800,342,166,115,-1,-1,-1,-1
43,3,0,0.569501,730,68,875,420,-1,-1,-1,-1
44,1,1,0.816196,479,369,156,108,-1,-1,-1,-1
44,2,1,0.772451,799,342,167,114,-1,-1,-1,-1
44,3,0,0.558692,732,68,871,420,-1,-1,-1,-1
45,1,1,0.819036,479,369,156,108,-1,-1,-1,-1
45,2,1,0.778111,799,342,167,113,-1,-1,-1,-1
45,3,0,0.555602,733,67,870,420,-1,-1,-1,-1
46,1,1,0.823054,480,369,156,108,-1,-1,-1,-1
46,2,1,0.774153,799,343,167,113,-1,-1,-1,-1
46,3,0,0.554307,733,67,871,420,-1,-1,-1,-1
47,1,1,0.82444,481,370,154,107,-1,-1,-1,-1
47,2,1,0.768278,798,344,167,112,-1,-1,-1,-1
47,3,0,0.560014,732,67,870,421,-1,-1,-1,-1
48,1,1,0.826957,480,369,156,109,-1,-1,-1,-1
48,2,1,0.764821,796,343,170,113,-1,-1,-1,-1
48,3,0,0.55883,730,66,873,421,-1,-1,-1,-1
49,1,1,0.826105,480,369,156,109,-1,-1,-1,-1
49,2,1,0.759925,793,343,174,114,-1,-1,-1,-1
49,3,0,0.556114,728,66,877,421,-1,-1,-1,-1
50,1,1,0.821563,480,369,156,109,-1,-1,-1,-1
50,2,1,0.741961,792,343,175,115,-1,-1,-1,-1
50,3,0,0.547091,730,67,876,420,-1,-1,-1,-1
51,1,1,0.820811,481,369,154,108,-1,-1,-1,-1
51,2,1,0.751045,793,343,174,115,-1,-1,-1,-1
51,3,0,0.54032,724,67,881,421,-1,-1,-1,-1
52,1,1,0.821251,480,368,156,110,-1,-1,-1,-1
52,2,1,0.750721,795,343,171,114,-1,-1,-1,-1
52,3,0,0.536318,723,68,885,421,-1,-1,-1,-1
53,1,1,0.826612,480,368,156,110,-1,-1,-1,-1
53,2,1,0.747808,797,343,169,113,-1,-1,-1,-1
53,3,0,0.532231,729,68,880,421,-1,-1,-1,-1
54,1,1,0.826765,480,369,156,109,-1,-1,-1,-1
54,2,1,0.750793,792,344,174,113,-1,-1,-1,-1
54,3,0,0.527147,734,67,872,422,-1,-1,-1,-1
55,1,1,0.82617,481,369,155,108,-1,-1,-1,-1
55,2,1,0.753491,793,344,172,113,-1,-1,-1,-1
55,3,0,0.522614,734,68,875,421,-1,-1,-1,-1
56,1,1,0.82741,480,368,156,110,-1,-1,-1,-1
56,2,1,0.752272,792,345,173,111,-1,-1,-1,-1
56,3,0,0.522797,738,67,869,421,-1,-1,-1,-1
57,1,1,0.828428,480,369,157,109,-1,-1,-1,-1
57,2,1,0.753672,792,345,173,112,-1,-1,-1,-1
57,3,0,0.523128,735,67,874,421,-1,-1,-1,-1
58,1,1,0.828258,480,369,156,109,-1,-1,-1,-1
58,2,1,0.767475,792,344,173,113,-1,-1,-1,-1
58,3,0,0.535664,730,68,881,421,-1,-1,-1,-1
59,1,1,0.824274,480,370,156,108,-1,-1,-1,-1
59,2,1,0.759148,791,345,174,111,-1,-1,-1,-1
59,3,0,0.545468,728,68,884,421,-1,-1,-1,-1
60,1,1,0.82162,480,369,156,108,-1,-1,-1,-1
60,2,1,0.758549,787,344,179,113,-1,-1,-1,-1
60,3,0,0.528459,730,67,880,422,-1,-1,-1,-1
61,1,1,0.82291,480,370,156,108,-1,-1,-1,-1
61,2,1,0.755354,789,344,177,114,-1,-1,-1,-1
61,3,0,0.538266,731,67,878,422,-1,-1,-1,-1
62,1,1,0.825627,480,370,156,108,-1,-1,-1,-1
62,2,1,0.75284,790,344,176,113,-1,-1,-1,-1
62,3,0,0.524608,732,67,877,422,-1,-1,-1,-1
63,1,1,0.819743,479,370,157,108,-1,-1,-1,-1
63,2,1,0.744425,794,345,170,111,-1,-1,-1,-1
63,3,0,0.518308,733,66,873,423,-1,-1,-1,-1
64,1,1,0.822199,480,370,156,107,-1,-1,-1,-1
64,2,1,0.751995,795,345,169,111,-1,-1,-1,-1
64,3,0,0.517704,735,66,873,422,-1,-1,-1,-1
65,1,1,0.821953,480,370,156,107,-1,-1,-1,-1
65,2,1,0.747174,795,345,169,111,-1,-1,-1,-1
65,3,0,0.502902,751,66,857,423,-1,-1,-1,-1
66,1,1,0.816142,479,369,157,108,-1,-1,-1,-1
66,2,1,0.748445,796,344,169,112,-1,-1,-1,-1
66,3,0,0.501665,751,66,857,423,-1,-1,-1,-1
67,1,1,0.817798,479,369,157,109,-1,-1,-1,-1
67,2,1,0.741374,797,345,167,111,-1,-1,-1,-1
67,3,0,0.48584,753,66,855,423,-1,-1,-1,-1
68,1,1,0.82795,480,370,157,108,-1,-1,-1,-1
68,2,1,0.73975,800,345,164,110,-1,-1,-1,-1
68,3,0,0.536606,731,67,871,422,-1,-1,-1,-1
69,1,1,0.827199,481,371,155,106,-1,-1,-1,-1
69,2,1,0.740338,801,344,164,111,-1,-1,-1,-1
69,3,0,0.541329,730,67,874,422,-1,-1,-1,-1
70,1,1,0.82556,481,371,154,106,-1,-1,-1,-1
70,2,1,0.747042,800,345,164,110,-1,-1,-1,-1
70,3,0,0.547513,730,67,874,421,-1,-1,-1,-1
71,1,1,0.822708,481,371,154,106,-1,-1,-1,-1
71,2,1,0.734134,800,345,164,110,-1,-1,-1,-1
71,3,0,0.551001,731,67,871,421,-1,-1,-1,-1
72,1,1,0.830423,481,371,155,106,-1,-1,-1,-1
72,2,1,0.740017,798,345,167,110,-1,-1,-1,-1
72,3,0,0.558645,734,67,869,421,-1,-1,-1,-1
73,1,1,0.830073,481,370,155,107,-1,-1,-1,-1
73,2,1,0.743246,799,344,166,111,-1,-1,-1,-1
73,3,0,0.559168,738,67,863,422,-1,-1,-1,-1
74,1,1,0.833174,480,369,157,109,-1,-1,-1,-1
74,2,1,0.745749,796,344,170,112,-1,-1,-1,-1
74,3,0,0.561451,737,67,865,421,-1,-1,-1,-1
75,1,1,0.83447,480,369,157,109,-1,-1,-1,-1
75,2,1,0.738917,795,343,172,114,-1,-1,-1,-1
75,3,0,0.555999,735,68,868,420,-1,-1,-1,-1
76,1,1,0.830725,480,369,157,109,-1,-1,-1,-1
76,2,1,0.736487,793,344,173,113,-1,-1,-1,-1
76,3,0,0.55282,737,68,865,421,-1,-1,-1,-1
77,1,1,0.82727,480,369,157,109,-1,-1,-1,-1
77,2,1,0.73511,792,343,175,115,-1,-1,-1,-1
77,3,0,0.535651,734,68,870,421,-1,-1,-1,-1
78,1,1,0.825804,480,369,157,109,-1,-1,-1,-1
78,2,1,0.73923,790,343,177,114,-1,-1,-1,-1
78,3,0,0.542001,733,68,871,421,-1,-1,-1,-1
79,1,1,0.820047,480,370,156,107,-1,-1,-1,-1
79,2,1,0.735234,787,343,181,116,-1,-1,-1,-1
79,3,0,0.547577,732,68,873,420,-1,-1,-1,-1
80,1,1,0.817347,481,370,154,106,-1,-1,-1,-1
80,2,1,0.727969,786,343,182,116,-1,-1,-1,-1
80,3,0,0.551413,732,68,873,421,-1,-1,-1,-1
81,1,1,0.82347,481,370,154,106,-1,-1,-1,-1
81,2,1,0.725784,786,343,181,115,-1,-1,-1,-1
81,3,0,0.532324,740,68,865,421,-1,-1,-1,-1
82,1,1,0.824122,481,370,154,106,-1,-1,-1,-1
82,2,1,0.71917,784,343,183,116,-1,-1,-1,-1
82,3,0,0.534683,742,68,863,421,-1,-1,-1,-1
83,1,1,0.825106,481,370,154,106,-1,-1,-1,-1
83,2,1,0.700485,783,342,185,117,-1,-1,-1,-1
83,3,0,0.538496,740,68,865,421,-1,-1,-1,-1
84,1,1,0.821443,481,370,154,106,-1,-1,-1,-1
84,2,1,0.713394,783,342,185,117,-1,-1,-1,-1
84,3,0,0.527288,740,68,865,421,-1,-1,-1,-1
85,1,1,0.821229,481,370,154,106,-1,-1,-1,-1
85,2,1,0.711293,784,343,184,116,-1,-1,-1,-1
85,3,0,0.533916,736,68,871,420,-1,-1,-1,-1
86,1,1,0.823082,481,370,155,106,-1,-1,-1,-1
86,2,1,0.708675,783,342,186,117,-1,-1,-1,-1
86,3,0,0.534311,736,68,869,420,-1,-1,-1,-1
87,1,1,0.823021,481,369,155,107,-1,-1,-1,-1
87,2,1,0.706257,783,341,186,119,-1,-1,-1,-1
87,3,0,0.535722,732,69,874,420,-1,-1,-1,-1
88,1,1,0.822394,480,369,157,108,-1,-1,-1,-1
88,2,1,0.705051,783,341,186,119,-1,-1,-1,-1
88,3,0,0.529867,731,69,874,420,-1,-1,-1,-1
89,1,1,0.823861,481,369,155,108,-1,-1,-1,-1
89,2,1,0.692978,783,342,186,118,-1,-1,-1,-1
89,3,0,0.541165,729,68,875,421,-1,-1,-1,-1
90,1,1,0.826758,480,369,157,109,-1,-1,-1,-1
90,2,1,0.685029,782,341,188,120,-1,-1,-1,-1
90,3,0,0.559972,727,68,877,420,-1,-1,-1,-1
91,1,1,0.822955,480,369,156,108,-1,-1,-1,-1
91,2,1,0.698732,782,341,187,119,-1,-1,-1,-1
91,3,0,0.54816,726,69,878,420,-1,-1,-1,-1
92,1,1,0.826163,481,369,155,108,-1,-1,-1,-1
92,2,1,0.698081,782,342,187,119,-1,-1,-1,-1
92,3,0,0.559714,725,69,879,420,-1,-1,-1,-1
93,1,1,0.816351,480,370,155,108,-1,-1,-1,-1
93,2,1,0.734605,787,342,182,119,-1,-1,-1,-1
93,3,0,0.60251,720,67,883,422,-1,-1,-1,-1
94,1,1,0.815443,481,371,153,107,-1,-1,-1,-1
94,2,1,0.726398,787,342,182,119,-1,-1,-1,-1
94,3,0,0.597891,718,67,885,422,-1,-1,-1,-1
95,1,1,0.816504,481,371,153,106,-1,-1,-1,-1
95,2,1,0.74579,787,343,181,118,-1,-1,-1,-1
95,3,0,0.602746,718,66,886,423,-1,-1,-1,-1
96,1,1,0.814692,481,371,153,106,-1,-1,-1,-1
96,2,1,0.747963,786,342,183,119,-1,-1,-1,-1
96,3,0,0.601324,721,67,883,421,-1,-1,-1,-1
97,1,1,0.809757,481,370,153,107,-1,-1,-1,-1
97,2,1,0.745921,787,342,182,119,-1,-1,-1,-1
97,3,0,0.581737,725,67,878,422,-1,-1,-1,-1
98,1,1,0.812625,480,370,155,108,-1,-1,-1,-1
98,2,1,0.74649,791,342,178,119,-1,-1,-1,-1
98,3,0,0.572957,727,66,876,423,-1,-1,-1,-1
99,1,1,0.809903,478,371,154,106,-1,-1,-1,-1
99,2,1,0.747108,795,343,173,116,-1,-1,-1,-1
99,3,0,0.583788,726,67,878,423,-1,-1,-1,-1
100,1,1,0.807549,479,372,152,104,-1,-1,-1,-1
100,2,1,0.747948,799,344,168,115,-1,-1,-1,-1
100,3,0,0.593577,721,67,883,423,-1,-1,-1,-1
101,1,1,0.813663,479,372,152,104,-1,-1,-1,-1
101,2,1,0.745612,801,345,164,113,-1,-1,-1,-1
101,3,0,0.570774,729,66,876,424,-1,-1,-1,-1
102,1,1,0.815413,479,372,152,104,-1,-1,-1,-1
102,2,1,0.734122,799,345,166,113,-1,-1,-1,-1
102,3,0,0.576663,726,67,880,422,-1,-1,-1,-1
103,1,1,0.813099,479,372,153,104,-1,-1,-1,-1
103,2,1,0.748177,799,345,167,114,-1,-1,-1,-1
103,3,0,0.583186,726,67,877,423,-1,-1,-1,-1
104,1,1,0.808843,479,372,153,104,-1,-1,-1,-1
104,2,1,0.750046,801,344,165,115,-1,-1,-1,-1
104,3,0,0.566076,727,67,877,423,-1,-1,-1,-1
105,1,1,0.810021,479,372,153,104,-1,-1,-1,-1
105,2,1,0.744957,804,345,161,113,-1,-1,-1,-1
105,3,0,0.572892,722,67,882,422,-1,-1,-1,-1
106,1,1,0.809523,479,372,153,104,-1,-1,-1,-1
106,2,1,0.74519,799,344,168,115,-1,-1,-1,-1
106,3,0,0.560413,726,67,879,422,-1,-1,-1,-1
107,1,1,0.810535,479,372,153,104,-1,-1,-1,-1
107,2,1,0.753023,797,344,169,115,-1,-1,-1,-1
107,3,0,0.547113,729,67,876,422,-1,-1,-1,-1
108,1,1,0.811689,479,372,153,104,-1,-1,-1,-1
108,2,1,0.751264,793,344,174,116,-1,-1,-1,-1
108,3,0,0.543831,732,68,874,421,-1,-1,-1,-1
109,1,1,0.812617,478,372,155,105,-1,-1,-1,-1
109,2,1,0.746732,794,343,173,117,-1,-1,-1,-1
109,3,0,0.545694,732,68,874,421,-1,-1,-1,-1
110,1,1,0.809917,479,373,153,103,-1,-1,-1,-1
110,2,1,0.752671,797,343,170,117,-1,-1,-1,-1
110,3,0,0.542946,733,67,872,422,-1,-1,-1,-1
111,1,1,0.811046,479,373,153,103,-1,-1,-1,-1
111,2,1,0.74949,799,343,167,116,-1,-1,-1,-1
111,3,0,0.556307,730,67,875,422,-1,-1,-1,-1
112,1,1,0.809367,479,373,153,103,-1,-1,-1,-1
112,2,1,0.747892,802,344,163,114,-1,-1,-1,-1
112,3,0,0.561945,733,66,872,423,-1,-1,-1,-1
113,1,1,0.805113,480,371,155,106,-1,-1,-1,-1
113,2,1,0.749956,802,344,162,114,-1,-1,-1,-1
113,3,0,0.55743,732,66,874,422,-1,-1,-1,-1
114,1,1,0.80623,478,372,155,105,-1,-1,-1,-1
114,2,1,0.748913,802,344,162,114,-1,-1,-1,-1
114,3,0,0.555674,731,66,873,422,-1,-1,-1,-1
115,1,1,0.80987,479,373,153,103,-1,-1,-1,-1
115,2,1,0.757583,802,343,164,115,-1,-1,-1,-1
115,3,0,0.569071,731,67,873,421,-1,-1,-1,-1
116,1,1,0.806208,479,373,153,103,-1,-1,-1,-1
116,2,1,0.75478,803,344,163,113,-1,-1,-1,-1
116,3,0,0.573313,729,67,875,421,-1,-1,-1,-1
117,1,1,0.804048,479,373,153,103,-1,-1,-1,-1
117,2,1,0.75594,805,345,160,111,-1,-1,-1,-1
117,3,0,0.568115,725,68,878,420,-1,-1,-1,-1
118,1,1,0.830155,480,371,156,106,-1,-1,-1,-1
118,2,1,0.759775,794,344,171,114,-1,-1,-1,-1
118,3,0,0.592986,723,68,880,420,-1,-1,-1,-1
119,1,1,0.827103,480,371,156,107,-1,-1,-1,-1
119,2,1,0.76028,797,343,168,115,-1,-1,-1,-1
119,3,0,0.591133,721,68,882,420,-1,-1,-1,-1
120,1,1,0.825529,479,370,158,108,-1,-1,-1,-1
120,2,1,0.756884,794,344,171,114,-1,-1,-1,-1
120,3,0,0.592764,721,68,883,420,-1,-1,-1,-1
121,1,1,0.822566,479,370,158,108,-1,-1,-1,-1
121,2,1,0.743272,794,344,171,115,-1,-1,-1,-1
121,3,0,0.567323,725,68,879,419,-1,-1,-1,-1
122,1,1,0.818587,479,370,158,108,-1,-1,-1,-1
122,2,1,0.745524,794,345,171,114,-1,-1,-1,-1
122,3,0,0.572264,729,68,874,420,-1,-1,-1,-1
123,1,1,0.817006,480,371,156,107,-1,-1,-1,-1
123,2,1,0.756874,798,344,166,114,-1,-1,-1,-1
123,3,0,0.559043,731,67,873,420,-1,-1,-1,-1
124,1,1,0.816612,479,370,158,108,-1,-1,-1,-1
124,2,1,0.753557,800,343,164,115,-1,-1,-1,-1
124,3,0,0.551688,733,68,872,419,-1,-1,-1,-1
125,1,1,0.811141,479,370,158,108,-1,-1,-1,-1
125,2,1,0.75237,800,343,164,114,-1,-1,-1,-1
125,3,0,0.572515,731,68,873,420,-1,-1,-1,-1
126,1,1,0.814639,480,370,157,108,-1,-1,-1,-1
126,2,1,0.745754,803,344,161,112,-1,-1,-1,-1
126,3,0,0.564469,731,68,873,420,-1,-1,-1,-1
127,1,1,0.817856,479,369,159,110,-1,-1,-1,-1
127,2,1,0.751681,804,343,160,113,-1,-1,-1,-1
127,3,0,0.551513,731,68,872,420,-1,-1,-1,-1
128,1,1,0.8174,479,369,159,110,-1,-1,-1,-1
128,2,1,0.764093,807,344,156,111,-1,-1,-1,-1
128,3,0,0.544451,737,68,867,421,-1,-1,-1,-1
129,1,1,0.816667,479,369,159,110,-1,-1,-1,-1
129,2,1,0.763189,807,344,156,111,-1,-1,-1,-1
129,3,0,0.551564,729,67,876,421,-1,-1,-1,-1
130,1,1,0.814925,479,369,159,110,-1,-1,-1,-1
130,2,1,0.762507,807,344,156,111,-1,-1,-1,-1
130,3,0,0.553128,729,67,875,422,-1,-1,-1,-1
131,1,1,0.820762,479,369,159,110,-1,-1,-1,-1
131,2,1,0.768496,809,344,153,111,-1,-1,-1,-1
131,3,0,0.551447,731,67,872,422,-1,-1,-1,-1
132,1,1,0.821154,479,369,159,110,-1,-1,-1,-1
132,2,1,0.772933,808,344,155,111,-1,-1,-1,-1
132,3,0,0.554069,731,67,873,422,-1,-1,-1,-1
133,1,1,0.820826,479,369,159,110,-1,-1,-1,-1
133,2,1,0.764471,804,344,159,112,-1,-1,-1,-1
133,3,0,0.558274,730,68,875,421,-1,-1,-1,-1
134,1,1,0.815868,479,370,158,109,-1,-1,-1,-1
134,2,1,0.764117,805,343,159,113,-1,-1,-1,-1
134,3,0,0.562809,730,67,874,422,-1,-1,-1,-1
135,1,1,0.81976,480,370,157,108,-1,-1,-1,-1
135,2,1,0.758955,804,344,160,112,-1,-1,-1,-1
135,3,0,0.558752,733,67,871,422,-1,-1,-1,-1
136,1,1,0.819065,479,369,159,110,-1,-1,-1,-1
136,2,1,0.758062,805,345,158,110,-1,-1,-1,-1
136,3,0,0.552952,733,67,871,422,-1,-1,-1,-1
137,1,1,0.821583,479,369,159,110,-1,-1,-1,-1
137,2,1,0.75366,802,344,161,112,-1,-1,-1,-1
137,3,0,0.551459,736,67,868,422,-1,-1,-1,-1
138,1,1,0.818226,479,369,159,110,-1,-1,-1,-1
138,2,1,0.747724,801,344,163,112,-1,-1,-1,-1
138,3,0,0.565642,731,67,874,423,-1,-1,-1,-1
139,1,1,0.819365,479,369,159,110,-1,-1,-1,-1
139,2,1,0.751319,801,345,162,111,-1,-1,-1,-1
139,3,0,0.571144,730,67,875,423,-1,-1,-1,-1
140,1,1,0.822595,479,369,159,110,-1,-1,-1,-1
140,2,1,0.756037,803,344,160,112,-1,-1,-1,-1
140,3,0,0.568963,729,67,877,423,-1,-1,-1,-1
141,1,1,0.824041,479,370,159,109,-1,-1,-1,-1
141,2,1,0.759561,803,344,160,111,-1,-1,-1,-1
141,3,0,0.568583,728,68,878,422,-1,-1,-1,-1
142,1,1,0.814802,479,370,157,108,-1,-1,-1,-1
142,2,1,0.760219,801,344,162,112,-1,-1,-1,-1
142,3,0,0.573038,730,67,874,422,-1,-1,-1,-1
143,1,1,0.831764,480,370,157,109,-1,-1,-1,-1
143,2,1,0.757101,798,344,166,113,-1,-1,-1,-1
143,3,0,0.545998,744,68,860,420,-1,-1,-1,-1
144,1,1,0.833217,481,371,155,108,-1,-1,-1,-1
144,2,1,0.754676,798,345,166,112,-1,-1,-1,-1
144,3,0,0.542709,744,68,860,420,-1,-1,-1,-1
145,1,1,0.831688,481,370,155,108,-1,-1,-1,-1
145,2,1,0.750095,798,345,166,112,-1,-1,-1,-1
145,3,0,0.538547,744,68,861,420,-1,-1,-1,-1
146,1,1,0.830271,480,369,157,110,-1,-1,-1,-1
146,2,1,0.742712,798,346,164,110,-1,-1,-1,-1
146,3,0,0.531131,747,68,858,420,-1,-1,-1,-1
147,1,1,0.827709,479,370,158,109,-1,-1,-1,-1
147,2,1,0.74024,796,346,167,111,-1,-1,-1,-1
147,3,0,0.514584,751,67,853,420,-1,-1,-1,-1
148,1,1,0.829116,480,370,156,108,-1,-1,-1,-1
148,2,1,0.746645,794,346,170,111,-1,-1,-1,-1
148,3,0,0.522305,749,67,855,421,-1,-1,-1,-1
149,1,1,0.828524,479,369,158,109,-1,-1,-1,-1
149,2,1,0.751454,794,345,170,112,-1,-1,-1,-1
149,3,0,0.523874,748,67,856,420,-1,-1,-1,-1
150,1,1,0.824603,479,370,158,108,-1,-1,-1,-1
150,2,1,0.739568,788,345,177,113,-1,-1,-1,-1
150,3,0,0.511716,750,67,854,420,-1,-1,-1,-1
151,1,1,0.823133,481,372,155,106,-1,-1,-1,-1
151,2,1,0.739852,785,344,180,115,-1,-1,-1,-1
151,3,0,0.505586,758,67,847,421,-1,-1,-1,-1
152,1,1,0.816662,480,371,155,107,-1,-1,-1,-1
152,2,1,0.735613,784,344,181,115,-1,-1,-1,-1
152,3,0,0.495695,760,67,846,421,-1,-1,-1,-1
153,1,1,0.817483,479,371,157,107,-1,-1,-1,-1
153,2,1,0.73284,785,345,179,114,-1,-1,-1,-1
153,3,0,0.515237,757,67,849,421,-1,-1,-1,-1
154,1,1,0.812628,480,372,155,106,-1,-1,-1,-1
154,2,1,0.742554,786,345,178,113,-1,-1,-1,-1
154,3,0,0.533883,754,67,851,421,-1,-1,-1,-1
155,1,1,0.806523,479,371,157,107,-1,-1,-1,-1
155,2,1,0.738325,786,344,178,114,-1,-1,-1,-1
155,3,0,0.534109,755,67,850,421,-1,-1,-1,-1
156,1,1,0.812809,480,371,155,106,-1,-1,-1,-1
156,2,1,0.734325,788,345,175,113,-1,-1,-1,-1
156,3,0,0.551013,752,66,854,421,-1,-1,-1,-1
157,1,1,0.811232,480,371,155,106,-1,-1,-1,-1
157,2,1,0.730383,790,345,173,112,-1,-1,-1,-1
157,3,0,0.540842,752,66,853,422,-1,-1,-1,-1
158,1,1,0.81327,480,371,155,106,-1,-1,-1,-1
158,2,1,0.735019,795,345,167,111,-1,-1,-1,-1
158,3,0,0.532871,749,66,857,422,-1,-1,-1,-1
159,1,1,0.816473,481,371,154,106,-1,-1,-1,-1
159,2,1,0.726468,798,346,163,110,-1,-1,-1,-1
159,3,0,0.540584,745,66,861,422,-1,-1,-1,-1
160,1,1,0.823529,481,371,155,106,-1,-1,-1,-1
160,2,1,0.7302,800,347,160,108,-1,-1,-1,-1
160,3,0,0.52399,743,66,863,422,-1,-1,-1,-1
161,1,1,0.825188,481,371,155,106,-1,-1,-1,-1
161,2,1,0.712534,799,348,161,108,-1,-1,-1,-1
161,3,0,0.521566,740,66,867,422,-1,-1,-1,-1
162,1,1,0.825467,481,370,155,107,-1,-1,-1,-1
162,2,1,0.708756,801,348,158,107,-1,-1,-1,-1
162,3,0,0.508527,745,66,861,421,-1,-1,-1,-1
163,1,1,0.827717,480,369,157,109,-1,-1,-1,-1
163,2,1,0.71493,800,348,158,106,-1,-1,-1,-1
163,3,0,0.519356,744,66,861,422,-1,-1,-1,-1
164,1,1,0.826199,480,369,157,109,-1,-1,-1,-1
164,2,1,0.710192,803,348,155,106,-1,-1,-1,-1
164,3,0,0.516978,750,66,855,422,-1,-1,-1,-1
165,1,1,0.826905,480,369,157,109,-1,-1,-1,-1
165,2,1,0.7279,807,347,150,106,-1,-1,-1,-1
165,3,0,0.506204,751,67,856,421,-1,-1,-1,-1
166,1,1,0.825681,480,369,157,109,-1,-1,-1,-1
166,2,1,0.72113,804,348,154,106,-1,-1,-1,-1
166,3,0,0.514727,746,67,860,421,-1,-1,-1,-1
167,1,1,0.823029,480,369,157,109,-1,-1,-1,-1
167,2,1,0.737582,806,347,154,107,-1,-1,-1,-1
167,3,0,0.514911,741,66,865,422,-1,-1,-1,-1
168,1,1,0.831557,480,369,157,109,-1,-1,-1,-1
168,2,1,0.757936,807,346,155,109,-1,-1,-1,-1
168,3,0,0.563247,732,66,870,423,-1,-1,-1,-1
169,1,1,0.834236,480,369,157,109,-1,-1,-1,-1
169,2,1,0.755938,806,345,157,111,-1,-1,-1,-1
169,3,0,0.581401,729,66,873,423,-1,-1,-1,-1
170,1,1,0.832803,480,369,157,109,-1,-1,-1,-1
170,2,1,0.758708,808,345,154,110,-1,-1,-1,-1
170,3,0,0.568196,734,66,867,424,-1,-1,-1,-1
171,1,1,0.831318,480,369,157,109,-1,-1,-1,-1
171,2,1,0.751933,809,345,152,110,-1,-1,-1,-1
171,3,0,0.566178,732,66,870,424,-1,-1,-1,-1
172,1,1,0.832848,480,369,157,109,-1,-1,-1,-1
172,2,1,0.754149,810,345,151,110,-1,-1,-1,-1
172,3,0,0.569279,735,66,866,424,-1,-1,-1,-1
173,1,1,0.832002,480,370,157,108,-1,-1,-1,-1
173,2,1,0.753814,811,345,151,109,-1,-1,-1,-1
173,3,0,0.571588,733,66,869,423,-1,-1,-1,-1
174,1,1,0.830025,481,371,155,106,-1,-1,-1,-1
174,2,1,0.756366,812,345,149,108,-1,-1,-1,-1
174,3,0,0.567098,733,66,868,424,-1,-1,-1,-1
175,1,1,0.828862,481,371,155,106,-1,-1,-1,-1
175,2,1,0.748855,811,345,150,108,-1,-1,-1,-1
175,3,0,0.56816,731,67,871,422,-1,-1,-1,-1
176,1,1,0.81888,480,371,156,106,-1,-1,-1,-1
176,2,1,0.733178,811,344,150,109,-1,-1,-1,-1
176,3,0,0.572972,729,68,875,421,-1,-1,-1,-1
177,1,1,0.824743,481,371,155,106,-1,-1,-1,-1
177,2,1,0.729008,811,344,150,109,-1,-1,-1,-1
177,3,0,0.562106,735,69,868,421,-1,-1,-1,-1
178,1,1,0.822273,480,370,156,107,-1,-1,-1,-1
178,2,1,0.728844,810,345,150,108,-1,-1,-1,-1
178,3,0,0.568671,735,68,868,421,-1,-1,-1,-1
179,1,1,0.8225,479,369,158,109,-1,-1,-1,-1
179,2,1,0.742545,812,345,148,107,-1,-1,-1,-1
179,3,0,0.561223,736,68,868,421,-1,-1,-1,-1
180,1,1,0.818004,479,370,158,108,-1,-1,-1,-1
180,2,1,0.733305,812,345,148,107,-1,-1,-1,-1
180,3,0,0.553022,737,68,867,422,-1,-1,-1,-1
181,1,1,0.819532,480,370,156,107,-1,-1,-1,-1
181,2,1,0.73997,812,344,148,109,-1,-1,-1,-1
181,3,0,0.548169,732,68,873,421,-1,-1,-1,-1
182,1,1,0.819906,480,370,156,108,-1,-1,-1,-1
182,2,1,0.732186,810,344,150,110,-1,-1,-1,-1
182,3,0,0.538298,733,68,871,421,-1,-1,-1,-1
183,1,1,0.818367,479,369,158,110,-1,-1,-1,-1
183,2,1,0.733393,809,344,151,110,-1,-1,-1,-1
183,3,0,0.54658,733,67,871,421,-1,-1,-1,-1
184,1,1,0.815506,479,369,158,110,-1,-1,-1,-1
184,2,1,0.724903,810,345,149,109,-1,-1,-1,-1
184,3,0,0.541493,732,67,871,421,-1,-1,-1,-1
185,1,1,0.820121,479,369,158,109,-1,-1,-1,-1
185,2,1,0.72332,810,345,149,109,-1,-1,-1,-1
185,3,0,0.544599,732,67,871,421,-1,-1,-1,-1
186,1,1,0.817374,479,369,158,109,-1,-1,-1,-1
186,2,1,0.717097,810,346,148,108,-1,-1,-1,-1
186,3,0,0.533716,731,67,873,421,-1,-1,-1,-1
187,1,1,0.815149,479,369,158,108,-1,-1,-1,-1
187,2,1,0.720712,810,346,148,108,-1,-1,-1,-1
187,3,0,0.548831,730,67,872,422,-1,-1,-1,-1
188,1,1,0.817096,479,370,158,108,-1,-1,-1,-1
188,2,1,0.726137,810,345,149,110,-1,-1,-1,-1
188,3,0,0.554393,731,68,872,421,-1,-1,-1,-1
189,1,1,0.818429,480,371,156,107,-1,-1,-1,-1
189,2,1,0.739018,809,346,150,109,-1,-1,-1,-1
189,3,0,0.575444,732,68,870,421,-1,-1,-1,-1
190,1,1,0.817666,479,370,158,108,-1,-1,-1,-1
190,2,1,0.729387,809,347,148,107,-1,-1,-1,-1
190,3,0,0.564504,735,68,867,421,-1,-1,-1,-1
191,1,1,0.81383,480,371,156,107,-1,-1,-1,-1
191,2,1,0.73501,809,346,150,109,-1,-1,-1,-1
191,3,0,0.570624,736,68,867,422,-1,-1,-1,-1
192,1,1,0.819454,480,371,156,107,-1,-1,-1,-1
192,2,1,0.719199,807,346,152,109,-1,-1,-1,-1
192,3,0,0.558206,745,68,857,422,-1,-1,-1,-1
193,1,1,0.821016,480,370,157,108,-1,-1,-1,-1
193,2,1,0.728514,810,347,148,107,-1,-1,-1,-1
193,3,0,0.581825,733,68,870,421,-1,-1,-1,-1
194,1,1,0.823088,479,370,158,108,-1,-1,-1,-1
194,2,1,0.733413,811,347,146,106,-1,-1,-1,-1
194,3,0,0.574795,734,68,868,421,-1,-1,-1,-1
195,1,1,0.822519,480,370,156,107,-1,-1,-1,-1
195,2,1,0.732708,811,348,147,106,-1,-1,-1,-1
195,3,0,0.57447,733,68,869,421,-1,-1,-1,-1
196,1,1,0.823849,479,369,158,108,-1,-1,-1,-1
196,2,1,0.735957,811,347,149,107,-1,-1,-1,-1
196,3,0,0.584352,725,67,878,421,-1,-1,-1,-1
197,1,1,0.827184,479,369,158,109,-1,-1,-1,-1
197,2,1,0.731968,810,346,149,108,-1,-1,-1,-1
197,3,0,0.57972,728,68,874,420,-1,-1,-1,-1
198,1,1,0.826384,479,369,158,109,-1,-1,-1,-1
198,2,1,0.702551,809,347,148,107,-1,-1,-1,-1
198,3,0,0.582637,730,68,872,421,-1,-1,-1,-1
199,1,1,0.828247,479,369,158,109,-1,-1,-1,-1
199,2,1,0.724069,809,346,150,109,-1,-1,-1,-1
199,3,0,0.591633,722,68,881,421,-1,-1,-1,-1
200,1,1,0.821977,479,369,158,109,-1,-1,-1,-1
200,2,1,0.721332,808,345,151,110,-1,-1,-1,-1
200,3,0,0.573585,725,67,878,423,-1,-1,-1,-1
201,1,1,0.823031,479,370,158,108,-1,-1,-1,-1
201,2,1,0.746018,808,346,150,109,-1,-1,-1,-1
201,3,0,0.562075,729,67,874,422,-1,-1,-1,-1
202,1,1,0.821168,480,371,156,106,-1,-1,-1,-1
202,2,1,0.745306,806,345,153,110,-1,-1,-1,-1
202,3,0,0.563321,725,67,878,422,-1,-1,-1,-1
203,1,1,0.822203,480,371,157,106,-1,-1,-1,-1
203,2,1,0.744616,802,344,157,112,-1,-1,-1,-1
203,3,0,0.56434,723,67,880,423,-1,-1,-1,-1
204,1,1,0.822832,480,371,156,106,-1,-1,-1,-1
204,2,1,0.743309,798,344,162,113,-1,-1,-1,-1
204,3,0,0.570261,717,67,887,424,-1,-1,-1,-1
205,1,1,0.820781,480,371,156,107,-1,-1,-1,-1
205,2,1,0.734748,795,343,165,115,-1,-1,-1,-1
205,3,0,0.563972,719,67,885,424,-1,-1,-1,-1
206,1,1,0.817527,479,370,158,109,-1,-1,-1,-1
206,2,1,0.718364,795,344,164,114,-1,-1,-1,-1
206,3,0,0.5365,729,67,874,423,-1,-1,-1,-1
207,1,1,0.819164,480,370,156,108,-1,-1,-1,-1
207,2,1,0.701393,797,345,162,112,-1,-1,-1,-1
207,3,0,0.51695,738,67,865,423,-1,-1,-1,-1
208,1,1,0.821878,479,369,158,110,-1,-1,-1,-1
208,2,1,0.709604,795,345,164,112,-1,-1,-1,-1
208,3,0,0.534867,728,67,875,423,-1,-1,-1,-1
209,1,1,0.817473,479,369,158,110,-1,-1,-1,-1
209,2,1,0.704775,794,344,166,113,-1,-1,-1,-1
209,3,0,0.52254,734,67,868,423,-1,-1,-1,-1
210,1,1,0.818042,479,369,158,109,-1,-1,-1,-1
210,2,1,0.682354,796,345,162,111,-1,-1,-1,-1
210,3,0,0.540499,730,66,872,424,-1,-1,-1,-1
211,1,1,0.821657,478,371,157,106,-1,-1,-1,-1
211,2,1,0.714236,799,345,159,110,-1,-1,-1,-1
211,3,0,0.556934,722,66,879,423,-1,-1,-1,-1
212,1,1,0.825513,479,372,155,104,-1,-1,-1,-1
212,2,1,0.728502,800,345,158,111,-1,-1,-1,-1
212,3,0,0.582235,712,66,888,423,-1,-1,-1,-1
213,1,1,0.825059,479,372,155,104,-1,-1,-1,-1
213,2,1,0.740383,797,345,161,111,-1,-1,-1,-1
213,3,0,0.611607,702,67,898,422,-1,-1,-1,-1
214,1,1,0.825117,479,372,155,104,-1,-1,-1,-1
214,2,1,0.728379,793,345,164,112,-1,-1,-1,-1
214,3,0,0.611938,702,67,898,422,-1,-1,-1,-1
215,1,1,0.823453,479,372,155,104,-1,-1,-1,-1
215,2,1,0.734115,796,345,161,113,-1,-1,-1,-1
215,3,0,0.608158,704,67,896,423,-1,-1,-1,-1
216,1,1,0.823532,478,372,157,105,-1,-1,-1,-1
216,2,1,0.718047,792,346,165,113,-1,-1,-1,-1
216,3,0,0.602125,703,68,898,422,-1,-1,-1,-1
217,1,1,0.82112,479,373,155,103,-1,-1,-1,-1
217,2,1,0.69456,796,346,160,111,-1,-1,-1,-1
217,3,0,0.578972,711,68,888,422,-1,-1,-1,-1
218,1,1,0.825262,481,370,154,107,-1,-1,-1,-1
218,2,1,0.664889,794,349,160,108,-1,-1,-1,-1
218,3,0,0.545629,732,67,870,422,-1,-1,-1,-1
219,1,1,0.829248,480,369,156,109,-1,-1,-1,-1
219,2,1,0.612799,788,351,164,106,-1,-1,-1,-1
219,3,0,0.538292,735,67,866,422,-1,-1,-1,-1
220,1,1,0.824788,480,369,156,109,-1,-1,-1,-1
220,2,1,0.68089,785,348,170,110,-1,-1,-1,-1
220,3,0,0.584068,719,67,883,422,-1,-1,-1,-1
221,1,1,0.823675,480,369,155,108,-1,-1,-1,-1
221,2,1,0.71266,780,347,176,113,-1,-1,-1,-1
221,3,0,0.56618,722,67,880,421,-1,-1,-1,-1
222,1,1,0.824535,480,369,156,108,-1,-1,-1,-1
222,2,1,0.729849,780,346,176,114,-1,-1,-1,-1
222,3,0,0.583491,719,67,884,421,-1,-1,-1,-1
223,1,1,0.827237,480,369,156,108,-1,-1,-1,-1
223,2,1,0.745456,779,345,178,116,-1,-1,-1,-1
223,3,0,0.60144,718,67,884,421,-1,-1,-1,-1
224,1,1,0.82639,480,370,155,107,-1,-1,-1,-1
224,2,1,0.761147,781,345,177,116,-1,-1,-1,-1
224,3,0,0.596164,719,67,883,422,-1,-1,-1,-1
225,1,1,0.823583,479,369,157,109,-1,-1,-1,-1
225,2,1,0.755581,781,345,177,116,-1,-1,-1,-1
225,3,0,0.571436,723,68,880,421,-1,-1,-1,-1
226,1,1,0.816593,480,369,156,109,-1,-1,-1,-1
226,2,1,0.733177,783,345,175,116,-1,-1,-1,-1
226,3,0,0.529847,733,69,869,420,-1,-1,-1,-1
227,1,1,0.818301,479,371,154,105,-1,-1,-1,-1
227,2,1,0.705281,783,347,172,113,-1,-1,-1,-1
227,3,0,0.522507,742,68,859,422,-1,-1,-1,-1
228,1,1,0.816464,480,372,152,103,-1,-1,-1,-1
228,2,1,0.718047,778,348,176,113,-1,-1,-1,-1
228,3,0,0.514576,754,68,847,422,-1,-1,-1,-1
229,1,1,0.816964,480,372,152,103,-1,-1,-1,-1
229,2,1,0.724145,779,348,174,113,-1,-1,-1,-1
229,3,0,0.524918,740,67,861,423,-1,-1,-1,-1
230,1,1,0.818659,480,372,152,103,-1,-1,-1,-1
230,2,1,0.714807,775,348,177,113,-1,-1,-1,-1
230,3,0,0.521114,738,67,863,423,-1,-1,-1,-1
231,1,1,0.821195,480,372,152,103,-1,-1,-1,-1
231,2,1,0.725588,777,348,175,113,-1,-1,-1,-1
231,3,0,0.514956,744,68,857,423,-1,-1,-1,-1
232,1,1,0.821517,480,372,152,103,-1,-1,-1,-1
232,2,1,0.739767,777,348,175,114,-1,-1,-1,-1
232,3,0,0.496297,761,68,840,423,-1,-1,-1,-1
233,1,1,0.819475,480,372,152,103,-1,-1,-1,-1
233,2,1,0.717775,779,349,172,112,-1,-1,-1,-1
233,3,0,0.498666,763,68,840,423,-1,-1,-1,-1
234,1,1,0.816317,481,371,154,105,-1,-1,-1,-1
234,2,1,0.699762,777,350,172,110,-1,-1,-1,-1
234,3,0,0.507582,755,68,848,422,-1,-1,-1,-1
235,1,1,0.821735,481,370,154,106,-1,-1,-1,-1
235,2,1,0.708194,778,349,171,111,-1,-1,-1,-1
235,3,0,0.529044,756,67,846,423,-1,-1,-1,-1
236,1,1,0.828614,481,370,154,107,-1,-1,-1,-1
236,2,1,0.716345,778,349,172,111,-1,-1,-1,-1
236,3,0,0.541891,746,67,856,424,-1,-1,-1,-1
237,1,1,0.828492,480,370,156,108,-1,-1,-1,-1
237,2,1,0.730578,780,348,170,112,-1,-1,-1,-1
237,3,0,0.531045,745,67,859,423,-1,-1,-1,-1
238,1,1,0.827675,480,370,156,108,-1,-1,-1,-1
238,2,1,0.755912,779,348,171,112,-1,-1,-1,-1
238,3,0,0.531495,745,67,859,424,-1,-1,-1,-1
239,1,1,0.827704,480,370,156,108,-1,-1,-1,-1
239,2,1,0.772481,778,346,174,114,-1,-1,-1,-1
239,3,0,0.520034,749,68,856,423,-1,-1,-1,-1
240,1,1,0.829365,480,370,156,107,-1,-1,-1,-1
240,2,1,0.773669,780,346,173,115,-1,-1,-1,-1
240,3,0,0.524147,750,67,854,424,-1,-1,-1,-1
241,1,1,0.826162,480,369,156,108,-1,-1,-1,-1
241,2,1,0.773684,780,347,172,114,-1,-1,-1,-1
241,3,0,0.49666,761,68,844,423,-1,-1,-1,-1
242,1,1,0.821783,480,369,156,108,-1,-1,-1,-1
242,2,1,0.77731,778,347,175,113,-1,-1,-1,-1
242,3,0,0.517374,748,67,857,424,-1,-1,-1,-1
243,1,1,0.822809,479,369,157,108,-1,-1,-1,-1
243,2,1,0.790937,780,346,173,114,-1,-1,-1,-1
243,3,0,0.568853,717,66,887,425,-1,-1,-1,-1
244,1,1,0.829555,480,370,156,107,-1,-1,-1,-1
244,2,1,0.796714,777,346,176,116,-1,-1,-1,-1
244,3,0,0.564719,719,66,885,425,-1,-1,-1,-1
245,1,1,0.831259,481,371,154,105,-1,-1,-1,-1
245,2,1,0.779035,772,346,181,117,-1,-1,-1,-1
245,3,0,0.562912,720,66,885,424,-1,-1,-1,-1
246,1,1,0.827686,481,371,154,105,-1,-1,-1,-1
246,2,1,0.770152,778,347,173,115,-1,-1,-1,-1
246,3,0,0.536655,734,65,871,425,-1,-1,-1,-1
247,1,1,0.824659,481,371,154,105,-1,-1,-1,-1
247,2,1,0.784297,783,346,168,114,-1,-1,-1,-1
247,3,0,0.517834,745,64,861,425,-1,-1,-1,-1
248,1,1,0.820758,480,371,155,105,-1,-1,-1,-1
248,2,1,0.768885,784,347,165,112,-1,-1,-1,-1
248,3,0,0.524728,748,64,858,425,-1,-1,-1,-1
249,1,1,0.824295,480,371,155,105,-1,-1,-1,-1
249,2,1,0.778688,783,347,168,112,-1,-1,-1,-1
249,3,0,0.558003,732,65,873,425,-1,-1,-1,-1
250,1,1,0.829293,480,371,155,105,-1,-1,-1,-1
250,2,1,0.786309,781,347,170,113,-1,-1,-1,-1
250,3,0,0.546039,733,65,871,425,-1,-1,-1,-1
251,1,1,0.820773,480,371,155,106,-1,-1,-1,-1
251,2,1,0.792616,779,346,172,115,-1,-1,-1,-1
251,3,0,0.525972,743,65,860,425,-1,-1,-1,-1
252,1,1,0.814981,479,370,157,108,-1,-1,-1,-1
252,2,1,0.792541,784,347,165,113,-1,-1,-1,-1
252,3,0,0.499841,752,65,851,425,-1,-1,-1,-1
253,1,1,0.812469,479,370,157,108,-1,-1,-1,-1
253,2,1,0.785132,784,347,165,112,-1,-1,-1,-1
253,3,0,0.497705,755,66,850,424,-1,-1,-1,-1
254,1,1,0.810444,477,372,157,104,-1,-1,-1,-1
254,2,1,0.765461,782,346,168,113,-1,-1,-1,-1
254,3,0,0.509029,748,66,856,424,-1,-1,-1,-1
255,1,1,0.806404,480,371,155,105,-1,-1,-1,-1
255,2,1,0.777968,782,346,167,112,-1,-1,-1,-1
255,3,0,0.546866,732,65,872,425,-1,-1,-1,-1
256,1,1,0.814748,480,371,155,106,-1,-1,-1,-1
256,2,1,0.79212,782,345,168,113,-1,-1,-1,-1
256,3,0,0.548294,730,65,873,425,-1,-1,-1,-1
257,1,1,0.818738,479,370,157,108,-1,-1,-1,-1
257,2,1,0.798181,781,345,170,114,-1,-1,-1,-1
257,3,0,0.540756,729,66,873,425,-1,-1,-1,-1
258,1,1,0.817955,479,370,157,108,-1,-1,-1,-1
258,2,1,0.799032,783,345,168,114,-1,-1,-1,-1
258,3,0,0.522018,735,66,868,424,-1,-1,-1,-1
259,1,1,0.820068,479,370,157,108,-1,-1,-1,-1
259,2,1,0.801704,782,346,167,113,-1,-1,-1,-1
259,3,0,0.53871,728,67,875,424,-1,-1,-1,-1
260,1,1,0.817814,479,370,157,108,-1,-1,-1,-1
260,2,1,0.799358,782,347,166,111,-1,-1,-1,-1
260,3,0,0.534962,738,67,863,423,-1,-1,-1,-1
261,1,1,0.816023,480,370,156,108,-1,-1,-1,-1
261,2,1,0.787365,784,347,164,111,-1,-1,-1,-1
261,3,0,0.52116,738,67,863,423,-1,-1,-1,-1
262,1,1,0.820749,480,370,156,108,-1,-1,-1,-1
262,2,1,0.795157,782,347,166,111,-1,-1,-1,-1
262,3,0,0.522711,734,67,869,424,-1,-1,-1,-1
263,1,1,0.818854,480,370,156,108,-1,-1,-1,-1
263,2,1,0.797183,782,346,165,112,-1,-1,-1,-1
263,3,0,0.500102,750,67,852,424,-1,-1,-1,-1
264,1,1,0.816122,480,370,156,108,-1,-1,-1,-1
264,2,1,0.792783,779,346,169,114,-1,-1,-1,-1
264,3,0,0.500048,748,67,857,423,-1,-1,-1,-1
265,1,1,0.819539,480,370,156,108,-1,-1,-1,-1
265,2,1,0.783111,778,346,172,114,-1,-1,-1,-1
265,3,0,0.485655,766,67,839,423,-1,-1,-1,-1
266,1,1,0.819487,480,370,156,108,-1,-1,-1,-1
266,2,1,0.782595,778,346,171,114,-1,-1,-1,-1
266,3,0,0.495573,757,67,848,423,-1,-1,-1,-1
267,1,1,0.818684,479,370,157,108,-1,-1,-1,-1
267,2,1,0.776897,776,347,172,113,-1,-1,-1,-1
267,3,0,0.4885,756,67,850,422,-1,-1,-1,-1
268,1,1,0.831867,480,370,156,108,-1,-1,-1,-1
268,2,1,0.795009,778,347,170,112,-1,-1,-1,-1
268,3,0,0.56398,725,67,879,423,-1,-1,-1,-1
269,1,1,0.834313,479,369,158,110,-1,-1,-1,-1
269,2,1,0.792201,777,348,170,111,-1,-1,-1,-1
269,3,0,0.571416,722,66,882,424,-1,-1,-1,-1
270,1,1,0.834589,479,370,158,108,-1,-1,-1,-1
270,2,1,0.774287,777,348,169,111,-1,-1,-1,-1
270,3,0,0.5638,723,66,880,424,-1,-1,-1,-1
271,1,1,0.828523,479,370,158,108,-1,-1,-1,-1
271,2,1,0.751251,776,348,171,112,-1,-1,-1,-1
271,3,0,0.561266,717,66,886,424,-1,-1,-1,-1
272,1,1,0.831897,480,371,156,106,-1,-1,-1,-1
272,2,1,0.750035,772,348,176,112,-1,-1,-1,-1
272,3,0,0.543261,727,66,875,423,-1,-1,-1,-1
273,1,1,0.832073,480,371,156,106,-1,-1,-1,-1
273,2,1,0.765486,772,347,177,113,-1,-1,-1,-1
273,3,0,0.552691,722,66,880,424,-1,-1,-1,-1
274,1,1,0.829558,480,371,156,106,-1,-1,-1,-1
274,2,1,0.737174,769,347,178,114,-1,-1,-1,-1
274,3,0,0.54338,725,66,878,424,-1,-1,-1,-1
275,1,1,0.829413,479,371,157,107,-1,-1,-1,-1
275,2,1,0.728092,767,347,181,114,-1,-1,-1,-1
275,3,0,0.555887,721,66,880,424,-1,-1,-1,-1
276,1,1,0.833997,481,370,155,107,-1,-1,-1,-1
276,2,1,0.692264,764,348,184,113,-1,-1,-1,-1
276,3,0,0.525981,730,66,875,424,-1,-1,-1,-1
277,1,1,0.827716,479,369,158,109,-1,-1,-1,-1
277,2,1,0.701968,765,347,184,114,-1,-1,-1,-1
277,3,0,0.532668,733,66,872,424,-1,-1,-1,-1
278,1,1,0.827542,479,370,158,108,-1,-1,-1,-1
278,2,1,0.728476,761,347,187,115,-1,-1,-1,-1
278,3,0,0.569993,720,66,886,424,-1,-1,-1,-1
279,1,1,0.82751,480,370,156,107,-1,-1,-1,-1
279,2,1,0.749132,758,345,184,119,-1,-1,-1,-1
279,3,0,0.557274,716,65,889,425,-1,-1,-1,-1
280,1,1,0.827032,479,370,158,108,-1,-1,-1,-1
280,2,1,0.75279,754,344,187,121,-1,-1,-1,-1
280,3,0,0.54591,720,66,887,424,-1,-1,-1,-1
281,1,1,0.830358,480,371,156,107,-1,-1,-1,-1
281,2,1,0.758715,761,344,180,120,-1,-1,-1,-1
281,3,0,0.53236,719,66,888,424,-1,-1,-1,-1
282,1,1,0.829153,480,371,156,106,-1,-1,-1,-1
282,2,1,0.71707,759,344,185,119,-1,-1,-1,-1
282,3,0,0.540002,716,66,890,424,-1,-1,-1,-1
283,1,1,0.829165,480,371,156,106,-1,-1,-1,-1
283,2,1,0.725557,758,346,186,116,-1,-1,-1,-1
283,3,0,0.569885,711,66,896,424,-1,-1,-1,-1
284,1,1,0.827884,480,371,156,106,-1,-1,-1,-1
284,2,1,0.763151,757,346,178,116,-1,-1,-1,-1
284,3,0,0.552675,710,66,895,424,-1,-1,-1,-1
285,1,1,0.827518,480,371,156,106,-1,-1,-1,-1
285,2,1,0.742242,752,346,182,117,-1,-1,-1,-1
285,3,0,0.557041,708,66,896,424,-1,-1,-1,-1
286,1,1,0.829113,480,371,157,107,-1,-1,-1,-1
286,2,1,0.742691,752,346,182,116,-1,-1,-1,-1
286,3,0,0.54504,713,67,890,424,-1,-1,-1,-1
287,1,1,0.829,480,372,156,105,-1,-1,-1,-1
287,2,1,0.739988,754,347,180,114,-1,-1,-1,-1
287,3,0,0.586295,698,67,905,423,-1,-1,-1,-1
288,1,1,0.828865,480,372,156,105,-1,-1,-1,-1
288,2,1,0.768708,757,347,179,115,-1,-1,-1,-1
288,3,0,0.570392,702,66,902,424,-1,-1,-1,-1
289,1,1,0.831115,481,372,155,105,-1,-1,-1,-1
289,2,1,0.791804,757,347,178,116,-1,-1,-1,-1
289,3,0,0.526948,722,66,885,424,-1,-1,-1,-1
290,1,1,0.832211,480,372,156,105,-1,-1,-1,-1
290,2,1,0.789111,755,346,179,117,-1,-1,-1,-1
290,3,0,0.524414,721,66,886,424,-1,-1,-1,-1
291,1,1,0.830273,480,372,156,105,-1,-1,-1,-1
291,2,1,0.782333,759,346,172,116,-1,-1,-1,-1
291,3,0,0.508263,728,66,879,424,-1,-1,-1,-1
292,1,1,0.827645,481,372,154,105,-1,-1,-1,-1
292,2,1,0.795182,760,346,169,116,-1,-1,-1,-1
292,3,0,0.501397,739,66,868,423,-1,-1,-1,-1
293,1,1,0.832858,480,370,156,107,-1,-1,-1,-1
293,2,1,0.800334,760,347,168,115,-1,-1,-1,-1
293,3,0,0.478438,776,67,831,422,-1,-1,-1,-1
294,1,1,0.834559,479,369,158,109,-1,-1,-1,-1
294,2,1,0.814964,760,347,166,114,-1,-1,-1,-1
294,3,0,0.459294,837,67,768,421,-1,-1,-1,-1
295,1,1,0.828727,479,369,158,109,-1,-1,-1,-1
295,2,1,0.816054,762,346,164,115,-1,-1,-1,-1
295,3,0,0.4581,819,67,788,421,-1,-1,-1,-1
296,1,1,0.825958,479,369,158,109,-1,-1,-1,-1
296,2,1,0.813939,760,345,167,116,-1,-1,-1,-1
296,3,0,0.463057,791,67,818,421,-1,-1,-1,-1
297,1,1,0.82473,479,369,158,109,-1,-1,-1,-1
297,2,1,0.821327,758,345,168,116,-1,-1,-1,-1
297,3,0,0.479713,794,66,813,423,-1,-1,-1,-1
298,1,1,0.827619,479,369,158,109,-1,-1,-1,-1
298,2,1,0.831015,756,346,168,115,-1,-1,-1,-1
298,3,0,0.4808,912,74,698,411,-1,-1,-1,-1
299,1,1,0.825184,479,369,158,109,-1,-1,-1,-1
299,2,1,0.837252,757,346,165,116,-1,-1,-1,-1
299,3,0,0.470119,862,70,741,418,-1,-1,-1,-1
300,1,1,0.817009,478,369,158,109,-1,-1,-1,-1
300,2,1,0.830486,755,345,168,117,-1,-1,-1,-1
300,3,0,0.469415,821,67,783,422,-1,-1,-1,-1
301,1,1,0.811681,477,371,157,106,-1,-1,-1,-1
301,2,1,0.81999,755,345,169,117,-1,-1,-1,-1
301,3,0,0.493906,747,66,858,424,-1,-1,-1,-1
302,1,1,0.812086,478,372,155,104,-1,-1,-1,-1
302,2,1,0.82703,755,345,166,116,-1,-1,-1,-1
302,3,0,0.486957,766,66,838,424,-1,-1,-1,-1
303,1,1,0.813339,478,372,155,104,-1,-1,-1,-1
303,2,1,0.824757,756,346,163,115,-1,-1,-1,-1
303,3,0,0.463861,841,68,760,422,-1,-1,-1,-1
304,1,1,0.811021,478,372,155,104,-1,-1,-1,-1
304,2,1,0.822983,758,347,160,114,-1,-1,-1,-1
304,3,0,0.469881,866,69,735,420,-1,-1,-1,-1
305,1,1,0.809995,478,372,155,104,-1,-1,-1,-1
305,2,1,0.826725,756,346,163,115,-1,-1,-1,-1
305,3,0,0.464021,838,69,765,421,-1,-1,-1,-1
306,1,1,0.811812,478,372,154,104,-1,-1,-1,-1
306,2,1,0.820595,752,346,168,116,-1,-1,-1,-1
306,3,0,0.475158,917,74,691,411,-1,-1,-1,-1
307,1,1,0.813285,478,372,154,104,-1,-1,-1,-1
307,2,1,0.832992,751,346,168,115,-1,-1,-1,-1
307,3,0,0.469239,856,70,746,419,-1,-1,-1,-1
308,1,1,0.811655,478,372,154,104,-1,-1,-1,-1
308,2,1,0.816554,752,348,167,113,-1,-1,-1,-1
308,3,0,0.46283,819,67,784,423,-1,-1,-1,-1
309,1,1,0.806855,478,372,154,104,-1,-1,-1,-1
309,2,1,0.821123,753,347,165,114,-1,-1,-1,-1
309,3,0,0.463279,864,69,738,420,-1,-1,-1,-1
310,1,1,0.808233,478,371,154,105,-1,-1,-1,-1
310,2,1,0.798162,747,347,172,114,-1,-1,-1,-1
310,3,0,0.460624,855,69,749,420,-1,-1,-1,-1
311,1,1,0.811556,478,370,154,106,-1,-1,-1,-1
311,2,1,0.791639,743,347,177,115,-1,-1,-1,-1
311,3,0,0.467754,872,69,732,420,-1,-1,-1,-1
312,1,1,0.811218,477,371,156,106,-1,-1,-1,-1
312,2,1,0.778569,750,350,165,111,-1,-1,-1,-1
312,3,0,0.438058,867,69,736,420,-1,-1,-1,-1
313,1,1,0.808295,478,372,154,104,-1,-1,-1,-1
313,2,1,0.768609,747,350,170,110,-1,-1,-1,-1
313,3,0,0.442501,823,68,781,421,-1,-1,-1,-1
314,1,1,0.812445,478,371,155,106,-1,-1,-1,-1
314,2,1,0.769598,744,348,174,113,-1,-1,-1,-1
314,3,0,0.444312,842,68,762,421,-1,-1,-1,-1
315,1,1,0.815505,477,370,157,108,-1,-1,-1,-1
315,2,1,0.802155,743,346,177,115,-1,-1,-1,-1
315,3,0,0.454774,819,68,787,421,-1,-1,-1,-1
316,1,1,0.816498,477,371,156,106,-1,-1,-1,-1
316,2,1,0.776515,743,349,172,111,-1,-1,-1,-1
316,3,0,0.43838,814,68,792,421,-1,-1,-1,-1
317,1,1,0.81667,478,372,154,104,-1,-1,-1,-1
317,2,1,0.75166,743,349,174,111,-1,-1,-1,-1
317,3,0,0.515919,736,67,873,422,-1,-1,-1,-1
318,1,1,0.821735,480,372,151,104,-1,-1,-1,-1
318,2,1,0.774961,742,349,174,111,-1,-1,-1,-1
318,3,0,0.551564,722,66,884,423,-1,-1,-1,-1
319,1,1,0.823583,480,372,152,104,-1,-1,-1,-1
319,2,1,0.779415,742,348,174,111,-1,-1,-1,-1
319,3,0,0.552617,718,66,887,423,-1,-1,-1,-1
320,1,1,0.816987,479,372,153,104,-1,-1,-1,-1
320,2,1,0.763431,742,349,168,110,-1,-1,-1,-1
320,3,0,0.539161,714,66,893,422,-1,-1,-1,-1
321,1,1,0.818635,481,371,153,106,-1,-1,-1,-1
321,2,1,0.767467,741,349,169,110,-1,-1,-1,-1
321,3,0,0.54997,709,65,896,423,-1,-1,-1,-1
322,1,1,0.81895,478,371,155,106,-1,-1,-1,-1
322,2,1,0.773587,739,348,173,112,-1,-1,-1,-1
322,3,0,0.563608,711,65,894,423,-1,-1,-1,-1
323,1,1,0.817968,479,372,153,104,-1,-1,-1,-1
323,2,1,0.791378,743,346,164,113,-1,-1,-1,-1
323,3,0,0.559625,718,65,887,423,-1,-1,-1,-1
324,1,1,0.816722,479,372,153,104,-1,-1,-1,-1
324,2,1,0.7888,742,346,165,114,-1,-1,-1,-1
324,3,0,0.542005,722,65,882,423,-1,-1,-1,-1
325,1,1,0.814463,479,372,153,104,-1,-1,-1,-1
325,2,1,0.783357,742,347,165,113,-1,-1,-1,-1
325,3,0,0.552946,721,65,883,424,-1,-1,-1,-1
326,1,1,0.816918,481,371,153,106,-1,-1,-1,-1
326,2,1,0.795025,742,347,164,113,-1,-1,-1,-1
326,3,0,0.549934,728,65,877,424,-1,-1,-1,-1
327,1,1,0.818312,480,370,155,107,-1,-1,-1,-1
327,2,1,0.78654,741,347,164,113,-1,-1,-1,-1
327,3,0,0.555207,726,65,880,425,-1,-1,-1,-1
328,1,1,0.817134,480,369,156,108,-1,-1,-1,-1
328,2,1,0.775031,737,350,169,111,-1,-1,-1,-1
328,3,0,0.517924,739,65,866,425,-1,-1,-1,-1
329,1,1,0.816145,480,370,155,107,-1,-1,-1,-1
329,2,1,0.780371,742,348,160,111,-1,-1,-1,-1
329,3,0,0.537558,724,65,882,425,-1,-1,-1,-1
330,1,1,0.815852,480,370,156,107,-1,-1,-1,-1
330,2,1,0.78532,738,349,172,113,-1,-1,-1,-1
330,3,0,0.526576,728,65,878,425,-1,-1,-1,-1
331,1,1,0.817584,480,370,155,107,-1,-1,-1,-1
331,2,1,0.790215,733,348,175,115,-1,-1,-1,-1
331,3,0,0.529947,739,65,867,425,-1,-1,-1,-1
332,1,1,0.821679,480,371,155,106,-1,-1,-1,-1
332,2,1,0.793766,734,349,170,111,-1,-1,-1,-1
332,3,0,0.524482,738,66,870,424,-1,-1,-1,-1
333,1,1,0.820128,481,371,154,105,-1,-1,-1,-1
333,2,1,0.797796,741,348,160,111,-1,-1,-1,-1
333,3,0,0.588776,712,66,895,423,-1,-1,-1,-1
334,1,1,0.818648,481,371,153,105,-1,-1,-1,-1
334,2,1,0.794748,735,347,174,115,-1,-1,-1,-1
334,3,0,0.587776,709,66,897,424,-1,-1,-1,-1
335,1,1,0.816812,479,371,154,105,-1,-1,-1,-1
335,2,1,0.797451,739,346,163,114,-1,-1,-1,-1
335,3,0,0.570966,713,66,892,424,-1,-1,-1,-1
336,1,1,0.815901,479,372,154,104,-1,-1,-1,-1
336,2,1,0.798171,735,349,165,110,-1,-1,-1,-1
336,3,0,0.535877,717,66,889,424,-1,-1,-1,-1
337,1,1,0.810372,480,372,152,103,-1,-1,-1,-1
337,2,1,0.801077,738,348,160,111,-1,-1,-1,-1
337,3,0,0.566228,714,66,892,423,-1,-1,-1,-1
338,1,1,0.806451,480,372,151,103,-1,-1,-1,-1
338,2,1,0.799073,732,348,170,112,-1,-1,-1,-1
338,3,0,0.578933,706,66,899,423,-1,-1,-1,-1
339,1,1,0.805053,480,372,151,103,-1,-1,-1,-1
339,2,1,0.80312,733,348,165,112,-1,-1,-1,-1
339,3,0,0.554292,716,66,889,424,-1,-1,-1,-1
340,1,1,0.809065,480,372,152,103,-1,-1,-1,-1
340,2,1,0.796938,732,350,164,110,-1,-1,-1,-1
340,3,0,0.532828,722,66,883,424,-1,-1,-1,-1
341,1,1,0.809146,480,372,151,103,-1,-1,-1,-1
341,2,1,0.801208,731,350,164,109,-1,-1,-1,-1
341,3,0,0.570203,712,65,892,424,-1,-1,-1,-1
342,1,1,0.805773,479,372,153,104,-1,-1,-1,-1
342,2,1,0.80115,733,348,159,111,-1,-1,-1,-1
342,3,0,0.583674,708,65,895,425,-1,-1,-1,-1
343,1,1,0.818739,481,370,153,107,-1,-1,-1,-1
343,2,1,0.813064,733,348,158,112,-1,-1,-1,-1
343,3,0,0.581912,713,65,890,424,-1,-1,-1,-1
344,1,1,0.815436,480,369,155,109,-1,-1,-1,-1
344,2,1,0.800665,731,348,158,112,-1,-1,-1,-1
344,3,0,0.514495,734,65,869,424,-1,-1,-1,-1
345,1,1,0.812489,480,369,155,109,-1,-1,-1,-1
345,2,1,0.817246,729,347,161,113,-1,-1,-1,-1
345,3,0,0.512493,735,65,869,424,-1,-1,-1,-1
346,1,1,0.811027,480,369,155,109,-1,-1,-1,-1
346,2,1,0.817748,727,346,163,115,-1,-1,-1,-1
346,3,0,0.497599,744,65,860,423,-1,-1,-1,-1
347,1,1,0.808863,480,369,155,109,-1,-1,-1,-1
347,2,1,0.834093,727,348,159,113,-1,-1,-1,-1
347,3,0,0.518651,740,66,864,422,-1,-1,-1,-1
348,1,1,0.808124,479,370,154,106,-1,-1,-1,-1
348,2,1,0.820472,725,348,161,113,-1,-1,-1,-1
348,3,0,0.526827,736,66,867,423,-1,-1,-1,-1
349,1,1,0.807574,479,371,154,105,-1,-1,-1,-1
349,2,1,0.830102,726,348,163,112,-1,-1,-1,-1
349,3,0,0.515476,747,66,856,422,-1,-1,-1,-1
350,1,1,0.803623,480,372,152,103,-1,-1,-1,-1
350,2,1,0.821397,724,348,159,113,-1,-1,-1,-1
350,3,0,0.524573,735,66,869,422,-1,-1,-1,-1
351,1,1,0.795394,479,372,152,103,-1,-1,-1,-1
351,2,1,0.810508,722,347,159,114,-1,-1,-1,-1
351,3,0,0.547285,730,66,871,423,-1,-1,-1,-1
352,1,1,0.795024,479,372,152,103,-1,-1,-1,-1
352,2,1,0.810702,720,348,162,113,-1,-1,-1,-1
352,3,0,0.560488,723,67,880,422,-1,-1,-1,-1
353,1,1,0.79588,479,372,152,103,-1,-1,-1,-1
353,2,1,0.829874,722,348,160,113,-1,-1,-1,-1
353,3,0,0.500345,739,67,864,421,-1,-1,-1,-1
354,1,1,0.797294,479,372,152,103,-1,-1,-1,-1
354,2,1,0.818663,720,347,161,114,-1,-1,-1,-1
354,3,0,0.48669,740,67,864,421,-1,-1,-1,-1
355,1,1,0.798905,480,372,151,103,-1,-1,-1,-1
355,2,1,0.821254,720,348,160,113,-1,-1,-1,-1
355,3,0,0.482029,740,68,865,420,-1,-1,-1,-1
356,1,1,0.799164,481,371,152,106,-1,-1,-1,-1
356,2,1,0.805194,718,349,161,112,-1,-1,-1,-1
356,3,0,0.469229,742,68,863,420,-1,-1,-1,-1
357,1,1,0.796664,479,371,153,105,-1,-1,-1,-1
357,2,1,0.820223,718,349,160,111,-1,-1,-1,-1
357,3,0,0.461194,756,68,848,420,-1,-1,-1,-1
358,1,1,0.796249,479,371,153,105,-1,-1,-1,-1
358,2,1,0.8119,718,348,157,112,-1,-1,-1,-1
358,3,0,0.493054,735,68,869,420,-1,-1,-1,-1
359,1,1,0.795068,480,372,151,103,-1,-1,-1,-1
359,2,1,0.80905,716,348,160,113,-1,-1,-1,-1
359,3,0,0.479071,743,68,861,420,-1,-1,-1,-1
360,1,1,0.800559,479,372,152,104,-1,-1,-1,-1
360,2,1,0.829086,716,348,162,114,-1,-1,-1,-1
360,3,0,0.45918,760,68,844,420,-1,-1,-1,-1
361,1,1,0.802603,478,372,153,105,-1,-1,-1,-1
361,2,1,0.824045,717,348,161,113,-1,-1,-1,-1
361,3,0,0.489095,744,67,859,421,-1,-1,-1,-1
362,1,1,0.801215,478,371,154,105,-1,-1,-1,-1
362,2,1,0.822474,716,347,160,114,-1,-1,-1,-1
362,3,0,0.527378,724,67,879,421,-1,-1,-1,-1
363,1,1,0.799805,479,372,153,104,-1,-1,-1,-1
363,2,1,0.81854,714,347,161,114,-1,-1,-1,-1
363,3,0,0.518866,730,66,873,423,-1,-1,-1,-1
364,1,1,0.801093,480,372,151,103,-1,-1,-1,-1
364,2,1,0.820858,714,348,163,113,-1,-1,-1,-1
364,3,0,0.508992,740,66,864,422,-1,-1,-1,-1
365,1,1,0.805216,480,372,151,103,-1,-1,-1,-1
365,2,1,0.832068,715,348,163,113,-1,-1,-1,-1
365,3,0,0.504697,734,66,870,422,-1,-1,-1,-1
366,1,1,0.800197,481,371,152,105,-1,-1,-1,-1
366,2,1,0.839624,713,347,163,115,-1,-1,-1,-1
366,3,0,0.549087,709,66,893,422,-1,-1,-1,-1
367,1,1,0.800952,479,371,153,105,-1,-1,-1,-1
367,2,1,0.837124,709,348,163,113,-1,-1,-1,-1
367,3,0,0.536856,714,66,889,422,-1,-1,-1,-1
368,1,1,0.808881,480,372,151,104,-1,-1,-1,-1
368,2,1,0.82618,711,349,162,111,-1,-1,-1,-1
368,3,0,0.542749,718,67,885,422,-1,-1,-1,-1
369,1,1,0.805435,480,371,151,104,-1,-1,-1,-1
369,2,1,0.827934,711,348,163,114,-1,-1,-1,-1
369,3,0,0.513415,723,67,880,422,-1,-1,-1,-1
370,1,1,0.801674,479,371,152,105,-1,-1,-1,-1
370,2,1,0.827369,711,348,161,114,-1,-1,-1,-1
370,3,0,0.537923,713,67,891,421,-1,-1,-1,-1
371,1,1,0.799411,480,372,150,103,-1,-1,-1,-1
371,2,1,0.781581,709,348,162,114,-1,-1,-1,-1
371,3,0,0.540539,716,67,887,421,-1,-1,-1,-1
372,1,1,0.804885,480,372,150,103,-1,-1,-1,-1
372,2,1,0.792966,707,349,160,113,-1,-1,-1,-1
372,3,0,0.529742,721,68,883,421,-1,-1,-1,-1
373,1,1,0.804755,480,372,150,103,-1,-1,-1,-1
373,2,1,0.803275,706,348,161,114,-1,-1,-1,-1
373,3,0,0.541697,712,68,893,421,-1,-1,-1,-1
374,1,1,0.806754,480,372,150,103,-1,-1,-1,-1
374,2,1,0.821652,703,349,163,114,-1,-1,-1,-1
374,3,0,0.573803,707,68,898,421,-1,-1,-1,-1
375,1,1,0.803809,480,372,149,103,-1,-1,-1,-1
375,2,1,0.814636,704,349,162,114,-1,-1,-1,-1
375,3,0,0.558615,713,68,892,420,-1,-1,-1,-1
376,1,1,0.799895,479,372,151,103,-1,-1,-1,-1
376,2,1,0.79845,703,347,165,115,-1,-1,-1,-1
376,3,0,0.560937,711,68,895,420,-1,-1,-1,-1
377,1,1,0.796733,480,372,150,103,-1,-1,-1,-1
377,2,1,0.820354,702,348,162,114,-1,-1,-1,-1
377,3,0,0.548838,711,68,894,421,-1,-1,-1,-1
378,1,1,0.7927,479,372,151,104,-1,-1,-1,-1
378,2,1,0.813146,700,349,162,113,-1,-1,-1,-1
378,3,0,0.548064,710,68,895,421,-1,-1,-1,-1
379,1,1,0.791269,480,372,149,103,-1,-1,-1,-1
379,2,1,0.787701,700,348,163,115,-1,-1,-1,-1
379,3,0,0.555582,708,69,897,420,-1,-1,-1,-1
380,1,1,0.787897,479,372,150,103,-1,-1,-1,-1
380,2,1,0.77731,699,348,165,115,-1,-1,-1,-1
380,3,0,0.547921,709,69,895,420,-1,-1,-1,-1
381,1,1,0.791129,478,371,152,105,-1,-1,-1,-1
381,2,1,0.800251,695,349,164,114,-1,-1,-1,-1
381,3,0,0.56585,709,68,895,421,-1,-1,-1,-1
382,1,1,0.790013,479,372,150,104,-1,-1,-1,-1
382,2,1,0.795404,696,350,160,112,-1,-1,-1,-1
382,3,0,0.543299,709,68,896,420,-1,-1,-1,-1
383,1,1,0.78762,479,372,151,104,-1,-1,-1,-1
383,2,1,0.78052,695,350,161,112,-1,-1,-1,-1
383,3,0,0.544857,717,69,886,420,-1,-1,-1,-1
384,1,1,0.786881,479,372,150,104,-1,-1,-1,-1
384,2,1,0.796309,695,349,161,113,-1,-1,-1,-1
384,3,0,0.564835,703,69,900,420,-1,-1,-1,-1
385,1,1,0.792887,479,372,149,103,-1,-1,-1,-1
385,2,1,0.771351,695,349,163,113,-1,-1,-1,-1
385,3,0,0.523214,704,68,898,421,-1,-1,-1,-1
386,1,1,0.793147,479,372,149,103,-1,-1,-1,-1
386,2,1,0.76382,693,351,168,114,-1,-1,-1,-1
386,3,0,0.538405,702,68,900,421,-1,-1,-1,-1
387,1,1,0.788906,478,372,151,104,-1,-1,-1,-1
387,2,1,0.7652,692,350,168,115,-1,-1,-1,-1
387,3,0,0.53396,699,67,905,421,-1,-1,-1,-1
388,1,1,0.79635,479,373,149,102,-1,-1,-1,-1
388,2,1,0.77865,689,350,169,113,-1,-1,-1,-1
388,3,0,0.515631,700,67,902,422,-1,-1,-1,-1
389,1,1,0.79283,479,373,149,102,-1,-1,-1,-1
389,2,1,0.788834,691,351,168,112,-1,-1,-1,-1
389,3,0,0.496847,707,66,895,422,-1,-1,-1,-1
390,1,1,0.797194,479,373,149,102,-1,-1,-1,-1
390,2,1,0.796283,692,351,164,112,-1,-1,-1,-1
390,3,0,0.527617,704,66,900,422,-1,-1,-1,-1
391,1,1,0.796254,479,373,149,102,-1,-1,-1,-1
391,2,1,0.801212,691,351,167,112,-1,-1,-1,-1
391,3,0,0.555378,702,66,903,422,-1,-1,-1,-1
392,1,1,0.796133,478,372,151,103,-1,-1,-1,-1
392,2,1,0.792633,687,352,169,111,-1,-1,-1,-1
392,3,0,0.532365,703,66,902,423,-1,-1,-1,-1
393,1,1,0.809338,479,373,150,102,-1,-1,-1,-1
393,2,1,0.743041,689,354,165,109,-1,-1,-1,-1
393,3,0,0.562324,710,66,899,422,-1,-1,-1,-1
394,1,1,0.808855,479,373,150,102,-1,-1,-1,-1
394,2,1,0.764441,689,352,166,110,-1,-1,-1,-1
394,3,0,0.574263,710,67,896,421,-1,-1,-1,-1
395,1,1,0.811715,479,373,150,102,-1,-1,-1,-1
395,2,1,0.783475,687,353,166,109,-1,-1,-1,-1
395,3,0,0.582134,711,67,893,422,-1,-1,-1,-1
396,1,1,0.806952,479,373,150,102,-1,-1,-1,-1
396,2,1,0.7762,686,353,167,109,-1,-1,-1,-1
396,3,0,0.575919,712,68,893,421,-1,-1,-1,-1
397,1,1,0.808647,479,373,149,102,-1,-1,-1,-1
397,2,1,0.756669,686,353,167,109,-1,-1,-1,-1
397,3,0,0.55709,712,68,894,421,-1,-1,-1,-1
398,1,1,0.807537,479,373,149,102,-1,-1,-1,-1
398,2,1,0.784762,685,353,170,109,-1,-1,-1,-1
398,3,0,0.568948,713,68,892,421,-1,-1,-1,-1
399,1,1,0.810087,478,373,151,102,-1,-1,-1,-1
399,2,1,0.790398,682,353,170,109,-1,-1,-1,-1
399,3,0,0.573974,707,68,897,421,-1,-1,-1,-1
400,1,1,0.805982,479,373,150,102,-1,-1,-1,-1
400,2,1,0.78541,682,353,172,110,-1,-1,-1,-1
400,3,0,0.573928,705,68,900,421,-1,-1,-1,-1
401,1,1,0.800985,478,373,151,102,-1,-1,-1,-1
401,2,1,0.789088,680,352,170,111,-1,-1,-1,-1
401,3,0,0.580481,705,68,900,420,-1,-1,-1,-1
402,1,1,0.799748,479,373,150,102,-1,-1,-1,-1
402,2,1,0.78523,681,352,166,110,-1,-1,-1,-1
402,3,0,0.572848,710,67,896,422,-1,-1,-1,-1
403,1,1,0.799582,478,372,152,103,-1,-1,-1,-1
403,2,1,0.768867,679,354,167,108,-1,-1,-1,-1
403,3,0,0.560445,713,67,894,422,-1,-1,-1,-1
404,1,1,0.801247,479,373,150,102,-1,-1,-1,-1
404,2,1,0.772546,678,354,168,109,-1,-1,-1,-1
404,3,0,0.550432,716,67,890,422,-1,-1,-1,-1
405,1,1,0.798404,479,373,150,102,-1,-1,-1,-1
405,2,1,0.760214,677,354,170,109,-1,-1,-1,-1
405,3,0,0.556116,718,66,891,423,-1,-1,-1,-1
406,1,1,0.79797,479,373,150,103,-1,-1,-1,-1
406,2,1,0.771752,675,354,172,110,-1,-1,-1,-1
406,3,0,0.536427,715,66,896,423,-1,-1,-1,-1
407,1,1,0.796815,478,373,151,103,-1,-1,-1,-1
407,2,1,0.776138,674,354,170,110,-1,-1,-1,-1
407,3,0,0.543454,717,65,892,424,-1,-1,-1,-1
408,1,1,0.794452,478,372,151,103,-1,-1,-1,-1
408,2,1,0.770794,678,353,162,111,-1,-1,-1,-1
408,3,0,0.551336,721,65,887,423,-1,-1,-1,-1
409,1,1,0.79626,479,373,149,101,-1,-1,-1,-1
409,2,1,0.788432,675,352,163,112,-1,-1,-1,-1
409,3,0,0.544779,721,66,889,422,-1,-1,-1,-1
410,1,1,0.795204,479,373,149,101,-1,-1,-1,-1
410,2,1,0.760891,672,353,165,112,-1,-1,-1,-1
410,3,0,0.534896,722,66,884,422,-1,-1,-1,-1
411,1,1,0.796415,479,373,149,101,-1,-1,-1,-1
411,2,1,0.759872,671,354,166,111,-1,-1,-1,-1
411,3,0,0.539128,720,65,888,423,-1,-1,-1,-1
412,1,1,0.797758,479,373,149,101,-1,-1,-1,-1
412,2,1,0.792098,673,355,164,110,-1,-1,-1,-1
412,3,0,0.561093,721,65,883,423,-1,-1,-1,-1
413,1,1,0.792983,479,373,148,101,-1,-1,-1,-1
413,2,1,0.759222,671,354,167,111,-1,-1,-1,-1
413,3,0,0.569612,717,65,886,423,-1,-1,-1,-1
414,1,1,0.786503,479,373,148,101,-1,-1,-1,-1
414,2,1,0.765591,671,353,166,112,-1,-1,-1,-1
414,3,0,0.55257,713,65,891,423,-1,-1,-1,-1
415,1,1,0.78882,479,373,148,101,-1,-1,-1,-1
415,2,1,0.745186,670,354,166,111,-1,-1,-1,-1
415,3,0,0.553629,711,65,894,423,-1,-1,-1,-1
416,1,1,0.786155,479,373,147,101,-1,-1,-1,-1
416,2,1,0.714058,671,353,164,112,-1,-1,-1,-1
416,3,0,0.555337,716,65,887,423,-1,-1,-1,-1
417,1,1,0.779627,479,373,147,101,-1,-1,-1,-1
417,2,1,0.750705,669,353,163,113,-1,-1,-1,-1
417,3,0,0.540049,713,65,890,423,-1,-1,-1,-1
418,1,1,0.792993,479,373,149,102,-1,-1,-1,-1
418,2,1,0.758539,670,353,162,112,-1,-1,-1,-1
418,3,0,0.54562,700,66,901,422,-1,-1,-1,-1
419,1,1,0.793241,478,372,151,104,-1,-1,-1,-1
419,2,1,0.781903,669,353,165,113,-1,-1,-1,-1
419,3,0,0.537638,705,66,895,422,-1,-1,-1,-1
420,1,1,0.787521,478,372,151,104,-1,-1,-1,-1
420,2,1,0.773671,667,352,166,114,-1,-1,-1,-1
420,3,0,0.542997,703,67,898,422,-1,-1,-1,-1
421,1,1,0.789086,478,372,151,104,-1,-1,-1,-1
421,2,1,0.771334,666,352,165,114,-1,-1,-1,-1
421,3,0,0.544291,704,66,896,423,-1,-1,-1,-1
422,1,1,0.790557,478,372,151,104,-1,-1,-1,-1
422,2,1,0.798624,666,353,164,113,-1,-1,-1,-1
422,3,0,0.519806,720,66,881,423,-1,-1,-1,-1
423,1,1,0.789485,478,372,151,104,-1,-1,-1,-1
423,2,1,0.805482,665,354,162,112,-1,-1,-1,-1
423,3,0,0.498438,719,65,884,423,-1,-1,-1,-1
424,1,1,0.790266,478,372,151,104,-1,-1,-1,-1
424,2,1,0.779484,663,353,164,114,-1,-1,-1,-1
424,3,0,0.533654,713,65,890,424,-1,-1,-1,-1
425,1,1,0.789602,478,372,151,104,-1,-1,-1,-1
425,2,1,0.831706,664,353,164,113,-1,-1,-1,-1
425,3,0,0.553419,711,66,892,423,-1,-1,-1,-1
426,1,1,0.787455,478,372,151,104,-1,-1,-1,-1
426,2,1,0.832721,662,352,167,114,-1,-1,-1,-1
426,3,0,0.556743,712,66,889,423,-1,-1,-1,-1
427,1,1,0.787518,478,372,152,104,-1,-1,-1,-1
427,2,1,0.818604,663,352,163,114,-1,-1,-1,-1
427,3,0,0.553888,708,66,892,424,-1,-1,-1,-1
428,1,1,0.787121,479,372,150,104,-1,-1,-1,-1
428,2,1,0.80983,661,353,162,113,-1,-1,-1,-1
428,3,0,0.53324,713,66,888,424,-1,-1,-1,-1
429,1,1,0.787486,478,372,151,104,-1,-1,-1,-1
429,2,1,0.752196,659,354,164,112,-1,-1,-1,-1
429,3,0,0.532856,724,66,877,424,-1,-1,-1,-1
430,1,1,0.78221,478,372,151,104,-1,-1,-1,-1
430,2,1,0.78963,660,355,163,110,-1,-1,-1,-1
430,3,0,0.522821,721,66,881,423,-1,-1,-1,-1
431,1,1,0.786753,477,372,152,103,-1,-1,-1,-1
431,2,1,0.751156,658,355,165,110,-1,-1,-1,-1
431,3,0,0.516398,729,66,872,424,-1,-1,-1,-1
432,1,1,0.79139,478,372,151,103,-1,-1,-1,-1
432,2,1,0.78689,657,354,167,111,-1,-1,-1,-1
432,3,0,0.511733,728,66,875,423,-1,-1,-1,-1
433,1,1,0.792244,477,371,153,105,-1,-1,-1,-1
433,2,1,0.817776,657,354,167,111,-1,-1,-1,-1
433,3,0,0.487818,727,66,876,424,-1,-1,-1,-1
434,1,1,0.794886,477,372,153,103,-1,-1,-1,-1
434,2,1,0.784775,654,354,166,111,-1,-1,-1,-1
434,3,0,0.492125,725,66,877,423,-1,-1,-1,-1
435,1,1,0.79497,478,373,151,101,-1,-1,-1,-1
435,2,1,0.781691,653,353,165,112,-1,-1,-1,-1
435,3,0,0.478049,730,66,872,423,-1,-1,-1,-1
436,1,1,0.792347,478,373,150,101,-1,-1,-1,-1
436,2,1,0.798649,651,352,171,113,-1,-1,-1,-1
436,3,0,0.522606,720,66,882,423,-1,-1,-1,-1
437,1,1,0.786767,478,373,149,101,-1,-1,-1,-1
437,2,1,0.811902,650,352,172,115,-1,-1,-1,-1
437,3,0,0.549196,716,66,885,423,-1,-1,-1,-1
438,1,1,0.786539,478,373,149,101,-1,-1,-1,-1
438,2,1,0.783549,650,352,167,115,-1,-1,-1,-1
438,3,0,0.526668,714,67,887,422,-1,-1,-1,-1
439,1,1,0.783245,478,373,149,101,-1,-1,-1,-1
439,2,1,0.794981,648,353,171,114,-1,-1,-1,-1
439,3,0,0.546587,715,67,884,422,-1,-1,-1,-1
440,1,1,0.786518,478,373,150,101,-1,-1,-1,-1
440,2,1,0.79496,648,352,167,113,-1,-1,-1,-1
440,3,0,0.557075,708,67,893,423,-1,-1,-1,-1
441,1,1,0.778031,478,373,149,101,-1,-1,-1,-1
441,2,1,0.760303,647,354,168,112,-1,-1,-1,-1
441,3,0,0.539114,718,67,882,422,-1,-1,-1,-1
442,1,1,0.771817,478,373,149,101,-1,-1,-1,-1
442,2,1,0.763091,647,354,170,115,-1,-1,-1,-1
442,3,0,0.533603,727,68,873,421,-1,-1,-1,-1
443,1,1,0.778401,478,372,149,102,-1,-1,-1,-1
443,2,1,0.799354,646,352,169,115,-1,-1,-1,-1
443,3,0,0.544618,730,67,872,421,-1,-1,-1,-1
444,1,1,0.781356,477,371,152,104,-1,-1,-1,-1
444,2,1,0.786292,646,353,170,114,-1,-1,-1,-1
444,3,0,0.547459,736,67,865,421,-1,-1,-1,-1
445,1,1,0.790668,477,371,151,104,-1,-1,-1,-1
445,2,1,0.717644,648,359,167,111,-1,-1,-1,-1
445,3,0,0.533739,733,67,868,421,-1,-1,-1,-1
446,1,1,0.783542,477,371,151,104,-1,-1,-1,-1
446,2,1,0.763201,646,356,170,113,-1,-1,-1,-1
446,3,0,0.56466,723,67,877,421,-1,-1,-1,-1
447,1,1,0.787792,477,371,152,104,-1,-1,-1,-1
447,2,1,0.798261,644,354,172,115,-1,-1,-1,-1
447,3,0,0.53763,730,67,869,421,-1,-1,-1,-1
448,1,1,0.79251,477,371,153,104,-1,-1,-1,-1
448,2,1,0.760311,643,355,167,112,-1,-1,-1,-1
448,3,0,0.542536,729,68,871,420,-1,-1,-1,-1
449,1,1,0.790468,477,371,153,104,-1,-1,-1,-1
449,2,1,0.76828,643,355,169,113,-1,-1,-1,-1
449,3,0,0.561299,730,68,871,420,-1,-1,-1,-1
450,1,1,0.780279,478,371,151,104,-1,-1,-1,-1
450,2,1,0.799995,641,353,169,114,-1,-1,-1,-1
450,3,0,0.559171,726,68,874,421,-1,-1,-1,-1
451,1,1,0.787916,477,371,153,104,-1,-1,-1,-1
451,2,1,0.776452,640,354,166,114,-1,-1,-1,-1
451,3,0,0.54811,716,68,884,420,-1,-1,-1,-1
452,1,1,0.793615,477,371,154,104,-1,-1,-1,-1
452,2,1,0.765035,638,355,167,113,-1,-1,-1,-1
452,3,0,0.569331,717,68,884,421,-1,-1,-1,-1
453,1,1,0.782526,478,371,151,104,-1,-1,-1,-1
453,2,1,0.78632,638,355,166,112,-1,-1,-1,-1
453,3,0,0.570814,713,68,889,421,-1,-1,-1,-1
454,1,1,0.790285,477,371,152,104,-1,-1,-1,-1
454,2,1,0.782966,637,354,167,113,-1,-1,-1,-1
454,3,0,0.564271,714,68,886,421,-1,-1,-1,-1
455,1,1,0.784113,477,371,152,104,-1,-1,-1,-1
455,2,1,0.790303,636,354,163,112,-1,-1,-1,-1
455,3,0,0.545498,717,68,882,421,-1,-1,-1,-1
456,1,1,0.782539,476,371,153,104,-1,-1,-1,-1
456,2,1,0.793617,634,353,165,113,-1,-1,-1,-1
456,3,0,0.552485,714,68,886,421,-1,-1,-1,-1
457,1,1,0.784148,476,372,152,103,-1,-1,-1,-1
457,2,1,0.782393,634,354,164,112,-1,-1,-1,-1
457,3,0,0.525216,713,67,886,421,-1,-1,-1,-1
458,1,1,0.785706,478,372,148,103,-1,-1,-1,-1
458,2,1,0.799197,634,355,164,111,-1,-1,-1,-1
458,3,0,0.525339,716,68,884,420,-1,-1,-1,-1
459,1,1,0.784975,477,371,151,104,-1,-1,-1,-1
459,2,1,0.809423,633,354,166,113,-1,-1,-1,-1
459,3,0,0.532587,723,68,876,420,-1,-1,-1,-1
460,1,1,0.783245,479,372,147,103,-1,-1,-1,-1
460,2,1,0.780581,631,355,169,112,-1,-1,-1,-1
460,3,0,0.544136,724,69,876,419,-1,-1,-1,-1
461,1,1,0.784943,476,371,153,104,-1,-1,-1,-1
461,2,1,0.806218,633,354,165,111,-1,-1,-1,-1
461,3,0,0.533432,730,69,871,420,-1,-1,-1,-1
462,1,1,0.779072,476,371,152,103,-1,-1,-1,-1
462,2,1,0.824479,630,354,170,113,-1,-1,-1,-1
462,3,0,0.535818,729,68,873,420,-1,-1,-1,-1
463,1,1,0.773037,477,372,150,102,-1,-1,-1,-1
463,2,1,0.818341,629,353,170,115,-1,-1,-1,-1
463,3,0,0.542123,723,69,879,420,-1,-1,-1,-1
464,1,1,0.780749,478,372,149,102,-1,-1,-1,-1
464,2,1,0.809605,628,353,167,113,-1,-1,-1,-1
464,3,0,0.545304,727,68,874,421,-1,-1,-1,-1
465,1,1,0.769488,479,371,146,103,-1,-1,-1,-1
465,2,1,0.83013,627,354,164,112,-1,-1,-1,-1
465,3,0,0.525219,722,68,879,421,-1,-1,-1,-1
466,1,1,0.757511,478,370,147,105,-1,-1,-1,-1
466,2,1,0.833844,626,355,164,112,-1,-1,-1,-1
466,3,0,0.5371,721,68,878,422,-1,-1,-1,-1
467,1,1,0.775411,478,370,147,105,-1,-1,-1,-1
467,2,1,0.821354,626,354,166,112,-1,-1,-1,-1
467,3,0,0.548726,717,68,884,422,-1,-1,-1,-1
468,1,1,0.767151,478,371,145,104,-1,-1,-1,-1
468,2,1,0.822887,625,354,168,113,-1,-1,-1,-1
468,3,0,0.595881,739,68,862,421,-1,-1,-1,-1
469,1,1,0.756772,478,371,144,103,-1,-1,-1,-1
469,2,1,0.816049,622,356,168,113,-1,-1,-1,-1
469,3,0,0.588558,725,68,877,422,-1,-1,-1,-1
470,1,1,0.748579,479,372,142,101,-1,-1,-1,-1
470,2,1,0.835313,622,356,166,112,-1,-1,-1,-1
470,3,0,0.586887,741,69,860,420,-1,-1,-1,-1
471,1,1,0.751369,480,372,141,101,-1,-1,-1,-1
471,2,1,0.834369,621,355,166,112,-1,-1,-1,-1
471,3,0,0.571247,745,68,858,421,-1,-1,-1,-1
472,1,1,0.741441,480,372,141,101,-1,-1,-1,-1
472,2,1,0.818399,620,357,167,111,-1,-1,-1,-1
472,3,0,0.557195,743,68,861,422,-1,-1,-1,-1
473,1,1,0.753017,480,372,140,101,-1,-1,-1,-1
473,2,1,0.822886,619,356,168,112,-1,-1,-1,-1
473,3,0,0.564079,742,68,863,422,-1,-1,-1,-1
474,1,1,0.761634,480,372,141,101,-1,-1,-1,-1
474,2,1,0.815147,617,355,172,114,-1,-1,-1,-1
474,3,0,0.546242,741,68,866,422,-1,-1,-1,-1
475,1,1,0.764217,479,372,142,101,-1,-1,-1,-1
475,2,1,0.788855,618,355,169,113,-1,-1,-1,-1
475,3,0,0.530147,737,67,868,423,-1,-1,-1,-1
476,1,1,0.756269,480,372,140,101,-1,-1,-1,-1
476,2,1,0.810286,614,355,173,115,-1,-1,-1,-1
476,3,0,0.527683,727,67,878,423,-1,-1,-1,-1
477,1,1,0.753449,480,372,140,101,-1,-1,-1,-1
477,2,1,0.829942,612,356,175,115,-1,-1,-1,-1
477,3,0,0.509636,729,66,875,424,-1,-1,-1,-1
478,1,1,0.755052,480,372,141,101,-1,-1,-1,-1
478,2,1,0.821551,616,354,171,114,-1,-1,-1,-1
478,3,0,0.508948,740,66,865,424,-1,-1,-1,-1
479,1,1,0.745097,479,372,142,101,-1,-1,-1,-1
479,2,1,0.802017,613,356,172,114,-1,-1,-1,-1
479,3,0,0.517339,744,67,861,423,-1,-1,-1,-1
480,1,1,0.74444,480,372,141,101,-1,-1,-1,-1
480,2,1,0.768965,611,357,173,113,-1,-1,-1,-1
480,3,0,0.509213,745,66,862,423,-1,-1,-1,-1
481,1,1,0.748785,480,372,141,101,-1,-1,-1,-1
481,2,1,0.810638,613,358,171,110,-1,-1,-1,-1
481,3,0,0.527964,746,66,859,424,-1,-1,-1,-1
482,1,1,0.747002,479,372,143,102,-1,-1,-1,-1
482,2,1,0.789384,612,358,170,109,-1,-1,-1,-1
482,3,0,0.53887,743,66,861,424,-1,-1,-1,-1
483,1,1,0.735676,480,372,141,101,-1,-1,-1,-1
483,2,1,0.778227,606,358,176,112,-1,-1,-1,-1
483,3,0,0.542685,742,66,860,423,-1,-1,-1,-1
484,1,1,0.747253,479,372,143,102,-1,-1,-1,-1
484,2,1,0.771168,612,359,166,108,-1,-1,-1,-1
484,3,0,0.553891,746,66,855,423,-1,-1,-1,-1
485,1,1,0.74995,480,373,140,100,-1,-1,-1,-1
485,2,1,0.798114,614,359,166,107,-1,-1,-1,-1
485,3,0,0.570787,755,66,847,423,-1,-1,-1,-1
486,1,1,0.748716,480,373,141,100,-1,-1,-1,-1
486,2,1,0.769347,608,358,171,109,-1,-1,-1,-1
486,3,0,0.555975,759,66,845,423,-1,-1,-1,-1
487,1,1,0.732816,480,372,141,101,-1,-1,-1,-1
487,2,1,0.803813,608,357,172,111,-1,-1,-1,-1
487,3,0,0.566634,759,66,846,424,-1,-1,-1,-1
488,1,1,0.737962,480,372,140,101,-1,-1,-1,-1
488,2,1,0.780479,610,357,169,111,-1,-1,-1,-1
488,3,0,0.572922,762,67,841,423,-1,-1,-1,-1
489,1,1,0.735841,479,371,143,102,-1,-1,-1,-1
489,2,1,0.782228,606,357,172,110,-1,-1,-1,-1
489,3,0,0.563479,757,66,847,423,-1,-1,-1,-1
490,1,1,0.727715,480,372,141,101,-1,-1,-1,-1
490,2,1,0.789285,604,356,177,114,-1,-1,-1,-1
490,3,0,0.552084,756,66,849,423,-1,-1,-1,-1
491,1,1,0.729347,480,372,142,101,-1,-1,-1,-1
491,2,1,0.788463,605,355,175,115,-1,-1,-1,-1
491,3,0,0.560928,754,66,851,424,-1,-1,-1,-1
492,1,1,0.723025,479,371,142,102,-1,-1,-1,-1
492,2,1,0.799847,603,354,175,115,-1,-1,-1,-1
492,3,0,0.554767,756,66,851,424,-1,-1,-1,-1
493,1,1,0.735227,478,371,141,102,-1,-1,-1,-1
493,2,1,0.815579,603,354,174,114,-1,-1,-1,-1
493,3,0,0.64753,768,68,831,421,-1,-1,-1,-1
494,1,1,0.734593,477,370,143,104,-1,-1,-1,-1
494,2,1,0.83787,603,353,171,116,-1,-1,-1,-1
494,3,0,0.627328,756,68,845,421,-1,-1,-1,-1
495,1,1,0.737987,477,370,143,104,-1,-1,-1,-1
495,2,1,0.82085,602,353,172,116,-1,-1,-1,-1
495,3,0,0.613069,747,67,854,422,-1,-1,-1,-1
496,1,1,0.737108,477,370,142,104,-1,-1,-1,-1
496,2,1,0.822048,601,353,175,116,-1,-1,-1,-1
496,3,0,0.604521,755,67,845,422,-1,-1,-1,-1
497,1,1,0.746414,477,370,143,104,-1,-1,-1,-1
497,2,1,0.796504,601,355,174,113,-1,-1,-1,-1
497,3,0,0.59392,756,67,844,422,-1,-1,-1,-1
498,1,1,0.735867,477,370,143,104,-1,-1,-1,-1
498,2,1,0.813142,601,356,171,114,-1,-1,-1,-1
498,3,0,0.597729,754,66,846,423,-1,-1,-1,-1
499,1,1,0.734653,477,370,143,104,-1,-1,-1,-1
499,2,1,0.820294,601,355,172,115,-1,-1,-1,-1
499,3,0,0.60611,759,67,842,422,-1,-1,-1,-1
500,1,1,0.737219,477,371,143,103,-1,-1,-1,-1
500,2,1,0.808336,603,353,172,115,-1,-1,-1,-1
500,3,0,0.57664,757,67,842,423,-1,-1,-1,-1
501,1,1,0.752134,477,371,144,104,-1,-1,-1,-1
501,2,1,0.788196,604,357,173,114,-1,-1,-1,-1
501,3,0,0.576158,762,67,838,423,-1,-1,-1,-1
502,1,1,0.746293,477,371,144,104,-1,-1,-1,-1
502,2,1,0.819953,603,355,171,115,-1,-1,-1,-1
502,3,0,0.595063,765,66,835,423,-1,-1,-1,-1
503,1,1,0.743493,477,371,143,104,-1,-1,-1,-1
503,2,1,0.836392,601,355,170,114,-1,-1,-1,-1
503,3,0,0.595683,763,67,838,422,-1,-1,-1,-1
504,1,1,0.747261,477,372,143,103,-1,-1,-1,-1
504,2,1,0.828589,599,354,175,115,-1,-1,-1,-1
504,3,0,0.584472,752,67,849,423,-1,-1,-1,-1
505,1,1,0.743596,478,373,141,101,-1,-1,-1,-1
505,2,1,0.827711,597,355,174,115,-1,-1,-1,-1
505,3,0,0.592997,763,67,838,422,-1,-1,-1,-1
506,1,1,0.743175,478,373,141,101,-1,-1,-1,-1
506,2,1,0.831296,596,354,173,116,-1,-1,-1,-1
506,3,0,0.600691,762,67,840,422,-1,-1,-1,-1
507,1,1,0.746092,479,372,141,102,-1,-1,-1,-1
507,2,1,0.841655,596,353,172,115,-1,-1,-1,-1
507,3,0,0.598452,758,67,843,423,-1,-1,-1,-1
508,1,1,0.75238,477,372,143,103,-1,-1,-1,-1
508,2,1,0.835876,597,352,173,116,-1,-1,-1,-1
508,3,0,0.594204,756,67,846,423,-1,-1,-1,-1
509,1,1,0.750078,478,373,141,102,-1,-1,-1,-1
509,2,1,0.801914,596,353,173,117,-1,-1,-1,-1
509,3,0,0.573992,758,66,843,424,-1,-1,-1,-1
510,1,1,0.743162,478,372,141,102,-1,-1,-1,-1
510,2,1,0.852828,593,353,174,117,-1,-1,-1,-1
510,3,0,0.58203,745,66,857,424,-1,-1,-1,-1
511,1,1,0.752133,479,372,140,102,-1,-1,-1,-1
511,2,1,0.84283,592,354,175,116,-1,-1,-1,-1
511,3,0,0.593672,751,66,849,423,-1,-1,-1,-1
512,1,1,0.741351,478,371,142,104,-1,-1,-1,-1
512,2,1,0.840345,594,353,173,116,-1,-1,-1,-1
512,3,0,0.57902,740,66,861,424,-1,-1,-1,-1
513,1,1,0.744111,477,371,142,103,-1,-1,-1,-1
513,2,1,0.816595,592,353,175,118,-1,-1,-1,-1
513,3,0,0.570609,733,67,868,423,-1,-1,-1,-1
514,1,1,0.742506,478,372,141,102,-1,-1,-1,-1
514,2,1,0.846464,591,352,175,118,-1,-1,-1,-1
514,3,0,0.594004,724,66,876,424,-1,-1,-1,-1
515,1,1,0.735956,478,373,140,100,-1,-1,-1,-1
515,2,1,0.849723,592,352,172,118,-1,-1,-1,-1
515,3,0,0.599394,727,66,873,424,-1,-1,-1,-1
516,1,1,0.735337,478,373,140,101,-1,-1,-1,-1
516,2,1,0.844762,594,353,168,116,-1,-1,-1,-1
516,3,0,0.597069,722,66,879,424,-1,-1,-1,-1
517,1,1,0.731912,478,372,142,102,-1,-1,-1,-1
517,2,1,0.845403,592,354,169,115,-1,-1,-1,-1
517,3,0,0.578322,720,66,880,424,-1,-1,-1,-1
518,1,1,0.754311,479,373,139,101,-1,-1,-1,-1
518,2,1,0.850402,591,354,171,116,-1,-1,-1,-1
518,3,0,0.607117,708,66,891,424,-1,-1,-1,-1
519,1,1,0.749281,480,374,137,99,-1,-1,-1,-1
519,2,1,0.836571,592,353,171,116,-1,-1,-1,-1
519,3,0,0.607316,715,66,884,424,-1,-1,-1,-1
520,1,1,0.750276,480,374,137,99,-1,-1,-1,-1
520,2,1,0.837322,592,353,171,116,-1,-1,-1,-1
520,3,0,0.639638,693,67,907,424,-1,-1,-1,-1
521,1,1,0.728942,480,373,137,100,-1,-1,-1,-1
521,2,1,0.846816,590,354,170,115,-1,-1,-1,-1
521,3,0,0.644724,690,67,910,424,-1,-1,-1,-1
522,1,1,0.733189,480,373,137,100,-1,-1,-1,-1
522,2,1,0.838771,590,354,169,115,-1,-1,-1,-1
522,3,0,0.645682,692,67,908,424,-1,-1,-1,-1
523,1,1,0.733915,479,373,138,100,-1,-1,-1,-1
523,2,1,0.838932,590,354,168,114,-1,-1,-1,-1
523,3,0,0.651872,691,67,909,424,-1,-1,-1,-1
524,1,1,0.719582,479,373,138,100,-1,-1,-1,-1
524,2,1,0.833606,589,355,169,114,-1,-1,-1,-1
524,3,0,0.647669,685,66,914,425,-1,-1,-1,-1
525,1,1,0.722746,479,373,137,100,-1,-1,-1,-1
525,2,1,0.828312,588,355,170,115,-1,-1,-1,-1
525,3,0,0.649465,683,66,915,425,-1,-1,-1,-1
526,1,1,0.725417,478,372,139,101,-1,-1,-1,-1
526,2,1,0.81466,587,355,172,116,-1,-1,-1,-1
526,3,0,0.651317,686,66,913,424,-1,-1,-1,-1
527,1,1,0.72945,479,373,137,99,-1,-1,-1,-1
527,2,1,0.802921,586,355,171,114,-1,-1,-1,-1
527,3,0,0.663754,691,66,907,424,-1,-1,-1,-1
528,1,1,0.732547,479,373,137,99,-1,-1,-1,-1
528,2,1,0.80166,585,355,172,114,-1,-1,-1,-1
528,3,0,0.642799,691,66,907,424,-1,-1,-1,-1
529,1,1,0.72194,479,373,136,99,-1,-1,-1,-1
529,2,1,0.811311,583,355,170,115,-1,-1,-1,-1
529,3,0,0.644126,689,67,910,423,-1,-1,-1,-1
530,1,1,0.712707,479,372,137,100,-1,-1,-1,-1
530,2,1,0.809962,582,354,174,117,-1,-1,-1,-1
530,3,0,0.660293,693,67,905,423,-1,-1,-1,-1
531,1,1,0.713999,478,371,139,101,-1,-1,-1,-1
531,2,1,0.817508,583,355,172,115,-1,-1,-1,-1
531,3,0,0.662547,694,66,905,423,-1,-1,-1,-1
532,1,1,0.697543,479,372,137,99,-1,-1,-1,-1
532,2,1,0.817669,582,356,172,115,-1,-1,-1,-1
532,3,0,0.658491,694,66,905,423,-1,-1,-1,-1
533,1,1,0.682182,480,372,135,99,-1,-1,-1,-1
533,2,1,0.822158,581,355,167,117,-1,-1,-1,-1
533,3,0,0.654142,694,67,905,423,-1,-1,-1,-1
534,1,1,0.675587,480,372,136,99,-1,-1,-1,-1
534,2,1,0.802738,579,357,168,114,-1,-1,-1,-1
534,3,0,0.661137,698,67,901,423,-1,-1,-1,-1
535,1,1,0.676619,480,372,136,99,-1,-1,-1,-1
535,2,1,0.772249,580,356,168,113,-1,-1,-1,-1
535,3,0,0.664539,698,67,901,423,-1,-1,-1,-1
536,1,1,0.64575,480,372,136,99,-1,-1,-1,-1
536,2,1,0.778901,580,357,164,111,-1,-1,-1,-1
536,3,0,0.657854,690,66,910,423,-1,-1,-1,-1
537,1,1,0.661362,480,372,136,99,-1,-1,-1,-1
537,2,1,0.800509,578,356,166,114,-1,-1,-1,-1
537,3,0,0.66375,693,66,906,424,-1,-1,-1,-1
538,1,1,0.639058,480,372,137,100,-1,-1,-1,-1
538,2,1,0.820462,576,356,167,115,-1,-1,-1,-1
538,3,0,0.679152,692,66,907,424,-1,-1,-1,-1
539,1,1,0.660979,479,371,139,101,-1,-1,-1,-1
539,2,1,0.807273,575,355,167,116,-1,-1,-1,-1
539,3,0,0.674705,691,67,908,424,-1,-1,-1,-1
540,1,1,0.660636,479,371,138,101,-1,-1,-1,-1
540,2,1,0.810599,576,356,164,115,-1,-1,-1,-1
540,3,0,0.662236,691,67,908,423,-1,-1,-1,-1
541,1,1,0.647677,480,372,136,99,-1,-1,-1,-1
541,2,1,0.808049,573,357,165,116,-1,-1,-1,-1
541,3,0,0.663278,691,68,907,422,-1,-1,-1,-1
542,1,1,0.618399,481,371,135,100,-1,-1,-1,-1
542,2,1,0.821011,573,357,166,116,-1,-1,-1,-1
542,3,0,0.668262,691,67,906,423,-1,-1,-1,-1
543,1,1,0.594843,479,370,138,101,-1,-1,-1,-1
543,2,1,0.832729,571,359,168,113,-1,-1,-1,-1
543,3,0,0.709212,679,68,919,422,-1,-1,-1,-1
544,1,1,0.606465,480,371,136,100,-1,-1,-1,-1
544,2,1,0.793349,572,359,166,112,-1,-1,-1,-1
544,3,0,0.69275,678,68,921,422,-1,-1,-1,-1
545,1,1,0.571944,480,370,137,101,-1,-1,-1,-1
545,2,1,0.830225,571,360,167,111,-1,-1,-1,-1
545,3,0,0.705127,677,67,921,422,-1,-1,-1,-1
546,1,1,0.548172,480,370,136,101,-1,-1,-1,-1
546,2,1,0.823763,572,359,165,112,-1,-1,-1,-1
546,3,0,0.706476,676,67,923,422,-1,-1,-1,-1
547,1,1,0.550623,481,371,135,100,-1,-1,-1,-1
547,2,1,0.823623,573,360,161,109,-1,-1,-1,-1
547,3,0,0.687897,679,67,920,422,-1,-1,-1,-1
548,1,1,0.545127,480,370,136,101,-1,-1,-1,-1
548,2,1,0.818424,572,360,165,111,-1,-1,-1,-1
548,3,0,0.686787,681,67,919,423,-1,-1,-1,-1
549,1,1,0.543232,480,369,136,102,-1,-1,-1,-1
549,2,1,0.814535,572,359,166,113,-1,-1,-1,-1
549,3,0,0.664358,675,68,924,422,-1,-1,-1,-1
550,1,1,0.5648,480,369,136,102,-1,-1,-1,-1
550,2,1,0.776783,571,361,165,111,-1,-1,-1,-1
550,3,0,0.670394,675,68,923,422,-1,-1,-1,-1
551,1,1,0.524078,481,370,135,101,-1,-1,-1,-1
551,2,1,0.788634,572,360,164,111,-1,-1,-1,-1
551,3,0,0.649156,682,68,916,421,-1,-1,-1,-1
552,1,1,0.546352,480,369,136,102,-1,-1,-1,-1
552,2,1,0.789724,572,359,163,112,-1,-1,-1,-1
552,3,0,0.62632,684,68,914,421,-1,-1,-1,-1
553,1,1,0.579556,481,370,134,101,-1,-1,-1,-1
553,2,1,0.80567,574,358,163,113,-1,-1,-1,-1
553,3,0,0.624483,681,67,917,422,-1,-1,-1,-1
554,1,1,0.539431,480,369,136,102,-1,-1,-1,-1
554,2,1,0.8107,572,358,162,114,-1,-1,-1,-1
554,3,0,0.623016,682,67,915,423,-1,-1,-1,-1
555,1,1,0.517723,482,369,133,101,-1,-1,-1,-1
555,2,1,0.80119,572,358,162,113,-1,-1,-1,-1
555,3,0,0.635719,685,67,916,422,-1,-1,-1,-1
556,1,1,0.53408,481,369,134,102,-1,-1,-1,-1
556,2,1,0.801861,573,357,159,114,-1,-1,-1,-1
556,3,0,0.626451,684,67,914,422,-1,-1,-1,-1
557,1,1,0.49915,481,368,134,100,-1,-1,-1,-1
557,2,1,0.76904,569,359,160,113,-1,-1,-1,-1
557,3,0,0.63756,680,67,918,422,-1,-1,-1,-1
558,1,1,0.439581,481,366,145,103,-1,-1,-1,-1
558,2,1,0.71294,563,362,170,114,-1,-1,-1,-1
558,3,0,0.655305,679,67,919,422,-1,-1,-1,-1
559,1,1,0.467634,482,368,134,100,-1,-1,-1,-1
559,2,1,0.715139,563,359,170,115,-1,-1,-1,-1
559,3,0,0.633674,680,68,917,422,-1,-1,-1,-1
560,1,1,0.454275,483,367,133,100,-1,-1,-1,-1
560,2,1,0.74631,566,358,164,116,-1,-1,-1,-1
560,3,0,0.642713,679,68,918,422,-1,-1,-1,-1
561,1,1,0.46964,483,368,133,99,-1,-1,-1,-1
561,2,1,0.728355,562,358,171,117,-1,-1,-1,-1
561,3,0,0.621338,679,67,918,423,-1,-1,-1,-1
562,1,1,0.423958,484,368,135,98,-1,-1,-1,-1
562,2,1,0.69885,560,357,172,118,-1,-1,-1,-1
562,3,0,0.62317,681,66,917,424,-1,-1,-1,-1
563,1,1,0.41296,485,368,134,97,-1,-1,-1,-1
563,2,1,0.691454,561,358,169,117,-1,-1,-1,-1
563,3,0,0.64255,675,67,924,423,-1,-1,-1,-1
564,1,1,0.432879,484,367,136,98,-1,-1,-1,-1
564,2,1,0.734558,560,360,167,116,-1,-1,-1,-1
564,3,0,0.632932,678,67,919,423,-1,-1,-1,-1
565,1,1,0.434815,483,368,132,98,-1,-1,-1,-1
565,2,1,0.68689,556,359,172,118,-1,-1,-1,-1
565,3,0,0.614051,676,67,921,422,-1,-1,-1,-1
566,1,1,0.451304,482,368,132,100,-1,-1,-1,-1
566,2,1,0.624776,555,364,171,112,-1,-1,-1,-1
566,3,0,0.648119,678,67,919,422,-1,-1,-1,-1
567,1,1,0.48093,482,369,133,100,-1,-1,-1,-1
567,2,1,0.643853,556,363,170,113,-1,-1,-1,-1
567,3,0,0.665437,676,68,922,422,-1,-1,-1,-1
568,1,1,0.529054,483,368,131,99,-1,-1,-1,-1
568,2,1,0.69627,553,361,174,115,-1,-1,-1,-1
568,3,0,0.659255,674,68,930,421,-1,-1,-1,-1
569,1,1,0.482746,483,368,132,99,-1,-1,-1,-1
569,2,1,0.727431,555,358,174,118,-1,-1,-1,-1
569,3,0,0.642283,675,68,928,421,-1,-1,-1,-1
570,1,1,0.491837,483,369,130,97,-1,-1,-1,-1
570,2,1,0.7166,554,358,175,118,-1,-1,-1,-1
570,3,0,0.652388,676,67,925,421,-1,-1,-1,-1
571,1,1,0.458891,484,368,130,98,-1,-1,-1,-1
571,2,1,0.754983,553,358,168,117,-1,-1,-1,-1
571,3,0,0.65359,673,67,927,422,-1,-1,-1,-1
572,1,1,0.461207,484,367,131,99,-1,-1,-1,-1
572,2,1,0.741146,537,360,177,117,-1,-1,-1,-1
572,3,0,0.632619,670,67,931,422,-1,-1,-1,-1
573,1,1,0.460413,484,367,131,99,-1,-1,-1,-1
573,2,1,0.74983,548,357,171,119,-1,-1,-1,-1
573,3,0,0.642059,678,67,922,423,-1,-1,-1,-1
574,1,1,0.463719,483,367,132,99,-1,-1,-1,-1
574,2,1,0.742932,544,357,178,121,-1,-1,-1,-1
574,3,0,0.655107,683,66,918,423,-1,-1,-1,-1
575,1,1,0.486991,481,366,135,101,-1,-1,-1,-1
575,2,1,0.745467,530,359,190,120,-1,-1,-1,-1
575,3,0,0.673218,685,66,915,423,-1,-1,-1,-1
576,1,1,0.436297,482,366,135,100,-1,-1,-1,-1
576,2,1,0.775571,533,359,184,119,-1,-1,-1,-1
576,3,0,0.646067,688,66,910,424,-1,-1,-1,-1
577,1,1,0.404384,480,361,159,109,-1,-1,-1,-1
577,2,1,0.762654,545,356,177,121,-1,-1,-1,-1
577,3,0,0.643618,685,67,914,423,-1,-1,-1,-1
578,1,1,0.411625,478,361,161,110,-1,-1,-1,-1
578,2,1,0.737622,529,358,187,121,-1,-1,-1,-1
578,3,0,0.642749,699,67,900,424,-1,-1,-1,-1
579,1,1,0.411625,477,360,165,112,-1,-1,-1,-1
579,2,1,0.73672,529,358,187,121,-1,-1,-1,-1
579,3,0,0.65226,704,67,896,423,-1,-1,-1,-1
580,2,1,0.719683,529,359,186,121,-1,-1,-1,-1
580,3,0,0.661252,697,68,903,422,-1,-1,-1,-1
581,2,1,0.71259,526,359,187,120,-1,-1,-1,-1
581,3,0,0.649361,703,68,897,422,-1,-1,-1,-1
582,2,1,0.715123,524,358,188,120,-1,-1,-1,-1
582,3,0,0.646354,708,67,891,422,-1,-1,-1,-1
583,2,1,0.697539,520,359,189,119,-1,-1,-1,-1
583,3,0,0.668289,707,67,894,422,-1,-1,-1,-1
584,2,1,0.680807,514,359,193,119,-1,-1,-1,-1
584,3,0,0.6479,707,67,894,422,-1,-1,-1,-1
585,2,1,0.70706,521,358,188,120,-1,-1,-1,-1
585,3,0,0.668648,697,67,903,422,-1,-1,-1,-1
586,2,1,0.71117,519,356,191,121,-1,-1,-1,-1
586,3,0,0.658568,697,67,902,422,-1,-1,-1,-1
587,2,1,0.716749,529,356,172,120,-1,-1,-1,-1
587,3,0,0.650068,705,67,893,422,-1,-1,-1,-1
588,2,1,0.711065,515,357,189,120,-1,-1,-1,-1
588,3,0,0.654029,705,67,894,422,-1,-1,-1,-1
589,2,1,0.691212,511,356,193,122,-1,-1,-1,-1
589,3,0,0.664612,700,67,899,422,-1,-1,-1,-1
590,2,1,0.695408,512,354,194,124,-1,-1,-1,-1
590,3,0,0.653054,696,67,904,422,-1,-1,-1,-1
591,2,1,0.716465,531,356,169,120,-1,-1,-1,-1
591,3,0,0.654067,696,68,903,422,-1,-1,-1,-1
592,2,1,0.705452,509,356,194,121,-1,-1,-1,-1
592,3,0,0.64411,696,68,904,422,-1,-1,-1,-1
593,2,1,0.733319,504,357,196,122,-1,-1,-1,-1
593,3,0,0.677838,694,68,906,422,-1,-1,-1,-1
594,2,1,0.743978,529,356,170,122,-1,-1,-1,-1
594,3,0,0.667503,690,68,909,421,-1,-1,-1,-1
595,2,1,0.737854,529,356,171,121,-1,-1,-1,-1
595,3,0,0.639783,696,68,903,421,-1,-1,-1,-1
596,2,1,0.764161,510,356,192,122,-1,-1,-1,-1
596,3,0,0.659798,698,67,900,422,-1,-1,-1,-1
597,2,1,0.754198,500,356,201,123,-1,-1,-1,-1
597,3,0,0.640077,698,66,901,423,-1,-1,-1,-1
598,2,1,0.725749,501,355,201,124,-1,-1,-1,-1
598,3,0,0.631547,694,66,904,423,-1,-1,-1,-1
599,2,1,0.728049,492,354,209,124,-1,-1,-1,-1
599,3,0,0.637166,691,66,907,423,-1,-1,-1,-1
600,2,1,0.772694,501,353,200,126,-1,-1,-1,-1
600,3,0,0.636047,692,67,906,422,-1,-1,-1,-1
601,2,1,0.783837,502,354,198,125,-1,-1,-1,-1
601,3,0,0.62709,691,67,906,422,-1,-1,-1,-1
602,2,1,0.763157,493,354,206,125,-1,-1,-1,-1
602,3,0,0.621329,687,68,911,421,-1,-1,-1,-1
603,2,1,0.767533,490,354,208,124,-1,-1,-1,-1
603,3,0,0.63064,683,69,915,420,-1,-1,-1,-1
604,2,1,0.778177,491,354,206,125,-1,-1,-1,-1
604,3,0,0.623203,687,69,910,420,-1,-1,-1,-1
605,2,1,0.794245,493,353,203,127,-1,-1,-1,-1
605,3,0,0.619337,691,68,907,421,-1,-1,-1,-1
606,2,1,0.790831,495,354,197,126,-1,-1,-1,-1
606,3,0,0.61108,693,68,906,422,-1,-1,-1,-1
607,2,1,0.78298,493,354,194,125,-1,-1,-1,-1
607,3,0,0.606202,696,68,904,421,-1,-1,-1,-1
608,2,1,0.78123,496,354,191,125,-1,-1,-1,-1
608,3,0,0.611126,697,67,902,422,-1,-1,-1,-1
609,2,1,0.800672,496,355,190,123,-1,-1,-1,-1
609,3,0,0.60021,697,67,903,422,-1,-1,-1,-1
610,2,1,0.81394,495,355,192,123,-1,-1,-1,-1
610,3,0,0.600868,699,68,903,421,-1,-1,-1,-1
611,2,1,0.808383,493,355,192,124,-1,-1,-1,-1
611,3,0,0.596025,702,68,898,420,-1,-1,-1,-1
612,2,1,0.80321,493,354,192,126,-1,-1,-1,-1
612,3,0,0.591608,702,67,899,421,-1,-1,-1,-1
613,2,1,0.820384,489,354,194,125,-1,-1,-1,-1
613,3,0,0.584827,700,67,901,421,-1,-1,-1,-1
614,2,1,0.838744,487,353,195,125,-1,-1,-1,-1
614,3,0,0.595581,701,68,899,421,-1,-1,-1,-1
615,2,1,0.835515,493,354,189,125,-1,-1,-1,-1
615,3,0,0.616188,702,68,899,420,-1,-1,-1,-1
616,2,1,0.824872,497,354,184,125,-1,-1,-1,-1
616,3,0,0.599691,701,67,899,421,-1,-1,-1,-1
617,2,1,0.832372,495,355,187,123,-1,-1,-1,-1
617,3,0,0.607347,700,67,899,421,-1,-1,-1,-1
618,2,1,0.842612,490,354,192,124,-1,-1,-1,-1
618,3,0,0.634608,698,67,901,422,-1,-1,-1,-1
619,2,1,0.853925,486,353,197,126,-1,-1,-1,-1
619,3,0,0.628167,697,67,903,422,-1,-1,-1,-1
620,2,1,0.847551,485,354,199,126,-1,-1,-1,-1
620,3,0,0.62072,699,68,900,422,-1,-1,-1,-1
621,2,1,0.839635,486,353,198,127,-1,-1,-1,-1
621,3,0,0.615234,700,68,901,421,-1,-1,-1,-1
622,2,1,0.833581,488,353,194,126,-1,-1,-1,-1
622,3,0,0.605543,699,68,901,421,-1,-1,-1,-1
623,2,1,0.836919,486,353,194,125,-1,-1,-1,-1
623,3,0,0.602549,698,68,902,421,-1,-1,-1,-1
624,2,1,0.846593,484,352,196,126,-1,-1,-1,-1
624,3,0,0.612269,700,68,899,420,-1,-1,-1,-1
625,2,1,0.844556,479,352,201,126,-1,-1,-1,-1
625,3,0,0.600103,700,67,900,421,-1,-1,-1,-1
626,2,1,0.837809,477,353,204,127,-1,-1,-1,-1
626,3,0,0.562255,707,67,893,422,-1,-1,-1,-1
627,2,1,0.833142,478,353,203,126,-1,-1,-1,-1
627,3,0,0.548759,704,68,898,421,-1,-1,-1,-1
628,2,1,0.837087,477,352,204,127,-1,-1,-1,-1
628,3,0,0.570292,702,68,899,422,-1,-1,-1,-1
629,2,1,0.845566,475,352,206,126,-1,-1,-1,-1
629,3,0,0.585272,702,68,899,422,-1,-1,-1,-1
630,2,1,0.845921,475,352,205,127,-1,-1,-1,-1
630,3,0,0.594187,702,68,899,421,-1,-1,-1,-1
631,2,1,0.842098,476,352,202,128,-1,-1,-1,-1
631,3,0,0.579316,706,68,895,422,-1,-1,-1,-1
632,2,1,0.832137,475,352,204,127,-1,-1,-1,-1
632,3,0,0.583435,701,69,900,421,-1,-1,-1,-1
633,2,1,0.833423,476,352,202,127,-1,-1,-1,-1
633,3,0,0.583611,698,68,903,422,-1,-1,-1,-1
634,2,1,0.83817,477,352,200,127,-1,-1,-1,-1
634,3,0,0.58575,698,68,904,421,-1,-1,-1,-1
635,2,1,0.829177,478,353,199,126,-1,-1,-1,-1
635,3,0,0.58023,705,68,896,422,-1,-1,-1,-1
636,2,1,0.816627,479,353,198,126,-1,-1,-1,-1
636,3,0,0.574565,698,68,903,422,-1,-1,-1,-1
637,2,1,0.814041,479,353,196,125,-1,-1,-1,-1
637,3,0,0.57934,691,67,909,423,-1,-1,-1,-1
638,2,1,0.798628,479,354,194,123,-1,-1,-1,-1
638,3,0,0.56732,691,67,908,423,-1,-1,-1,-1
639,2,1,0.81081,481,354,188,122,-1,-1,-1,-1
639,3,0,0.56443,693,68,905,422,-1,-1,-1,-1
640,2,1,0.814759,483,355,191,122,-1,-1,-1,-1
640,3,0,0.587578,692,68,907,422,-1,-1,-1,-1
641,2,1,0.819841,483,355,190,123,-1,-1,-1,-1
641,3,0,0.599315,698,67,901,422,-1,-1,-1,-1
642,2,1,0.820286,482,355,189,122,-1,-1,-1,-1
642,3,0,0.579616,699,67,900,423,-1,-1,-1,-1
643,2,1,0.827294,481,355,189,122,-1,-1,-1,-1
643,3,0,0.622345,678,68,919,421,-1,-1,-1,-1
644,2,1,0.832895,481,354,187,123,-1,-1,-1,-1
644,3,0,0.615912,680,68,916,421,-1,-1,-1,-1
645,2,1,0.833415,483,354,184,123,-1,-1,-1,-1
645,3,0,0.605656,685,67,910,421,-1,-1,-1,-1
646,2,1,0.82627,481,354,184,123,-1,-1,-1,-1
646,3,0,0.598478,685,67,909,421,-1,-1,-1,-1
647,2,1,0.829455,481,356,182,122,-1,-1,-1,-1
647,3,0,0.616044,685,67,911,421,-1,-1,-1,-1
648,2,1,0.826666,482,356,181,121,-1,-1,-1,-1
648,3,0,0.626155,688,67,908,421,-1,-1,-1,-1
649,2,1,0.825014,482,355,182,122,-1,-1,-1,-1
649,3,0,0.610738,685,67,911,421,-1,-1,-1,-1
650,2,1,0.838829,481,355,183,121,-1,-1,-1,-1
650,3,0,0.601072,687,67,908,421,-1,-1,-1,-1
651,2,1,0.854793,482,354,182,123,-1,-1,-1,-1
651,3,0,0.593028,693,68,904,420,-1,-1,-1,-1
652,2,1,0.852624,481,353,182,125,-1,-1,-1,-1
652,3,0,0.595902,696,68,900,420,-1,-1,-1,-1
653,2,1,0.849806,481,354,180,124,-1,-1,-1,-1
653,3,0,0.596193,700,69,897,419,-1,-1,-1,-1
654,2,1,0.833026,481,355,180,123,-1,-1,-1,-1
654,3,0,0.593845,699,69,898,419,-1,-1,-1,-1
655,2,1,0.815013,479,355,182,122,-1,-1,-1,-1
655,3,0,0.583514,698,68,898,421,-1,-1,-1,-1
656,2,1,0.821131,479,355,182,121,-1,-1,-1,-1
656,3,0,0.589848,700,69,896,420,-1,-1,-1,-1
657,2,1,0.814501,479,356,180,120,-1,-1,-1,-1
657,3,0,0.584873,704,69,893,421,-1,-1,-1,-1
658,2,1,0.835936,481,356,180,120,-1,-1,-1,-1
658,3,0,0.576212,706,68,891,422,-1,-1,-1,-1
659,2,1,0.834294,479,356,180,121,-1,-1,-1,-1
659,3,0,0.596783,701,68,897,421,-1,-1,-1,-1
660,2,1,0.833194,479,356,180,122,-1,-1,-1,-1
660,3,0,0.597,704,68,893,421,-1,-1,-1,-1
661,2,1,0.825759,478,357,177,121,-1,-1,-1,-1
661,3,0,0.579713,705,69,893,421,-1,-1,-1,-1
662,2,1,0.823897,476,358,176,120,-1,-1,-1,-1
662,3,0,0.564579,712,69,887,421,-1,-1,-1,-1
663,2,1,0.824055,475,358,174,119,-1,-1,-1,-1
663,3,0,0.560193,712,69,887,420,-1,-1,-1,-1
664,2,1,0.847976,477,359,172,117,-1,-1,-1,-1
664,3,0,0.554861,708,68,890,421,-1,-1,-1,-1
665,2,1,0.847263,477,360,172,116,-1,-1,-1,-1
665,3,0,0.557492,718,68,880,420,-1,-1,-1,-1
