1,1,2,166,495,162,-1,0,0,-1
1,2,447,346,194,148,-1,0,0,-1
1,3,913,138,387,172,-1,0,0,-1
1,4,1318,132,483,202,-1,0,0,-1
1,5,1305,288,614,335,-1,0,0,-1
1,6,1243,447,245,137,-1,0,0,-1
2,1,2,166,495,162,-1,0,0,-1
2,2,447,346,194,148,-1,0,0,-1
2,3,913,138,387,172,-1,0,0,-1
2,4,1318,132,483,202,-1,0,0,-1
2,5,1306,288,615,335,-1,0,0,-1
2,6,1243,447,246,138,-1,0,0,-1
3,1,2,166,495,162,-1,0,0,-1
3,2,447,346,194,148,-1,0,0,-1
3,3,913,138,387,172,-1,0,0,-1
3,4,1318,132,483,202,-1,0,0,-1
3,5,1306,288,616,336,-1,0,0,-1
3,6,1243,447,247,138,-1,0,0,-1
4,1,2,166,495,162,-1,0,0,-1
4,2,447,346,194,148,-1,0,0,-1
4,3,913,138,387,172,-1,0,0,-1
4,4,1318,132,483,202,-1,0,0,-1
4,5,1307,287,617,337,-1,0,0,-1
4,6,1244,447,248,139,-1,0,0,-1
5,1,2,166,495,162,-1,0,0,-1
5,2,447,346,194,148,-1,0,0,-1
5,3,913,138,387,172,-1,0,0,-1
5,4,1318,132,483,202,-1,0,0,-1
5,5,1307,289,612,334,-1,0,0,-1
5,6,1244,446,249,139,-1,0,0,-1
6,1,2,166,495,162,-1,0,0,-1
6,2,447,346,194,148,-1,0,0,-1
6,3,913,138,387,172,-1,0,0,-1
6,4,1318,132,483,202,-1,0,0,-1
6,5,1307,289,612,334,-1,0,0,-1
6,6,1245,447,249,139,-1,0,0,-1
7,1,2,166,495,162,-1,0,0,-1
7,2,447,346,194,148,-1,0,0,-1
7,3,913,138,387,172,-1,0,0,-1
7,4,1318,132,483,202,-1,0,0,-1
7,5,1310,293,624,333,-1,0,0,-1
7,6,1245,446,250,140,-1,0,0,-1
8,1,2,166,495,162,-1,0,0,-1
8,2,447,346,194,148,-1,0,0,-1
8,3,913,138,387,172,-1,0,0,-1
8,4,1318,132,483,202,-1,0,0,-1
8,5,1311,293,611,333,-1,0,0,-1
8,6,1245,446,251,140,-1,0,0,-1
9,1,2,166,495,162,-1,0,0,-1
9,2,447,346,194,148,-1,0,0,-1
9,3,913,138,387,172,-1,0,0,-1
9,4,1318,132,483,202,-1,0,0,-1
9,5,1312,293,611,333,-1,0,0,-1
9,6,1245,446,252,141,-1,0,0,-1
10,1,2,166,495,162,-1,0,0,-1
10,2,447,346,194,148,-1,0,0,-1
10,3,913,138,387,172,-1,0,0,-1
10,4,1318,132,483,202,-1,0,0,-1
10,5,1313,293,609,333,-1,0,0,-1
10,6,1246,446,253,141,-1,0,0,-1
11,1,2,166,495,162,-1,0,0,-1
11,2,447,346,194,148,-1,0,0,-1
11,3,913,138,387,172,-1,0,0,-1
11,4,1318,132,483,202,-1,0,0,-1
11,5,1312,292,615,336,-1,0,0,-1
11,6,1246,446,253,142,-1,0,0,-1
12,1,2,166,495,162,-1,0,0,-1
12,2,447,346,194,148,-1,0,0,-1
12,3,913,138,387,172,-1,0,0,-1
12,4,1318,132,483,202,-1,0,0,-1
12,5,1313,294,608,332,-1,0,0,-1
12,6,1247,446,253,142,-1,0,0,-1
13,1,2,166,495,162,-1,0,0,-1
13,2,447,346,194,148,-1,0,0,-1
13,3,913,138,387,172,-1,0,0,-1
13,4,1318,132,483,202,-1,0,0,-1
13,5,1314,291,620,338,-1,0,0,-1
13,6,1246,445,256,143,-1,0,0,-1
14,1,2,166,495,162,-1,0,0,-1
14,2,447,346,194,148,-1,0,0,-1
14,3,913,138,387,172,-1,0,0,-1
14,4,1318,132,483,202,-1,0,0,-1
14,5,1320,291,616,338,-1,0,0,-1
14,6,1246,445,257,144,-1,0,0,-1
15,1,2,166,495,162,-1,0,0,-1
15,2,447,346,194,148,-1,0,0,-1
15,3,913,138,387,172,-1,0,0,-1
15,4,1318,132,483,202,-1,0,0,-1
15,5,1321,291,600,338,-1,0,0,-1
15,6,1248,445,257,144,-1,0,0,-1
16,1,2,166,495,162,-1,0,0,-1
16,2,447,346,194,148,-1,0,0,-1
16,3,913,138,387,172,-1,0,0,-1
16,4,1318,132,483,202,-1,0,0,-1
16,5,1321,291,601,339,-1,0,0,-1
16,6,1248,445,259,145,-1,0,0,-1
17,1,2,166,495,162,-1,0,0,-1
17,2,447,346,194,148,-1,0,0,-1
17,3,913,138,387,172,-1,0,0,-1
17,4,1318,132,483,202,-1,0,0,-1
17,5,1321,291,599,337,-1,0,0,-1
17,6,1248,445,258,145,-1,0,0,-1
18,1,2,166,495,162,-1,0,0,-1
18,2,447,346,194,148,-1,0,0,-1
18,3,913,138,387,172,-1,0,0,-1
18,4,1318,132,482,202,-1,0,0,-1
18,5,1322,292,598,337,-1,0,0,-1
18,6,1249,445,258,145,-1,0,0,-1
19,1,2,166,495,162,-1,0,0,-1
19,2,447,346,194,148,-1,0,0,-1
19,3,913,138,387,172,-1,0,0,-1
19,4,1318,132,483,202,-1,0,0,-1
19,5,1323,292,597,336,-1,0,0,-1
19,6,1249,445,260,145,-1,0,0,-1
20,1,2,166,495,162,-1,0,0,-1
20,2,447,346,194,148,-1,0,0,-1
20,3,913,138,387,172,-1,0,0,-1
20,4,1318,132,483,202,-1,0,0,-1
20,5,1323,293,596,336,-1,0,0,-1
20,6,1250,445,260,145,-1,0,0,-1
21,1,2,166,495,162,-1,0,0,-1
21,2,447,346,194,148,-1,0,0,-1
21,3,913,138,386,172,-1,0,0,-1
21,4,1318,132,483,202,-1,0,0,-1
21,5,1323,292,597,336,-1,0,0,-1
21,6,1250,445,261,146,-1,0,0,-1
22,1,2,166,495,162,-1,0,0,-1
22,2,447,346,194,148,-1,0,0,-1
22,3,913,138,387,172,-1,0,0,-1
22,4,1318,132,483,202,-1,0,0,-1
22,5,1322,292,597,336,-1,0,0,-1
22,6,1250,445,263,147,-1,0,0,-1
23,1,2,166,495,162,-1,0,0,-1
23,2,447,346,194,148,-1,0,0,-1
23,3,913,138,387,172,-1,0,0,-1
23,4,1318,132,483,202,-1,0,0,-1
23,5,1323,292,598,337,-1,0,0,-1
23,6,1251,445,264,148,-1,0,0,-1
24,1,2,166,495,162,-1,0,0,-1
24,2,447,346,194,148,-1,0,0,-1
24,3,913,138,387,172,-1,0,0,-1
24,4,1318,132,483,202,-1,0,0,-1
24,5,1333,300,589,329,-1,0,0,-1
24,6,1251,444,265,148,-1,0,0,-1
25,1,2,166,495,162,-1,0,0,-1
25,2,447,346,194,148,-1,0,0,-1
25,3,913,138,387,172,-1,0,0,-1
25,4,1318,132,483,202,-1,0,0,-1
25,5,1334,300,587,329,-1,0,0,-1
25,6,1252,444,267,149,-1,0,0,-1
26,1,2,166,495,162,-1,0,0,-1
26,2,447,346,194,148,-1,0,0,-1
26,3,913,138,387,172,-1,0,0,-1
26,4,1318,132,483,202,-1,0,0,-1
26,5,1334,300,588,330,-1,0,0,-1
26,6,1251,445,265,148,-1,0,0,-1
27,1,2,166,495,162,-1,0,0,-1
27,2,447,346,194,148,-1,0,0,-1
27,3,913,138,387,172,-1,0,0,-1
27,4,1318,132,483,202,-1,0,0,-1
27,5,1335,299,591,331,-1,0,0,-1
27,6,1253,445,266,149,-1,0,0,-1
28,1,2,166,495,162,-1,0,0,-1
28,2,447,346,194,148,-1,0,0,-1
28,3,912,138,388,172,-1,0,0,-1
28,4,1318,132,483,202,-1,0,0,-1
28,5,1336,301,585,328,-1,0,0,-1
28,6,1252,444,268,150,-1,0,0,-1
29,1,2,166,495,162,-1,0,0,-1
29,2,447,346,194,148,-1,0,0,-1
29,3,913,138,387,172,-1,0,0,-1
29,4,1318,132,483,202,-1,0,0,-1
29,5,1335,301,585,328,-1,0,0,-1
29,6,1252,444,268,150,-1,0,0,-1
30,1,2,166,495,162,-1,0,0,-1
30,2,447,346,194,148,-1,0,0,-1
30,3,913,138,387,172,-1,0,0,-1
30,4,1318,132,483,202,-1,0,0,-1
30,5,1335,301,585,328,-1,0,0,-1
30,6,1266,450,253,141,-1,0,0,-1
31,1,2,166,495,162,-1,0,0,-1
31,2,447,346,194,148,-1,0,0,-1
31,3,913,138,387,172,-1,0,0,-1
31,4,1318,132,483,202,-1,0,0,-1
31,5,1334,300,586,329,-1,0,0,-1
31,6,1256,445,266,149,-1,0,0,-1
32,1,2,166,495,162,-1,0,0,-1
32,2,447,346,194,148,-1,0,0,-1
32,3,913,138,387,172,-1,0,0,-1
32,4,1318,132,483,202,-1,0,0,-1
32,5,1334,301,586,328,-1,0,0,-1
32,6,1266,449,255,143,-1,0,0,-1
33,1,2,166,495,162,-1,0,0,-1
33,2,447,346,194,148,-1,0,0,-1
33,3,913,138,387,172,-1,0,0,-1
33,4,1318,132,483,202,-1,0,0,-1
33,5,1335,300,586,328,-1,0,0,-1
33,6,1262,447,263,147,-1,0,0,-1
34,1,2,166,495,162,-1,0,0,-1
34,2,447,346,194,148,-1,0,0,-1
34,3,913,138,387,172,-1,0,0,-1
34,4,1318,132,483,202,-1,0,0,-1
34,5,1344,300,579,324,-1,0,0,-1
34,6,1263,447,263,147,-1,0,0,-1
35,1,2,166,495,162,-1,0,0,-1
35,2,447,346,194,148,-1,0,0,-1
35,3,913,138,387,172,-1,0,0,-1
35,4,1318,132,483,202,-1,0,0,-1
35,5,1345,300,576,324,-1,0,0,-1
35,6,1263,447,264,148,-1,0,0,-1
36,1,2,166,495,162,-1,0,0,-1
36,2,447,346,194,148,-1,0,0,-1
36,3,913,138,387,172,-1,0,0,-1
36,4,1318,132,483,202,-1,0,0,-1
36,5,1345,299,579,326,-1,0,0,-1
36,6,1263,447,265,148,-1,0,0,-1
37,1,2,166,495,162,-1,0,0,-1
37,2,447,346,194,148,-1,0,0,-1
37,3,913,138,387,172,-1,0,0,-1
37,4,1318,132,483,202,-1,0,0,-1
37,5,1346,299,581,327,-1,0,0,-1
37,6,1264,447,266,149,-1,0,0,-1
38,1,2,166,495,162,-1,0,0,-1
38,2,447,346,194,148,-1,0,0,-1
38,3,913,138,387,172,-1,0,0,-1
38,4,1318,132,483,202,-1,0,0,-1
38,5,1347,298,583,328,-1,0,0,-1
38,6,1264,447,267,149,-1,0,0,-1
39,1,2,166,495,162,-1,0,0,-1
39,2,447,346,194,148,-1,0,0,-1
39,3,913,138,387,172,-1,0,0,-1
39,4,1318,132,483,202,-1,0,0,-1
39,5,1346,301,574,323,-1,0,0,-1
39,6,1245,446,287,150,-1,0,0,-1
40,1,2,166,495,162,-1,0,0,-1
40,2,447,346,194,148,-1,0,0,-1
40,3,913,138,387,172,-1,0,0,-1
40,4,1318,132,483,202,-1,0,0,-1
40,5,1346,301,573,323,-1,0,0,-1
40,6,1245,446,288,151,-1,0,0,-1
41,1,2,166,495,162,-1,0,0,-1
41,2,447,346,194,148,-1,0,0,-1
41,3,913,138,387,172,-1,0,0,-1
41,4,1318,132,483,202,-1,0,0,-1
41,5,1351,298,586,330,-1,0,0,-1
41,6,1245,446,289,151,-1,0,0,-1
42,1,2,166,495,162,-1,0,0,-1
42,2,447,346,194,148,-1,0,0,-1
42,3,913,138,387,172,-1,0,0,-1
42,4,1318,132,483,202,-1,0,0,-1
42,5,1353,298,586,330,-1,0,0,-1
42,6,1246,445,290,152,-1,0,0,-1
43,1,3,166,494,162,-1,0,0,-1
43,2,447,346,194,148,-1,0,0,-1
43,3,912,138,388,172,-1,0,0,-1
43,4,1318,132,483,202,-1,0,0,-1
43,5,1353,297,589,331,-1,0,0,-1
43,6,1246,445,292,152,-1,0,0,-1
44,1,2,166,495,162,-1,0,0,-1
44,2,447,346,194,148,-1,0,0,-1
44,3,913,138,387,172,-1,0,0,-1
44,4,1318,132,483,202,-1,0,0,-1
44,5,1355,297,590,332,-1,0,0,-1
44,6,1247,445,292,153,-1,0,0,-1
45,1,2,166,495,162,-1,0,0,-1
45,2,447,346,194,148,-1,0,0,-1
45,3,913,138,387,172,-1,0,0,-1
45,4,1318,132,483,202,-1,0,0,-1
45,5,1356,296,592,333,-1,0,0,-1
45,6,1247,445,294,154,-1,0,0,-1
46,1,2,166,495,162,-1,0,0,-1
46,2,447,346,194,148,-1,0,0,-1
46,3,913,138,387,172,-1,0,0,-1
46,4,1318,132,483,202,-1,0,0,-1
46,5,1357,296,593,333,-1,0,0,-1
46,6,1247,445,295,154,-1,0,0,-1
47,1,2,166,495,162,-1,0,0,-1
47,2,447,346,194,148,-1,0,0,-1
47,3,913,138,387,172,-1,0,0,-1
47,4,1318,132,483,202,-1,0,0,-1
47,5,1358,296,593,334,-1,0,0,-1
47,6,1247,445,296,155,-1,0,0,-1
48,1,2,166,495,162,-1,0,0,-1
48,2,447,346,194,148,-1,0,0,-1
48,3,913,138,387,172,-1,0,0,-1
48,4,1318,132,483,202,-1,0,0,-1
48,5,1358,296,593,334,-1,0,0,-1
48,6,1248,445,297,155,-1,0,0,-1
49,1,2,166,495,162,-1,0,0,-1
49,2,447,346,194,148,-1,0,0,-1
49,3,913,138,387,172,-1,0,0,-1
49,4,1318,132,483,202,-1,0,0,-1
49,5,1359,296,593,334,-1,0,0,-1
49,6,1248,444,298,156,-1,0,0,-1
50,1,2,166,495,162,-1,0,0,-1
50,2,447,346,194,148,-1,0,0,-1
50,3,913,138,387,172,-1,0,0,-1
50,4,1318,132,483,202,-1,0,0,-1
50,5,1360,296,594,334,-1,0,0,-1
50,6,1250,445,297,155,-1,0,0,-1
51,1,2,166,495,162,-1,0,0,-1
51,2,447,346,194,148,-1,0,0,-1
51,3,913,138,387,172,-1,0,0,-1
51,4,1318,132,483,202,-1,0,0,-1
51,5,1361,295,594,334,-1,0,0,-1
51,6,1250,445,298,156,-1,0,0,-1
52,1,2,166,495,162,-1,0,0,-1
52,2,447,346,194,148,-1,0,0,-1
52,3,913,138,387,172,-1,0,0,-1
52,4,1318,132,483,202,-1,0,0,-1
52,5,1362,295,594,334,-1,0,0,-1
52,6,1251,445,300,157,-1,0,0,-1
53,1,2,166,495,162,-1,0,0,-1
53,2,447,346,194,148,-1,0,0,-1
53,3,913,138,387,172,-1,0,0,-1
53,4,1318,132,483,202,-1,0,0,-1
53,5,1363,295,595,335,-1,0,0,-1
53,6,1251,444,301,157,-1,0,0,-1
54,1,2,166,495,162,-1,0,0,-1
54,2,447,346,194,148,-1,0,0,-1
54,3,913,138,387,172,-1,0,0,-1
54,4,1318,132,483,202,-1,0,0,-1
54,5,1363,295,595,335,-1,0,0,-1
54,6,1252,444,301,157,-1,0,0,-1
55,1,2,166,495,162,-1,0,0,-1
55,2,447,346,194,148,-1,0,0,-1
55,3,913,138,387,172,-1,0,0,-1
55,4,1318,132,483,202,-1,0,0,-1
55,5,1364,295,595,335,-1,0,0,-1
55,6,1251,444,303,159,-1,0,0,-1
56,1,2,166,495,162,-1,0,0,-1
56,2,447,346,194,148,-1,0,0,-1
56,3,913,138,387,172,-1,0,0,-1
56,4,1318,132,483,202,-1,0,0,-1
56,5,1365,295,596,335,-1,0,0,-1
56,6,1254,445,301,157,-1,0,0,-1
57,1,2,166,495,162,-1,0,0,-1
57,2,447,346,194,148,-1,0,0,-1
57,3,913,138,387,172,-1,0,0,-1
57,4,1318,132,483,202,-1,0,0,-1
57,5,1366,295,596,335,-1,0,0,-1
57,6,1254,444,304,159,-1,0,0,-1
58,1,2,166,495,162,-1,0,0,-1
58,2,447,346,194,148,-1,0,0,-1
58,3,913,138,387,172,-1,0,0,-1
58,4,1318,132,483,202,-1,0,0,-1
58,5,1376,300,587,331,-1,0,0,-1
58,6,1253,453,305,142,-1,0,0,-1
59,1,2,166,495,162,-1,0,0,-1
59,2,447,346,194,148,-1,0,0,-1
59,3,913,138,387,172,-1,0,0,-1
59,4,1318,132,483,202,-1,0,0,-1
59,5,1377,300,544,331,-1,0,0,-1
59,6,1253,453,306,143,-1,0,0,-1
60,1,2,166,495,162,-1,0,0,-1
60,2,447,346,194,148,-1,0,0,-1
60,3,913,138,387,172,-1,0,0,-1
60,4,1318,132,483,202,-1,0,0,-1
60,5,1378,300,545,331,-1,0,0,-1
60,6,1254,453,307,143,-1,0,0,-1
61,1,2,166,495,162,-1,0,0,-1
61,2,447,346,194,148,-1,0,0,-1
61,3,913,138,387,172,-1,0,0,-1
61,4,1318,132,483,202,-1,0,0,-1
61,5,1379,300,545,332,-1,0,0,-1
61,6,1254,452,308,144,-1,0,0,-1
62,1,2,166,495,162,-1,0,0,-1
62,2,447,346,194,148,-1,0,0,-1
62,3,913,138,387,172,-1,0,0,-1
62,4,1318,132,483,202,-1,0,0,-1
62,5,1379,301,542,330,-1,0,0,-1
62,6,1254,452,309,144,-1,0,0,-1
63,1,2,166,495,162,-1,0,0,-1
63,2,447,346,194,148,-1,0,0,-1
63,3,913,138,387,172,-1,0,0,-1
63,4,1318,132,483,202,-1,0,0,-1
63,5,1381,299,550,335,-1,0,0,-1
63,6,1255,452,310,145,-1,0,0,-1
64,1,2,166,495,162,-1,0,0,-1
64,2,447,346,194,148,-1,0,0,-1
64,3,913,138,387,172,-1,0,0,-1
64,4,1318,132,483,202,-1,0,0,-1
64,5,1383,298,552,336,-1,0,0,-1
64,6,1256,452,311,145,-1,0,0,-1
65,1,2,166,495,162,-1,0,0,-1
65,2,447,346,194,148,-1,0,0,-1
65,3,913,138,387,172,-1,0,0,-1
65,4,1318,132,483,202,-1,0,0,-1
65,5,1384,298,553,336,-1,0,0,-1
65,6,1255,452,313,146,-1,0,0,-1
66,1,2,166,495,162,-1,0,0,-1
66,2,447,346,194,148,-1,0,0,-1
66,3,913,138,387,172,-1,0,0,-1
66,4,1318,132,483,202,-1,0,0,-1
66,5,1386,298,554,337,-1,0,0,-1
66,6,1256,452,314,146,-1,0,0,-1
67,1,2,166,495,162,-1,0,0,-1
67,2,447,346,194,148,-1,0,0,-1
67,3,913,138,387,172,-1,0,0,-1
67,4,1318,132,483,202,-1,0,0,-1
67,5,1387,297,556,338,-1,0,0,-1
67,6,1258,452,313,146,-1,0,0,-1
68,1,2,166,495,162,-1,0,0,-1
68,2,447,346,194,148,-1,0,0,-1
68,3,913,138,387,172,-1,0,0,-1
68,4,1318,132,483,202,-1,0,0,-1
68,5,1388,297,558,339,-1,0,0,-1
68,6,1259,461,314,134,-1,0,0,-1
69,1,2,166,495,162,-1,0,0,-1
69,2,447,346,194,148,-1,0,0,-1
69,3,913,138,387,172,-1,0,0,-1
69,4,1318,132,483,202,-1,0,0,-1
69,5,1389,296,560,341,-1,0,0,-1
69,6,1259,461,315,134,-1,0,0,-1
70,1,2,166,495,162,-1,0,0,-1
70,2,447,346,194,148,-1,0,0,-1
70,3,913,138,387,172,-1,0,0,-1
70,4,1318,132,483,202,-1,0,0,-1
70,5,1389,296,560,341,-1,0,0,-1
70,6,1260,461,316,135,-1,0,0,-1
71,1,2,166,495,162,-1,0,0,-1
71,2,447,346,194,148,-1,0,0,-1
71,3,913,138,387,172,-1,0,0,-1
71,4,1318,132,483,202,-1,0,0,-1
71,5,1390,296,561,341,-1,0,0,-1
71,6,1260,461,318,136,-1,0,0,-1
72,1,2,166,495,162,-1,0,0,-1
72,2,447,346,194,148,-1,0,0,-1
72,3,913,138,387,172,-1,0,0,-1
72,4,1318,132,483,202,-1,0,0,-1
72,5,1390,296,561,341,-1,0,0,-1
72,6,1260,461,319,136,-1,0,0,-1
73,1,2,166,495,162,-1,0,0,-1
73,2,447,346,194,148,-1,0,0,-1
73,3,913,138,387,172,-1,0,0,-1
73,4,1318,132,483,202,-1,0,0,-1
73,5,1391,296,562,342,-1,0,0,-1
73,6,1262,461,319,136,-1,0,0,-1
74,1,2,166,495,162,-1,0,0,-1
74,2,447,346,194,148,-1,0,0,-1
74,3,913,138,387,172,-1,0,0,-1
74,4,1318,132,483,202,-1,0,0,-1
74,5,1392,296,562,342,-1,0,0,-1
74,6,1261,460,321,137,-1,0,0,-1
75,1,2,166,495,162,-1,0,0,-1
75,2,447,346,194,148,-1,0,0,-1
75,3,913,138,387,172,-1,0,0,-1
75,4,1318,132,483,202,-1,0,0,-1
75,5,1393,295,563,343,-1,0,0,-1
75,6,1262,460,322,138,-1,0,0,-1
76,1,2,166,495,162,-1,0,0,-1
76,2,447,346,194,148,-1,0,0,-1
76,3,913,138,387,172,-1,0,0,-1
76,4,1318,132,483,202,-1,0,0,-1
76,5,1398,301,559,337,-1,0,0,-1
76,6,1262,460,324,138,-1,0,0,-1
77,1,2,166,495,162,-1,0,0,-1
77,2,447,346,194,148,-1,0,0,-1
77,3,913,138,387,172,-1,0,0,-1
77,4,1318,132,483,202,-1,0,0,-1
77,5,1399,301,522,337,-1,0,0,-1
77,6,1265,461,322,138,-1,0,0,-1
78,1,2,166,495,162,-1,0,0,-1
78,2,447,346,194,148,-1,0,0,-1
78,3,913,138,387,172,-1,0,0,-1
78,4,1318,132,482,202,-1,0,0,-1
78,5,1399,301,523,338,-1,0,0,-1
78,6,1265,461,324,138,-1,0,0,-1
79,1,2,166,495,162,-1,0,0,-1
79,2,447,346,194,148,-1,0,0,-1
79,3,913,138,387,172,-1,0,0,-1
79,4,1318,132,483,202,-1,0,0,-1
79,5,1400,300,527,340,-1,0,0,-1
79,6,1265,460,325,139,-1,0,0,-1
80,1,2,166,495,162,-1,0,0,-1
80,2,447,346,194,148,-1,0,0,-1
80,3,913,138,387,172,-1,0,0,-1
80,4,1318,132,483,202,-1,0,0,-1
80,5,1403,300,527,340,-1,0,0,-1
80,6,1267,461,325,139,-1,0,0,-1
81,1,2,166,495,162,-1,0,0,-1
81,2,447,346,194,148,-1,0,0,-1
81,3,913,138,387,172,-1,0,0,-1
81,4,1318,132,483,202,-1,0,0,-1
81,5,1404,300,528,341,-1,0,0,-1
81,6,1266,461,327,139,-1,0,0,-1
82,1,2,166,495,162,-1,0,0,-1
82,2,447,346,194,148,-1,0,0,-1
82,3,913,138,387,172,-1,0,0,-1
82,4,1318,132,483,202,-1,0,0,-1
82,5,1405,299,530,342,-1,0,0,-1
82,6,1266,460,330,141,-1,0,0,-1
83,1,2,166,495,162,-1,0,0,-1
83,2,447,346,194,148,-1,0,0,-1
83,3,913,138,387,172,-1,0,0,-1
83,4,1318,132,483,202,-1,0,0,-1
83,5,1406,299,531,343,-1,0,0,-1
83,6,1268,461,328,140,-1,0,0,-1
84,1,2,166,495,162,-1,0,0,-1
84,2,447,346,194,148,-1,0,0,-1
84,3,913,138,387,172,-1,0,0,-1
84,4,1318,132,483,202,-1,0,0,-1
84,5,1408,298,532,344,-1,0,0,-1
84,6,1268,461,330,141,-1,0,0,-1
85,1,2,166,495,162,-1,0,0,-1
85,2,447,346,194,148,-1,0,0,-1
85,3,913,138,387,172,-1,0,0,-1
85,4,1318,132,483,202,-1,0,0,-1
85,5,1409,298,533,344,-1,0,0,-1
85,6,1270,461,329,141,-1,0,0,-1
86,1,2,166,495,162,-1,0,0,-1
86,2,447,346,194,148,-1,0,0,-1
86,3,913,138,387,172,-1,0,0,-1
86,4,1318,132,483,202,-1,0,0,-1
86,5,1411,298,534,345,-1,0,0,-1
86,6,1270,460,331,141,-1,0,0,-1
87,1,2,166,495,162,-1,0,0,-1
87,2,447,346,194,148,-1,0,0,-1
87,3,913,138,387,172,-1,0,0,-1
87,4,1318,132,483,202,-1,0,0,-1
87,5,1412,297,536,346,-1,0,0,-1
87,6,1270,460,333,142,-1,0,0,-1
88,1,2,166,495,162,-1,0,0,-1
88,2,447,346,194,148,-1,0,0,-1
88,3,913,138,388,172,-1,0,0,-1
88,4,1318,132,483,202,-1,0,0,-1
88,5,1414,297,537,347,-1,0,0,-1
88,6,1277,462,326,139,-1,0,0,-1
89,1,2,166,495,162,-1,0,0,-1
89,2,447,346,194,148,-1,0,0,-1
89,3,913,138,387,172,-1,0,0,-1
89,4,1318,132,483,202,-1,0,0,-1
89,5,1414,297,539,348,-1,0,0,-1
89,6,1272,460,334,142,-1,0,0,-1
90,1,2,166,495,162,-1,0,0,-1
90,2,447,346,194,148,-1,0,0,-1
90,3,913,138,387,172,-1,0,0,-1
90,4,1318,132,483,202,-1,0,0,-1
90,5,1415,296,540,349,-1,0,0,-1
90,6,1272,459,339,145,-1,0,0,-1
91,1,2,166,494,162,-1,0,0,-1
91,2,447,346,194,148,-1,0,0,-1
91,3,913,138,387,172,-1,0,0,-1
91,4,1318,132,483,202,-1,0,0,-1
91,5,1416,296,540,349,-1,0,0,-1
91,6,1273,460,337,144,-1,0,0,-1
92,1,2,166,495,162,-1,0,0,-1
92,2,447,346,194,148,-1,0,0,-1
92,3,913,138,387,172,-1,0,0,-1
92,4,1318,132,483,202,-1,0,0,-1
92,5,1417,296,541,349,-1,0,0,-1
92,6,1273,459,341,146,-1,0,0,-1
93,1,2,166,495,162,-1,0,0,-1
93,2,447,346,194,148,-1,0,0,-1
93,3,913,138,387,172,-1,0,0,-1
93,4,1318,132,483,202,-1,0,0,-1
93,5,1418,296,542,350,-1,0,0,-1
93,6,1274,461,338,144,-1,0,0,-1
94,1,2,166,495,162,-1,0,0,-1
94,2,447,346,194,148,-1,0,0,-1
94,3,913,138,387,172,-1,0,0,-1
94,4,1318,132,483,202,-1,0,0,-1
94,5,1419,296,543,350,-1,0,0,-1
94,6,1284,463,328,138,-1,0,0,-1
95,1,2,166,495,162,-1,0,0,-1
95,2,447,346,194,148,-1,0,0,-1
95,3,913,138,387,172,-1,0,0,-1
95,4,1318,132,483,202,-1,0,0,-1
95,5,1420,296,543,351,-1,0,0,-1
95,6,1284,463,329,138,-1,0,0,-1
96,1,2,166,495,162,-1,0,0,-1
96,2,447,346,194,148,-1,0,0,-1
96,3,913,138,387,172,-1,0,0,-1
96,4,1318,132,483,202,-1,0,0,-1
96,5,1421,296,544,351,-1,0,0,-1
96,6,1285,463,330,139,-1,0,0,-1
97,1,2,166,495,162,-1,0,0,-1
97,2,447,346,194,148,-1,0,0,-1
97,3,913,138,387,172,-1,0,0,-1
97,4,1318,132,483,202,-1,0,0,-1
97,5,1421,296,544,351,-1,0,0,-1
97,6,1285,463,331,139,-1,0,0,-1
98,1,2,166,495,162,-1,0,0,-1
98,2,447,346,194,148,-1,0,0,-1
98,3,913,138,387,172,-1,0,0,-1
98,4,1318,132,483,202,-1,0,0,-1
98,5,1422,295,545,352,-1,0,0,-1
98,6,1286,463,332,140,-1,0,0,-1
99,1,2,166,495,162,-1,0,0,-1
99,2,447,346,194,148,-1,0,0,-1
99,3,913,138,387,172,-1,0,0,-1
99,4,1318,132,483,202,-1,0,0,-1
99,5,1423,295,546,352,-1,0,0,-1
99,6,1287,463,333,140,-1,0,0,-1
100,1,2,166,495,162,-1,0,0,-1
100,2,447,346,194,148,-1,0,0,-1
100,3,913,138,387,172,-1,0,0,-1
100,4,1318,132,483,202,-1,0,0,-1
100,5,1424,295,546,352,-1,0,0,-1
100,6,1288,463,333,140,-1,0,0,-1
101,1,2,166,495,162,-1,0,0,-1
101,2,447,346,194,148,-1,0,0,-1
101,3,913,138,387,172,-1,0,0,-1
101,4,1318,132,483,202,-1,0,0,-1
101,5,1424,295,548,354,-1,0,0,-1
101,6,1288,463,334,141,-1,0,0,-1
102,1,2,166,495,162,-1,0,0,-1
102,2,447,346,194,148,-1,0,0,-1
102,3,913,138,387,172,-1,0,0,-1
102,4,1318,132,483,202,-1,0,0,-1
102,5,1425,295,549,354,-1,0,0,-1
102,6,1289,463,335,141,-1,0,0,-1
103,1,2,166,495,162,-1,0,0,-1
103,2,447,346,194,148,-1,0,0,-1
103,3,913,138,387,172,-1,0,0,-1
103,4,1318,132,483,202,-1,0,0,-1
103,5,1426,294,550,355,-1,0,0,-1
103,6,1290,463,335,141,-1,0,0,-1
104,1,2,166,495,162,-1,0,0,-1
104,2,447,346,194,148,-1,0,0,-1
104,3,913,138,387,172,-1,0,0,-1
104,4,1318,132,483,202,-1,0,0,-1
104,5,1426,294,550,355,-1,0,0,-1
104,6,1291,463,337,142,-1,0,0,-1
105,1,2,166,495,162,-1,0,0,-1
105,2,447,346,194,148,-1,0,0,-1
105,3,913,138,387,172,-1,0,0,-1
105,4,1318,132,483,202,-1,0,0,-1
105,5,1441,297,537,353,-1,0,0,-1
105,6,1292,463,337,142,-1,0,0,-1
106,1,2,166,495,162,-1,0,0,-1
106,2,447,346,194,148,-1,0,0,-1
106,3,913,138,387,172,-1,0,0,-1
106,4,1318,132,483,202,-1,0,0,-1
106,5,1442,297,480,353,-1,0,0,-1
106,6,1292,463,338,142,-1,0,0,-1
107,1,2,166,495,162,-1,0,0,-1
107,2,447,346,194,148,-1,0,0,-1
107,3,913,138,387,172,-1,0,0,-1
107,4,1318,132,483,202,-1,0,0,-1
107,5,1443,297,480,354,-1,0,0,-1
107,6,1293,463,339,143,-1,0,0,-1
108,1,2,166,495,162,-1,0,0,-1
108,2,447,346,194,148,-1,0,0,-1
108,3,913,138,387,172,-1,0,0,-1
108,4,1318,132,483,202,-1,0,0,-1
108,5,1444,297,481,354,-1,0,0,-1
108,6,1294,463,340,143,-1,0,0,-1
109,1,2,166,495,162,-1,0,0,-1
109,2,447,346,194,148,-1,0,0,-1
109,3,913,138,387,172,-1,0,0,-1
109,4,1318,132,483,202,-1,0,0,-1
109,5,1445,296,484,357,-1,0,0,-1
109,6,1295,463,341,143,-1,0,0,-1
110,1,2,166,495,162,-1,0,0,-1
110,2,447,346,194,148,-1,0,0,-1
110,3,913,138,387,172,-1,0,0,-1
110,4,1318,132,483,202,-1,0,0,-1
110,5,1447,296,485,358,-1,0,0,-1
110,6,1297,463,340,143,-1,0,0,-1
111,1,2,166,495,162,-1,0,0,-1
111,2,447,346,194,148,-1,0,0,-1
111,3,913,138,387,172,-1,0,0,-1
111,4,1318,132,483,202,-1,0,0,-1
111,5,1448,295,486,358,-1,0,0,-1
111,6,1296,463,342,144,-1,0,0,-1
112,1,2,166,495,162,-1,0,0,-1
112,2,447,346,194,148,-1,0,0,-1
112,3,913,138,387,172,-1,0,0,-1
112,4,1318,132,483,202,-1,0,0,-1
112,5,1450,295,488,359,-1,0,0,-1
112,6,1297,463,344,145,-1,0,0,-1
113,1,2,166,495,162,-1,0,0,-1
113,2,447,346,194,148,-1,0,0,-1
113,3,913,138,387,172,-1,0,0,-1
113,4,1318,132,483,202,-1,0,0,-1
113,5,1451,294,489,360,-1,0,0,-1
113,6,1298,463,344,145,-1,0,0,-1
114,1,2,166,495,162,-1,0,0,-1
114,2,447,346,194,148,-1,0,0,-1
114,3,913,138,387,172,-1,0,0,-1
114,4,1318,132,483,202,-1,0,0,-1
114,5,1453,294,490,361,-1,0,0,-1
114,6,1298,463,345,145,-1,0,0,-1
115,1,2,166,496,162,-1,0,0,-1
115,2,447,346,194,148,-1,0,0,-1
115,3,913,138,387,172,-1,0,0,-1
115,4,1318,132,483,202,-1,0,0,-1
115,5,1454,293,492,362,-1,0,0,-1
115,6,1300,463,345,145,-1,0,0,-1
116,1,2,166,495,162,-1,0,0,-1
116,2,447,346,194,148,-1,0,0,-1
116,3,913,138,387,172,-1,0,0,-1
116,4,1318,132,483,202,-1,0,0,-1
116,5,1455,293,493,363,-1,0,0,-1
116,6,1300,463,347,146,-1,0,0,-1
117,1,2,166,495,162,-1,0,0,-1
117,2,447,346,194,148,-1,0,0,-1
117,3,913,138,387,172,-1,0,0,-1
117,4,1318,132,483,202,-1,0,0,-1
117,5,1456,292,494,364,-1,0,0,-1
117,6,1288,463,358,146,-1,0,0,-1
118,1,2,166,495,162,-1,0,0,-1
118,2,447,346,194,148,-1,0,0,-1
118,3,913,138,387,172,-1,0,0,-1
118,4,1318,132,483,202,-1,0,0,-1
118,5,1457,292,495,365,-1,0,0,-1
118,6,1288,463,359,147,-1,0,0,-1
119,1,2,166,495,162,-1,0,0,-1
119,2,447,346,194,148,-1,0,0,-1
119,3,913,138,387,172,-1,0,0,-1
119,4,1318,132,483,202,-1,0,0,-1
119,5,1458,292,496,366,-1,0,0,-1
119,6,1289,463,360,147,-1,0,0,-1
120,1,2,166,495,162,-1,0,0,-1
120,2,447,346,194,148,-1,0,0,-1
120,3,913,138,387,172,-1,0,0,-1
120,4,1318,132,483,202,-1,0,0,-1
120,5,1459,292,497,366,-1,0,0,-1
120,6,1289,463,362,148,-1,0,0,-1
121,1,2,166,495,162,-1,0,0,-1
121,2,447,346,194,148,-1,0,0,-1
121,3,913,138,388,172,-1,0,0,-1
121,4,1318,132,483,202,-1,0,0,-1
121,5,1460,291,498,367,-1,0,0,-1
121,6,1290,463,363,148,-1,0,0,-1
122,1,2,166,495,162,-1,0,0,-1
122,2,447,346,194,148,-1,0,0,-1
122,3,913,138,387,172,-1,0,0,-1
122,4,1318,132,483,202,-1,0,0,-1
122,5,1460,291,498,367,-1,0,0,-1
122,6,1291,462,364,148,-1,0,0,-1
123,1,2,166,495,162,-1,0,0,-1
123,2,447,346,194,148,-1,0,0,-1
123,3,913,138,387,172,-1,0,0,-1
123,4,1318,132,483,202,-1,0,0,-1
123,5,1461,291,499,368,-1,0,0,-1
123,6,1293,463,363,148,-1,0,0,-1
124,1,2,166,495,162,-1,0,0,-1
124,2,447,346,194,148,-1,0,0,-1
124,3,913,138,387,172,-1,0,0,-1
124,4,1318,132,483,202,-1,0,0,-1
124,5,1462,291,501,369,-1,0,0,-1
124,6,1293,463,364,148,-1,0,0,-1
125,1,2,166,495,162,-1,0,0,-1
125,2,447,346,194,148,-1,0,0,-1
125,3,913,138,387,172,-1,0,0,-1
125,4,1318,132,483,202,-1,0,0,-1
125,5,1462,290,502,370,-1,0,0,-1
125,6,1294,463,365,149,-1,0,0,-1
126,1,2,166,495,162,-1,0,0,-1
126,2,447,346,194,148,-1,0,0,-1
126,3,913,138,387,172,-1,0,0,-1
126,4,1318,132,483,202,-1,0,0,-1
126,5,1475,298,490,362,-1,0,0,-1
126,6,1295,463,365,149,-1,0,0,-1
127,1,2,166,495,162,-1,0,0,-1
127,2,447,346,194,148,-1,0,0,-1
127,3,912,138,387,172,-1,0,0,-1
127,4,1318,132,483,202,-1,0,0,-1
127,5,1476,298,446,363,-1,0,0,-1
127,6,1296,463,366,149,-1,0,0,-1
128,1,2,166,495,162,-1,0,0,-1
128,2,447,346,194,148,-1,0,0,-1
128,3,913,138,387,172,-1,0,0,-1
128,4,1318,132,483,202,-1,0,0,-1
128,5,1476,297,447,364,-1,0,0,-1
128,6,1298,463,366,149,-1,0,0,-1
129,1,2,166,495,162,-1,0,0,-1
129,2,447,346,194,148,-1,0,0,-1
129,3,913,138,387,172,-1,0,0,-1
129,4,1318,132,483,202,-1,0,0,-1
129,5,1477,297,449,354,-1,0,0,-1
129,6,1298,463,367,150,-1,0,0,-1
130,1,2,166,495,162,-1,0,0,-1
130,2,447,346,194,148,-1,0,0,-1
130,3,913,138,387,172,-1,0,0,-1
130,4,1318,132,483,202,-1,0,0,-1
130,5,1478,297,444,355,-1,0,0,-1
130,6,1299,463,368,150,-1,0,0,-1
131,1,2,166,495,162,-1,0,0,-1
131,2,447,346,194,148,-1,0,0,-1
131,3,913,138,387,172,-1,0,0,-1
131,4,1318,132,483,202,-1,0,0,-1
131,5,1478,296,445,356,-1,0,0,-1
131,6,1300,463,369,150,-1,0,0,-1
132,1,2,166,495,162,-1,0,0,-1
132,2,447,346,194,148,-1,0,0,-1
132,3,913,138,387,172,-1,0,0,-1
132,4,1318,132,483,202,-1,0,0,-1
132,5,1479,297,443,354,-1,0,0,-1
132,6,1301,463,369,151,-1,0,0,-1
133,1,2,166,495,162,-1,0,0,-1
133,2,447,346,194,148,-1,0,0,-1
133,3,913,138,387,172,-1,0,0,-1
133,4,1318,132,483,202,-1,0,0,-1
133,5,1482,296,447,357,-1,0,0,-1
133,6,1302,463,370,151,-1,0,0,-1
134,1,2,166,495,162,-1,0,0,-1
134,2,447,346,194,148,-1,0,0,-1
134,3,913,138,387,172,-1,0,0,-1
134,4,1318,132,483,202,-1,0,0,-1
134,5,1484,295,448,358,-1,0,0,-1
134,6,1302,463,371,151,-1,0,0,-1
135,1,2,166,495,162,-1,0,0,-1
135,2,447,346,194,148,-1,0,0,-1
135,3,913,138,387,172,-1,0,0,-1
135,4,1318,132,483,202,-1,0,0,-1
135,5,1485,295,449,359,-1,0,0,-1
135,6,1303,463,371,151,-1,0,0,-1
136,1,2,166,495,162,-1,0,0,-1
136,2,447,346,194,148,-1,0,0,-1
136,3,913,138,387,172,-1,0,0,-1
136,4,1318,132,483,202,-1,0,0,-1
136,5,1487,294,451,360,-1,0,0,-1
136,6,1304,463,372,152,-1,0,0,-1
137,1,2,166,495,162,-1,0,0,-1
137,2,447,346,194,148,-1,0,0,-1
137,3,913,138,387,172,-1,0,0,-1
137,4,1318,132,483,202,-1,0,0,-1
137,5,1488,294,452,362,-1,0,0,-1
137,6,1305,464,372,152,-1,0,0,-1
138,1,2,166,495,162,-1,0,0,-1
138,2,447,346,194,148,-1,0,0,-1
138,3,913,138,387,172,-1,0,0,-1
138,4,1318,132,483,202,-1,0,0,-1
138,5,1489,293,453,362,-1,0,0,-1
138,6,1306,463,373,152,-1,0,0,-1
139,1,2,166,495,162,-1,0,0,-1
139,2,447,346,194,148,-1,0,0,-1
139,3,913,138,387,172,-1,0,0,-1
139,4,1318,132,483,202,-1,0,0,-1
139,5,1490,293,454,363,-1,0,0,-1
139,6,1306,463,374,153,-1,0,0,-1
140,1,2,166,495,162,-1,0,0,-1
140,2,447,346,194,148,-1,0,0,-1
140,3,913,138,387,172,-1,0,0,-1
140,4,1318,132,483,202,-1,0,0,-1
140,5,1491,293,455,364,-1,0,0,-1
140,6,1307,463,376,153,-1,0,0,-1
141,1,2,166,495,162,-1,0,0,-1
141,2,447,346,194,148,-1,0,0,-1
141,3,913,138,387,172,-1,0,0,-1
141,4,1318,132,483,202,-1,0,0,-1
141,5,1492,293,456,364,-1,0,0,-1
141,6,1308,463,377,154,-1,0,0,-1
142,1,2,166,495,162,-1,0,0,-1
142,2,447,346,194,148,-1,0,0,-1
142,3,913,138,387,172,-1,0,0,-1
142,4,1318,132,483,202,-1,0,0,-1
142,5,1492,292,457,365,-1,0,0,-1
142,6,1309,464,376,153,-1,0,0,-1
143,1,2,166,495,162,-1,0,0,-1
143,2,447,346,194,148,-1,0,0,-1
143,3,913,138,387,172,-1,0,0,-1
143,4,1318,132,483,202,-1,0,0,-1
143,5,1493,292,458,366,-1,0,0,-1
143,6,1310,464,376,153,-1,0,0,-1
144,1,2,166,495,162,-1,0,0,-1
144,2,447,346,194,148,-1,0,0,-1
144,3,913,138,387,172,-1,0,0,-1
144,4,1318,132,483,202,-1,0,0,-1
144,5,1494,292,459,366,-1,0,0,-1
144,6,1311,464,378,154,-1,0,0,-1
145,1,2,166,495,162,-1,0,0,-1
145,2,447,346,194,148,-1,0,0,-1
145,3,913,138,387,172,-1,0,0,-1
145,4,1318,132,483,202,-1,0,0,-1
145,5,1495,291,459,367,-1,0,0,-1
145,6,1312,463,380,155,-1,0,0,-1
146,1,2,166,494,162,-1,0,0,-1
146,2,447,346,194,148,-1,0,0,-1
146,3,913,138,387,172,-1,0,0,-1
146,4,1318,132,483,202,-1,0,0,-1
146,5,1496,291,460,368,-1,0,0,-1
146,6,1313,464,379,155,-1,0,0,-1
147,1,2,166,495,162,-1,0,0,-1
147,2,447,346,194,148,-1,0,0,-1
147,3,913,138,387,172,-1,0,0,-1
147,4,1318,132,483,202,-1,0,0,-1
147,5,1497,291,461,369,-1,0,0,-1
147,6,1314,464,379,155,-1,0,0,-1
148,1,2,166,495,162,-1,0,0,-1
148,2,447,346,194,148,-1,0,0,-1
148,3,913,138,387,172,-1,0,0,-1
148,4,1318,132,483,202,-1,0,0,-1
148,5,1497,291,462,369,-1,0,0,-1
148,6,1315,464,382,156,-1,0,0,-1
149,1,2,166,495,162,-1,0,0,-1
149,2,447,346,194,148,-1,0,0,-1
149,3,913,138,387,172,-1,0,0,-1
149,4,1318,132,483,202,-1,0,0,-1
149,5,1498,290,463,370,-1,0,0,-1
149,6,1316,464,381,155,-1,0,0,-1
150,1,2,166,495,162,-1,0,0,-1
150,2,447,346,194,148,-1,0,0,-1
150,3,913,138,387,172,-1,0,0,-1
150,4,1318,132,483,202,-1,0,0,-1
150,5,1498,290,464,371,-1,0,0,-1
150,6,1317,464,380,155,-1,0,0,-1
151,1,2,166,495,162,-1,0,0,-1
151,2,447,346,194,148,-1,0,0,-1
151,3,913,138,387,172,-1,0,0,-1
151,4,1318,132,483,202,-1,0,0,-1
151,5,1499,290,466,372,-1,0,0,-1
151,6,1318,464,381,155,-1,0,0,-1
152,1,2,166,495,162,-1,0,0,-1
152,2,447,346,194,148,-1,0,0,-1
152,3,913,138,387,172,-1,0,0,-1
152,4,1318,132,483,202,-1,0,0,-1
152,5,1500,289,466,373,-1,0,0,-1
152,6,1319,465,381,155,-1,0,0,-1
153,1,2,166,495,162,-1,0,0,-1
153,2,447,346,194,148,-1,0,0,-1
153,3,913,138,387,172,-1,0,0,-1
153,4,1318,132,483,202,-1,0,0,-1
153,5,1501,289,467,373,-1,0,0,-1
153,6,1320,465,381,156,-1,0,0,-1
154,1,2,166,495,162,-1,0,0,-1
154,2,447,346,194,148,-1,0,0,-1
154,3,913,138,387,172,-1,0,0,-1
154,4,1318,132,483,202,-1,0,0,-1
154,5,1502,289,469,375,-1,0,0,-1
154,6,1323,465,380,155,-1,0,0,-1
155,1,2,166,495,162,-1,0,0,-1
155,2,447,346,194,148,-1,0,0,-1
155,3,913,138,387,172,-1,0,0,-1
155,4,1318,132,483,202,-1,0,0,-1
155,5,1502,288,470,376,-1,0,0,-1
155,6,1323,465,382,156,-1,0,0,-1
156,1,2,166,495,162,-1,0,0,-1
156,2,447,346,194,148,-1,0,0,-1
156,3,913,138,387,172,-1,0,0,-1
156,4,1318,132,483,202,-1,0,0,-1
156,5,1503,288,471,376,-1,0,0,-1
156,6,1324,465,383,156,-1,0,0,-1
157,1,2,166,496,162,-1,0,0,-1
157,2,447,346,194,148,-1,0,0,-1
157,3,913,138,387,172,-1,0,0,-1
157,4,1318,132,483,202,-1,0,0,-1
157,5,1504,288,472,377,-1,0,0,-1
157,6,1324,465,384,157,-1,0,0,-1
158,1,2,166,495,162,-1,0,0,-1
158,2,447,346,194,148,-1,0,0,-1
158,3,913,138,387,172,-1,0,0,-1
158,4,1318,132,483,202,-1,0,0,-1
158,5,1504,288,473,378,-1,0,0,-1
158,6,1324,464,388,158,-1,0,0,-1
159,1,2,166,495,162,-1,0,0,-1
159,2,447,346,194,148,-1,0,0,-1
159,3,913,138,387,172,-1,0,0,-1
159,4,1318,132,483,202,-1,0,0,-1
159,5,1505,287,474,379,-1,0,0,-1
159,6,1325,464,389,159,-1,0,0,-1
160,1,2,166,495,162,-1,0,0,-1
160,2,447,346,194,148,-1,0,0,-1
160,3,913,138,387,172,-1,0,0,-1
160,4,1318,132,483,202,-1,0,0,-1
160,5,1533,296,448,371,-1,0,0,-1
160,6,1325,464,391,159,-1,0,0,-1
161,1,2,166,495,162,-1,0,0,-1
161,2,447,346,194,148,-1,0,0,-1
161,3,913,138,387,172,-1,0,0,-1
161,4,1318,132,483,202,-1,0,0,-1
161,5,1534,296,387,371,-1,0,0,-1
161,6,1325,463,392,160,-1,0,0,-1
162,1,2,166,495,162,-1,0,0,-1
162,2,447,346,194,148,-1,0,0,-1
162,3,913,138,387,172,-1,0,0,-1
162,4,1318,132,483,202,-1,0,0,-1
162,5,1534,296,388,372,-1,0,0,-1
162,6,1325,463,393,160,-1,0,0,-1
163,1,2,166,495,162,-1,0,0,-1
163,2,447,346,194,148,-1,0,0,-1
163,3,913,138,387,172,-1,0,0,-1
163,4,1318,132,483,202,-1,0,0,-1
163,5,1535,296,387,371,-1,0,0,-1
163,6,1325,463,395,161,-1,0,0,-1
164,1,2,166,495,162,-1,0,0,-1
164,2,447,346,194,148,-1,0,0,-1
164,3,913,138,387,172,-1,0,0,-1
164,4,1318,132,483,202,-1,0,0,-1
164,5,1535,296,386,370,-1,0,0,-1
164,6,1325,463,397,162,-1,0,0,-1
165,1,2,166,495,162,-1,0,0,-1
165,2,447,346,194,148,-1,0,0,-1
165,3,913,138,387,172,-1,0,0,-1
165,4,1318,132,483,202,-1,0,0,-1
165,5,1540,294,391,375,-1,0,0,-1
165,6,1326,462,398,162,-1,0,0,-1
166,1,2,166,495,162,-1,0,0,-1
166,2,447,346,194,148,-1,0,0,-1
166,3,913,138,387,172,-1,0,0,-1
166,4,1318,132,483,202,-1,0,0,-1
166,5,1542,294,392,376,-1,0,0,-1
166,6,1326,462,400,163,-1,0,0,-1
167,1,2,166,495,162,-1,0,0,-1
167,2,447,346,194,148,-1,0,0,-1
167,3,913,138,387,172,-1,0,0,-1
167,4,1318,132,483,202,-1,0,0,-1
167,5,1544,294,393,377,-1,0,0,-1
167,6,1326,462,402,164,-1,0,0,-1
168,1,2,166,495,162,-1,0,0,-1
168,2,447,346,194,148,-1,0,0,-1
168,3,913,138,387,172,-1,0,0,-1
168,4,1318,132,483,202,-1,0,0,-1
168,5,1545,293,394,378,-1,0,0,-1
168,6,1326,462,403,164,-1,0,0,-1
169,1,2,166,495,162,-1,0,0,-1
169,2,447,346,194,148,-1,0,0,-1
169,3,913,138,387,172,-1,0,0,-1
169,4,1318,132,483,202,-1,0,0,-1
169,5,1546,293,395,378,-1,0,0,-1
169,6,1326,461,405,165,-1,0,0,-1
170,1,2,166,495,162,-1,0,0,-1
170,2,447,346,194,148,-1,0,0,-1
170,3,913,138,387,172,-1,0,0,-1
170,4,1318,132,483,202,-1,0,0,-1
170,5,1547,293,396,379,-1,0,0,-1
170,6,1326,461,406,166,-1,0,0,-1
171,1,2,166,495,162,-1,0,0,-1
171,2,447,346,194,148,-1,0,0,-1
171,3,913,138,387,172,-1,0,0,-1
171,4,1318,132,483,202,-1,0,0,-1
171,5,1548,293,396,380,-1,0,0,-1
171,6,1327,461,408,166,-1,0,0,-1
172,1,2,166,495,162,-1,0,0,-1
172,2,447,346,194,148,-1,0,0,-1
172,3,913,138,387,172,-1,0,0,-1
172,4,1318,132,483,202,-1,0,0,-1
172,5,1548,292,397,381,-1,0,0,-1
172,6,1327,461,409,167,-1,0,0,-1
173,1,2,166,496,162,-1,0,0,-1
173,2,447,346,194,148,-1,0,0,-1
173,3,913,138,387,172,-1,0,0,-1
173,4,1318,132,483,202,-1,0,0,-1
173,5,1549,292,398,382,-1,0,0,-1
173,6,1327,461,411,168,-1,0,0,-1
174,1,2,166,495,162,-1,0,0,-1
174,2,447,346,194,148,-1,0,0,-1
174,3,913,138,387,172,-1,0,0,-1
174,4,1318,132,483,202,-1,0,0,-1
174,5,1549,292,399,382,-1,0,0,-1
174,6,1327,460,413,168,-1,0,0,-1
175,1,2,166,495,162,-1,0,0,-1
175,2,447,346,194,148,-1,0,0,-1
175,3,913,138,387,172,-1,0,0,-1
175,4,1318,132,483,202,-1,0,0,-1
175,5,1573,291,377,372,-1,0,0,-1
175,6,1345,478,387,142,-1,0,0,-1
176,1,2,166,495,162,-1,0,0,-1
176,2,447,346,194,148,-1,0,0,-1
176,3,913,138,387,172,-1,0,0,-1
176,4,1318,132,483,202,-1,0,0,-1
176,5,1574,291,347,372,-1,0,0,-1
176,6,1346,478,388,142,-1,0,0,-1
177,1,2,166,495,162,-1,0,0,-1
177,2,447,346,194,148,-1,0,0,-1
177,3,913,138,387,172,-1,0,0,-1
177,4,1318,132,483,202,-1,0,0,-1
177,5,1575,290,348,373,-1,0,0,-1
177,6,1347,478,389,143,-1,0,0,-1
178,1,2,166,495,162,-1,0,0,-1
178,2,447,346,194,148,-1,0,0,-1
178,3,913,138,387,172,-1,0,0,-1
178,4,1318,132,483,202,-1,0,0,-1
178,5,1575,290,348,373,-1,0,0,-1
178,6,1347,478,391,143,-1,0,0,-1
179,1,2,166,494,162,-1,0,0,-1
179,2,447,346,194,148,-1,0,0,-1
179,3,913,138,387,172,-1,0,0,-1
179,4,1318,132,483,202,-1,0,0,-1
179,5,1575,291,347,372,-1,0,0,-1
179,6,1349,478,390,143,-1,0,0,-1
180,1,2,166,495,162,-1,0,0,-1
180,2,447,346,194,148,-1,0,0,-1
180,3,913,138,387,172,-1,0,0,-1
180,4,1318,132,483,202,-1,0,0,-1
180,5,1576,290,347,372,-1,0,0,-1
180,6,1351,478,389,143,-1,0,0,-1
181,1,2,166,495,162,-1,0,0,-1
181,2,447,346,194,148,-1,0,0,-1
181,3,913,138,387,172,-1,0,0,-1
181,4,1318,132,483,202,-1,0,0,-1
181,5,1577,288,350,375,-1,0,0,-1
181,6,1351,479,390,143,-1,0,0,-1
182,1,2,166,495,162,-1,0,0,-1
182,2,447,346,194,148,-1,0,0,-1
182,3,913,138,387,172,-1,0,0,-1
182,4,1318,132,483,202,-1,0,0,-1
182,5,1584,289,351,377,-1,0,0,-1
182,6,1352,479,391,143,-1,0,0,-1
183,1,2,166,495,162,-1,0,0,-1
183,2,447,346,194,148,-1,0,0,-1
183,3,913,138,387,172,-1,0,0,-1
183,4,1318,132,483,202,-1,0,0,-1
183,5,1586,290,351,376,-1,0,0,-1
183,6,1353,478,392,144,-1,0,0,-1
184,1,2,166,495,162,-1,0,0,-1
184,2,447,346,194,148,-1,0,0,-1
184,3,913,138,387,172,-1,0,0,-1
184,4,1318,132,483,202,-1,0,0,-1
184,5,1573,291,348,373,-1,0,0,-1
184,6,1354,479,392,144,-1,0,0,-1
185,1,2,166,494,162,-1,0,0,-1
185,2,447,346,194,148,-1,0,0,-1
185,3,913,138,387,172,-1,0,0,-1
185,4,1318,132,483,202,-1,0,0,-1
185,5,1573,291,347,372,-1,0,0,-1
185,6,1355,479,393,144,-1,0,0,-1
186,1,2,166,495,162,-1,0,0,-1
186,2,447,346,194,148,-1,0,0,-1
186,3,913,138,387,172,-1,0,0,-1
186,4,1318,132,483,202,-1,0,0,-1
186,5,1573,291,348,373,-1,0,0,-1
186,6,1357,479,392,144,-1,0,0,-1
187,1,2,166,495,162,-1,0,0,-1
187,2,447,346,194,148,-1,0,0,-1
187,3,913,138,386,172,-1,0,0,-1
187,4,1318,132,483,202,-1,0,0,-1
187,5,1574,290,349,374,-1,0,0,-1
187,6,1358,479,394,145,-1,0,0,-1
188,1,2,166,495,162,-1,0,0,-1
188,2,447,346,194,148,-1,0,0,-1
188,3,913,138,387,172,-1,0,0,-1
188,4,1318,132,483,202,-1,0,0,-1
188,5,1592,290,331,375,-1,0,0,-1
188,6,1358,479,394,145,-1,0,0,-1
189,1,2,166,495,162,-1,0,0,-1
189,2,447,346,194,148,-1,0,0,-1
189,3,913,138,387,172,-1,0,0,-1
189,4,1318,132,483,202,-1,0,0,-1
189,5,1593,290,328,375,-1,0,0,-1
189,6,1359,479,395,145,-1,0,0,-1
190,1,2,166,495,162,-1,0,0,-1
190,2,447,346,194,148,-1,0,0,-1
190,3,913,138,387,172,-1,0,0,-1
190,4,1318,132,483,202,-1,0,0,-1
190,5,1593,290,328,375,-1,0,0,-1
190,6,1360,479,396,145,-1,0,0,-1
191,1,2,166,495,162,-1,0,0,-1
191,2,447,346,194,148,-1,0,0,-1
191,3,913,138,387,172,-1,0,0,-1
191,4,1318,132,483,202,-1,0,0,-1
191,5,1594,290,328,374,-1,0,0,-1
191,6,1361,479,397,146,-1,0,0,-1
192,1,2,166,495,162,-1,0,0,-1
192,2,447,346,194,148,-1,0,0,-1
192,3,913,138,387,172,-1,0,0,-1
192,4,1318,132,483,202,-1,0,0,-1
192,5,1595,289,329,376,-1,0,0,-1
192,6,1363,480,397,146,-1,0,0,-1
193,1,2,166,495,162,-1,0,0,-1
193,2,447,346,194,148,-1,0,0,-1
193,3,913,138,387,172,-1,0,0,-1
193,4,1318,132,483,202,-1,0,0,-1
193,5,1593,290,328,375,-1,0,0,-1
193,6,1364,480,397,146,-1,0,0,-1
194,1,2,166,495,162,-1,0,0,-1
194,2,447,346,194,148,-1,0,0,-1
194,3,913,138,387,172,-1,0,0,-1
194,4,1318,132,483,202,-1,0,0,-1
194,5,1596,286,331,379,-1,0,0,-1
194,6,1365,480,398,146,-1,0,0,-1
195,1,2,166,495,162,-1,0,0,-1
195,2,447,346,194,148,-1,0,0,-1
195,3,913,138,387,172,-1,0,0,-1
195,4,1318,132,483,202,-1,0,0,-1
195,5,1610,286,319,380,-1,0,0,-1
195,6,1366,480,399,146,-1,0,0,-1
196,1,2,166,495,162,-1,0,0,-1
196,2,447,346,194,148,-1,0,0,-1
196,3,913,138,387,172,-1,0,0,-1
196,4,1318,132,483,202,-1,0,0,-1
196,5,1611,286,310,380,-1,0,0,-1
196,6,1367,480,399,147,-1,0,0,-1
197,1,2,166,495,162,-1,0,0,-1
197,2,447,346,194,148,-1,0,0,-1
197,3,913,138,387,172,-1,0,0,-1
197,4,1318,132,483,202,-1,0,0,-1
197,5,1611,286,310,380,-1,0,0,-1
197,6,1368,480,400,147,-1,0,0,-1
198,1,2,166,495,162,-1,0,0,-1
198,2,447,346,194,148,-1,0,0,-1
198,3,913,138,387,172,-1,0,0,-1
198,4,1318,132,483,202,-1,0,0,-1
198,5,1613,285,311,381,-1,0,0,-1
198,6,1369,480,401,147,-1,0,0,-1
199,1,2,166,495,162,-1,0,0,-1
199,2,447,346,194,148,-1,0,0,-1
199,3,913,138,387,172,-1,0,0,-1
199,4,1318,132,483,202,-1,0,0,-1
199,5,1610,286,310,380,-1,0,0,-1
199,6,1370,480,402,147,-1,0,0,-1
200,1,2,166,494,162,-1,0,0,-1
200,2,447,346,194,148,-1,0,0,-1
200,3,913,138,386,172,-1,0,0,-1
200,4,1318,132,483,202,-1,0,0,-1
200,5,1623,286,297,380,-1,0,0,-1
200,6,1371,480,402,148,-1,0,0,-1
201,1,2,166,495,162,-1,0,0,-1
201,2,447,346,194,148,-1,0,0,-1
201,3,913,138,387,172,-1,0,0,-1
201,4,1318,132,483,202,-1,0,0,-1
201,5,1624,286,297,380,-1,0,0,-1
201,6,1372,480,403,148,-1,0,0,-1
202,1,2,166,495,162,-1,0,0,-1
202,2,447,346,194,148,-1,0,0,-1
202,3,913,138,387,172,-1,0,0,-1
202,4,1318,132,483,202,-1,0,0,-1
202,5,1625,286,297,380,-1,0,0,-1
202,6,1373,481,403,148,-1,0,0,-1
203,1,2,166,495,162,-1,0,0,-1
203,2,447,346,194,148,-1,0,0,-1
203,3,913,138,387,172,-1,0,0,-1
203,4,1318,132,483,202,-1,0,0,-1
203,5,1625,286,297,380,-1,0,0,-1
203,6,1375,481,404,148,-1,0,0,-1
204,1,2,166,495,162,-1,0,0,-1
204,2,447,346,194,148,-1,0,0,-1
204,3,913,138,387,172,-1,0,0,-1
204,4,1318,132,483,202,-1,0,0,-1
204,5,1625,286,297,380,-1,0,0,-1
204,6,1375,481,405,149,-1,0,0,-1
205,1,2,166,495,162,-1,0,0,-1
205,2,447,346,194,148,-1,0,0,-1
205,3,913,138,387,172,-1,0,0,-1
205,4,1318,132,483,202,-1,0,0,-1
205,5,1626,284,299,382,-1,0,0,-1
205,6,1376,481,406,149,-1,0,0,-1
206,1,2,166,495,162,-1,0,0,-1
206,2,447,346,194,148,-1,0,0,-1
206,3,912,138,388,172,-1,0,0,-1
206,4,1318,132,483,202,-1,0,0,-1
206,5,1638,283,289,359,-1,0,0,-1
206,6,1378,481,406,149,-1,0,0,-1
207,1,2,166,495,162,-1,0,0,-1
207,2,447,346,194,148,-1,0,0,-1
207,3,913,138,387,172,-1,0,0,-1
207,4,1318,132,483,202,-1,0,0,-1
207,5,1639,283,282,359,-1,0,0,-1
207,6,1378,481,408,150,-1,0,0,-1
208,1,2,166,495,162,-1,0,0,-1
208,2,447,346,194,148,-1,0,0,-1
208,3,913,138,387,172,-1,0,0,-1
208,4,1318,132,483,202,-1,0,0,-1
208,5,1640,283,282,359,-1,0,0,-1
208,6,1379,481,409,150,-1,0,0,-1
209,1,2,166,495,162,-1,0,0,-1
209,2,447,346,194,148,-1,0,0,-1
209,3,913,138,387,172,-1,0,0,-1
209,4,1318,132,483,202,-1,0,0,-1
209,5,1640,281,283,361,-1,0,0,-1
209,6,1380,481,409,150,-1,0,0,-1
210,1,2,166,495,162,-1,0,0,-1
210,2,447,346,194,148,-1,0,0,-1
210,3,913,138,387,172,-1,0,0,-1
210,4,1318,132,483,202,-1,0,0,-1
210,5,1649,281,276,361,-1,0,0,-1
210,6,1381,481,410,150,-1,0,0,-1
211,1,2,166,495,162,-1,0,0,-1
211,2,447,346,194,148,-1,0,0,-1
211,3,913,138,387,172,-1,0,0,-1
211,4,1318,132,483,202,-1,0,0,-1
211,5,1650,281,271,361,-1,0,0,-1
211,6,1381,481,411,151,-1,0,0,-1
212,1,2,166,495,162,-1,0,0,-1
212,2,447,346,194,148,-1,0,0,-1
212,3,913,138,387,172,-1,0,0,-1
212,4,1318,132,483,202,-1,0,0,-1
212,5,1650,281,271,361,-1,0,0,-1
212,6,1384,481,411,151,-1,0,0,-1
213,1,2,166,495,162,-1,0,0,-1
213,2,447,346,194,148,-1,0,0,-1
213,3,913,138,387,172,-1,0,0,-1
213,4,1318,132,483,202,-1,0,0,-1
213,5,1651,279,272,363,-1,0,0,-1
213,6,1384,481,412,151,-1,0,0,-1
214,1,2,166,495,162,-1,0,0,-1
214,2,447,346,194,148,-1,0,0,-1
214,3,913,138,387,172,-1,0,0,-1
214,4,1318,132,483,202,-1,0,0,-1
214,5,1652,279,273,364,-1,0,0,-1
214,6,1385,481,414,152,-1,0,0,-1
215,1,2,166,495,162,-1,0,0,-1
215,2,447,346,194,148,-1,0,0,-1
215,3,913,138,387,172,-1,0,0,-1
215,4,1318,132,483,202,-1,0,0,-1
215,5,1653,278,273,364,-1,0,0,-1
215,6,1385,481,415,152,-1,0,0,-1
216,1,2,166,495,162,-1,0,0,-1
216,2,447,346,194,148,-1,0,0,-1
216,3,913,138,387,172,-1,0,0,-1
216,4,1318,132,483,202,-1,0,0,-1
216,5,1653,278,274,365,-1,0,0,-1
216,6,1386,480,416,153,-1,0,0,-1
217,1,2,166,495,162,-1,0,0,-1
217,2,447,346,194,148,-1,0,0,-1
217,3,913,138,387,172,-1,0,0,-1
217,4,1318,132,483,202,-1,0,0,-1
217,5,1649,280,272,362,-1,0,0,-1
217,6,1386,480,418,154,-1,0,0,-1
218,1,2,166,495,162,-1,0,0,-1
218,2,447,346,194,148,-1,0,0,-1
218,3,913,138,387,172,-1,0,0,-1
218,4,1318,132,483,202,-1,0,0,-1
218,5,1655,276,275,366,-1,0,0,-1
218,6,1386,480,420,154,-1,0,0,-1
219,1,2,166,495,162,-1,0,0,-1
219,2,447,346,194,148,-1,0,0,-1
219,3,913,138,387,172,-1,0,0,-1
219,4,1318,132,483,202,-1,0,0,-1
219,5,1665,291,267,352,-1,0,0,-1
219,6,1387,480,422,155,-1,0,0,-1
220,1,2,166,494,162,-1,0,0,-1
220,2,447,346,194,148,-1,0,0,-1
220,3,913,138,387,172,-1,0,0,-1
220,4,1318,132,483,202,-1,0,0,-1
220,5,1665,291,255,352,-1,0,0,-1
220,6,1387,480,423,155,-1,0,0,-1
221,1,2,166,495,162,-1,0,0,-1
221,2,447,346,194,148,-1,0,0,-1
221,3,913,138,387,172,-1,0,0,-1
221,4,1318,132,483,202,-1,0,0,-1
221,5,1667,291,255,352,-1,0,0,-1
221,6,1393,482,418,154,-1,0,0,-1
222,1,2,166,495,162,-1,0,0,-1
222,2,447,346,194,148,-1,0,0,-1
222,3,913,138,387,172,-1,0,0,-1
222,4,1318,132,483,202,-1,0,0,-1
222,5,1671,291,255,352,-1,0,0,-1
222,6,1394,482,415,154,-1,0,0,-1
223,1,2,166,495,162,-1,0,0,-1
223,2,447,346,194,148,-1,0,0,-1
223,3,913,138,387,172,-1,0,0,-1
223,4,1318,132,483,202,-1,0,0,-1
223,5,1668,288,257,355,-1,0,0,-1
223,6,1395,482,417,155,-1,0,0,-1
224,1,2,166,495,162,-1,0,0,-1
224,2,447,346,194,148,-1,0,0,-1
224,3,913,138,387,172,-1,0,0,-1
224,4,1318,132,483,202,-1,0,0,-1
224,5,1675,289,258,356,-1,0,0,-1
224,6,1395,482,418,155,-1,0,0,-1
225,1,2,166,494,162,-1,0,0,-1
225,2,447,346,194,148,-1,0,0,-1
225,3,913,138,387,172,-1,0,0,-1
225,4,1318,132,483,202,-1,0,0,-1
225,5,1677,289,258,356,-1,0,0,-1
225,6,1396,481,420,156,-1,0,0,-1
226,1,2,166,494,162,-1,0,0,-1
226,2,447,346,194,148,-1,0,0,-1
226,3,913,138,387,172,-1,0,0,-1
226,4,1318,132,483,202,-1,0,0,-1
226,5,1679,289,258,357,-1,0,0,-1
226,6,1398,482,419,156,-1,0,0,-1
227,1,2,166,494,162,-1,0,0,-1
227,2,447,346,194,148,-1,0,0,-1
227,3,913,138,387,172,-1,0,0,-1
227,4,1318,132,483,202,-1,0,0,-1
227,5,1680,288,259,358,-1,0,0,-1
227,6,1397,482,423,157,-1,0,0,-1
228,1,2,166,495,162,-1,0,0,-1
228,2,447,346,194,148,-1,0,0,-1
228,3,913,138,387,172,-1,0,0,-1
228,4,1318,132,483,202,-1,0,0,-1
228,5,1681,288,260,358,-1,0,0,-1
228,6,1397,481,426,158,-1,0,0,-1
229,1,2,166,495,162,-1,0,0,-1
229,2,447,346,194,148,-1,0,0,-1
229,3,913,138,387,172,-1,0,0,-1
229,4,1318,132,483,202,-1,0,0,-1
229,5,1692,303,251,343,-1,0,0,-1
229,6,1402,483,421,156,-1,0,0,-1
230,1,2,166,494,162,-1,0,0,-1
230,2,447,346,194,148,-1,0,0,-1
230,3,913,138,387,172,-1,0,0,-1
230,4,1318,132,483,202,-1,0,0,-1
230,5,1693,303,228,343,-1,0,0,-1
230,6,1403,482,422,156,-1,0,0,-1
231,1,2,166,495,162,-1,0,0,-1
231,2,447,346,194,148,-1,0,0,-1
231,3,913,138,387,172,-1,0,0,-1
231,4,1318,132,483,202,-1,0,0,-1
231,5,1695,303,228,343,-1,0,0,-1
231,6,1398,481,431,160,-1,0,0,-1
232,1,2,166,495,162,-1,0,0,-1
232,2,447,346,194,148,-1,0,0,-1
232,3,913,138,387,172,-1,0,0,-1
232,4,1318,132,483,202,-1,0,0,-1
232,5,1698,302,229,345,-1,0,0,-1
232,6,1405,482,424,157,-1,0,0,-1
233,1,2,166,495,162,-1,0,0,-1
233,2,447,346,194,148,-1,0,0,-1
233,3,913,138,387,172,-1,0,0,-1
233,4,1318,132,483,202,-1,0,0,-1
233,5,1700,302,230,345,-1,0,0,-1
233,6,1406,482,426,158,-1,0,0,-1
234,1,2,166,495,162,-1,0,0,-1
234,2,447,346,194,148,-1,0,0,-1
234,3,913,138,386,172,-1,0,0,-1
234,4,1318,132,483,202,-1,0,0,-1
234,5,1702,302,230,346,-1,0,0,-1
234,6,1407,483,426,158,-1,0,0,-1
235,1,2,166,495,162,-1,0,0,-1
235,2,447,346,194,148,-1,0,0,-1
235,3,913,138,387,172,-1,0,0,-1
235,4,1318,132,483,202,-1,0,0,-1
235,5,1705,301,230,346,-1,0,0,-1
235,6,1408,482,427,159,-1,0,0,-1
236,1,2,166,495,162,-1,0,0,-1
236,2,447,346,194,148,-1,0,0,-1
236,3,913,138,386,172,-1,0,0,-1
236,4,1318,132,483,202,-1,0,0,-1
236,5,1706,301,230,346,-1,0,0,-1
236,6,1409,482,429,159,-1,0,0,-1
237,1,2,166,495,162,-1,0,0,-1
237,2,447,346,194,148,-1,0,0,-1
237,3,913,138,387,172,-1,0,0,-1
237,4,1318,132,483,202,-1,0,0,-1
237,5,1708,302,231,347,-1,0,0,-1
237,6,1410,483,429,159,-1,0,0,-1
238,1,2,166,495,162,-1,0,0,-1
238,2,447,346,194,148,-1,0,0,-1
238,3,913,138,387,172,-1,0,0,-1
238,4,1318,132,483,202,-1,0,0,-1
238,5,1710,301,231,347,-1,0,0,-1
238,6,1411,482,431,160,-1,0,0,-1
239,1,2,166,495,162,-1,0,0,-1
239,2,447,346,194,148,-1,0,0,-1
239,3,913,138,387,172,-1,0,0,-1
239,4,1318,132,483,202,-1,0,0,-1
239,5,1712,301,231,347,-1,0,0,-1
239,6,1412,482,432,160,-1,0,0,-1
240,1,2,166,495,162,-1,0,0,-1
240,2,447,346,194,148,-1,0,0,-1
240,3,913,138,387,172,-1,0,0,-1
240,4,1318,132,483,202,-1,0,0,-1
240,5,1713,301,231,347,-1,0,0,-1
240,6,1413,482,433,161,-1,0,0,-1
241,1,2,166,495,162,-1,0,0,-1
241,2,447,346,194,148,-1,0,0,-1
241,3,913,138,387,172,-1,0,0,-1
241,4,1318,132,483,202,-1,0,0,-1
241,5,1714,301,231,348,-1,0,0,-1
241,6,1414,482,435,161,-1,0,0,-1
242,1,2,166,495,162,-1,0,0,-1
242,2,447,346,194,148,-1,0,0,-1
242,3,913,138,387,172,-1,0,0,-1
242,4,1318,132,483,202,-1,0,0,-1
242,5,1716,301,231,348,-1,0,0,-1
242,6,1416,483,435,161,-1,0,0,-1
243,1,2,166,495,162,-1,0,0,-1
243,2,447,346,194,148,-1,0,0,-1
243,3,913,138,387,172,-1,0,0,-1
243,4,1318,132,483,202,-1,0,0,-1
243,5,1718,301,231,348,-1,0,0,-1
243,6,1416,482,437,162,-1,0,0,-1
244,1,2,166,495,162,-1,0,0,-1
244,2,447,346,194,148,-1,0,0,-1
244,3,913,138,387,172,-1,0,0,-1
244,4,1318,132,483,202,-1,0,0,-1
244,5,1719,301,231,348,-1,0,0,-1
244,6,1418,482,437,162,-1,0,0,-1
245,1,2,166,495,162,-1,0,0,-1
245,2,447,346,194,148,-1,0,0,-1
245,3,913,138,387,172,-1,0,0,-1
245,4,1318,132,483,202,-1,0,0,-1
245,5,1721,301,231,348,-1,0,0,-1
245,6,1418,483,438,163,-1,0,0,-1
246,1,2,166,495,162,-1,0,0,-1
246,2,447,346,194,148,-1,0,0,-1
246,3,913,138,387,172,-1,0,0,-1
246,4,1318,132,483,202,-1,0,0,-1
246,5,1722,301,231,348,-1,0,0,-1
246,6,1424,484,433,161,-1,0,0,-1
247,1,2,166,496,162,-1,0,0,-1
247,2,447,346,194,148,-1,0,0,-1
247,3,913,138,387,172,-1,0,0,-1
247,4,1318,132,483,202,-1,0,0,-1
247,5,1724,301,231,348,-1,0,0,-1
247,6,1420,482,436,164,-1,0,0,-1
248,1,2,166,495,162,-1,0,0,-1
248,2,447,346,194,148,-1,0,0,-1
248,3,913,138,387,172,-1,0,0,-1
248,4,1318,132,483,202,-1,0,0,-1
248,5,1725,301,231,348,-1,0,0,-1
248,6,1421,482,438,165,-1,0,0,-1
249,1,2,166,495,162,-1,0,0,-1
249,2,447,346,194,148,-1,0,0,-1
249,3,913,138,387,172,-1,0,0,-1
249,4,1318,132,483,202,-1,0,0,-1
249,5,1726,301,231,347,-1,0,0,-1
249,6,1421,482,440,165,-1,0,0,-1
250,1,2,166,495,162,-1,0,0,-1
250,2,447,346,194,148,-1,0,0,-1
250,3,913,138,387,172,-1,0,0,-1
250,4,1318,132,483,202,-1,0,0,-1
250,5,1728,301,231,348,-1,0,0,-1
250,6,1422,482,441,166,-1,0,0,-1
251,1,2,166,495,162,-1,0,0,-1
251,2,447,346,194,148,-1,0,0,-1
251,3,913,138,388,172,-1,0,0,-1
251,4,1318,132,483,202,-1,0,0,-1
251,5,1729,301,231,348,-1,0,0,-1
251,6,1424,482,441,166,-1,0,0,-1
252,1,2,166,495,162,-1,0,0,-1
252,2,447,346,194,148,-1,0,0,-1
252,3,913,138,387,172,-1,0,0,-1
252,4,1318,132,483,202,-1,0,0,-1
252,5,1730,301,231,347,-1,0,0,-1
252,6,1423,481,445,167,-1,0,0,-1
253,1,2,166,495,162,-1,0,0,-1
253,2,447,346,194,148,-1,0,0,-1
253,3,912,138,388,172,-1,0,0,-1
253,4,1318,132,483,202,-1,0,0,-1
253,5,1732,301,231,347,-1,0,0,-1
253,6,1427,482,442,166,-1,0,0,-1
254,1,2,166,495,162,-1,0,0,-1
254,2,447,346,194,148,-1,0,0,-1
254,3,912,138,388,172,-1,0,0,-1
254,4,1318,132,483,202,-1,0,0,-1
254,5,1733,301,231,347,-1,0,0,-1
254,6,1428,482,444,167,-1,0,0,-1
255,1,2,166,495,162,-1,0,0,-1
255,2,447,346,194,148,-1,0,0,-1
255,3,913,138,387,172,-1,0,0,-1
255,4,1318,132,482,202,-1,0,0,-1
255,5,1734,301,231,347,-1,0,0,-1
255,6,1429,482,445,168,-1,0,0,-1
256,1,2,166,495,162,-1,0,0,-1
256,2,447,346,194,148,-1,0,0,-1
256,3,913,138,387,172,-1,0,0,-1
256,4,1318,132,482,202,-1,0,0,-1
256,5,1735,301,231,347,-1,0,0,-1
256,6,1429,482,447,168,-1,0,0,-1
257,1,2,166,495,162,-1,0,0,-1
257,2,447,346,194,148,-1,0,0,-1
257,3,913,138,387,172,-1,0,0,-1
257,4,1318,132,483,202,-1,0,0,-1
257,5,1737,300,231,347,-1,0,0,-1
257,6,1431,481,448,168,-1,0,0,-1
258,1,2,166,495,162,-1,0,0,-1
258,2,447,346,194,148,-1,0,0,-1
258,3,913,138,387,172,-1,0,0,-1
258,4,1318,132,483,202,-1,0,0,-1
258,5,1738,300,231,347,-1,0,0,-1
258,6,1432,482,449,169,-1,0,0,-1
259,1,2,166,495,162,-1,0,0,-1
259,2,447,346,194,148,-1,0,0,-1
259,3,913,138,387,172,-1,0,0,-1
259,4,1318,132,483,202,-1,0,0,-1
259,5,1740,301,231,347,-1,0,0,-1
259,6,1434,482,450,169,-1,0,0,-1
260,1,2,166,495,162,-1,0,0,-1
260,2,447,346,194,148,-1,0,0,-1
260,3,913,138,387,172,-1,0,0,-1
260,4,1318,132,483,202,-1,0,0,-1
260,5,1767,300,205,347,-1,0,0,-1
260,6,1434,482,451,170,-1,0,0,-1
261,1,2,166,495,162,-1,0,0,-1
261,2,447,346,194,148,-1,0,0,-1
261,3,913,138,387,172,-1,0,0,-1
261,4,1318,132,483,202,-1,0,0,-1
261,5,1769,300,153,347,-1,0,0,-1
261,6,1435,482,454,171,-1,0,0,-1
262,1,2,166,495,162,-1,0,0,-1
262,2,447,346,194,148,-1,0,0,-1
262,3,913,138,387,172,-1,0,0,-1
262,4,1318,132,483,202,-1,0,0,-1
262,5,1769,300,153,347,-1,0,0,-1
262,6,1437,482,454,171,-1,0,0,-1
263,1,2,166,495,162,-1,0,0,-1
263,2,447,346,194,148,-1,0,0,-1
263,3,913,138,387,172,-1,0,0,-1
263,4,1318,132,483,202,-1,0,0,-1
263,5,1770,300,153,347,-1,0,0,-1
263,6,1438,482,455,171,-1,0,0,-1
264,1,2,166,495,162,-1,0,0,-1
264,2,447,346,194,148,-1,0,0,-1
264,3,913,138,387,172,-1,0,0,-1
264,4,1318,132,483,202,-1,0,0,-1
264,5,1771,299,153,348,-1,0,0,-1
264,6,1439,482,457,172,-1,0,0,-1
265,1,2,166,495,162,-1,0,0,-1
265,2,447,346,194,148,-1,0,0,-1
265,3,913,138,387,172,-1,0,0,-1
265,4,1318,132,482,202,-1,0,0,-1
265,5,1772,299,153,348,-1,0,0,-1
265,6,1440,482,458,172,-1,0,0,-1
266,1,2,166,495,162,-1,0,0,-1
266,2,447,346,194,148,-1,0,0,-1
266,3,913,138,386,172,-1,0,0,-1
266,4,1318,132,482,202,-1,0,0,-1
266,5,1774,298,154,349,-1,0,0,-1
266,6,1441,481,460,173,-1,0,0,-1
267,1,2,166,495,162,-1,0,0,-1
267,2,447,346,194,148,-1,0,0,-1
267,3,913,138,387,172,-1,0,0,-1
267,4,1318,132,482,202,-1,0,0,-1
267,5,1775,299,154,349,-1,0,0,-1
267,6,1442,482,461,174,-1,0,0,-1
268,1,2,166,495,162,-1,0,0,-1
268,2,447,346,194,148,-1,0,0,-1
268,3,913,138,387,172,-1,0,0,-1
268,4,1318,132,482,202,-1,0,0,-1
268,5,1776,299,154,350,-1,0,0,-1
268,6,1444,482,462,174,-1,0,0,-1
269,1,2,166,495,162,-1,0,0,-1
269,2,447,346,194,148,-1,0,0,-1
269,3,913,138,387,172,-1,0,0,-1
269,4,1318,133,482,202,-1,0,0,-1
269,5,1778,299,154,349,-1,0,0,-1
269,6,1444,481,466,175,-1,0,0,-1
270,1,2,166,495,162,-1,0,0,-1
270,2,447,346,194,148,-1,0,0,-1
270,3,913,138,387,172,-1,0,0,-1
270,4,1318,133,482,202,-1,0,0,-1
270,5,1802,299,131,349,-1,0,0,-1
270,6,1446,481,457,175,-1,0,0,-1
271,1,2,166,495,162,-1,0,0,-1
271,2,447,346,194,148,-1,0,0,-1
271,3,913,138,387,172,-1,0,0,-1
271,4,1318,132,482,202,-1,0,0,-1
271,5,1803,299,118,349,-1,0,0,-1
271,6,1446,481,458,176,-1,0,0,-1
272,1,2,166,495,162,-1,0,0,-1
272,2,447,346,194,148,-1,0,0,-1
272,3,913,138,387,172,-1,0,0,-1
272,4,1318,132,482,202,-1,0,0,-1
272,5,1804,299,118,350,-1,0,0,-1
272,6,1447,481,460,176,-1,0,0,-1
273,1,2,166,495,162,-1,0,0,-1
273,2,447,346,194,148,-1,0,0,-1
273,3,913,138,387,172,-1,0,0,-1
273,4,1318,132,482,202,-1,0,0,-1
273,5,1804,299,118,350,-1,0,0,-1
273,6,1448,481,463,177,-1,0,0,-1
274,1,2,166,495,162,-1,0,0,-1
274,2,447,346,194,148,-1,0,0,-1
274,3,913,138,387,172,-1,0,0,-1
274,4,1318,133,482,202,-1,0,0,-1
274,5,1807,299,119,351,-1,0,0,-1
274,6,1461,480,392,178,-1,0,0,-1
275,1,2,166,495,162,-1,0,0,-1
275,2,447,346,194,148,-1,0,0,-1
275,3,913,138,387,172,-1,0,0,-1
275,4,1318,133,482,202,-1,0,0,-1
275,5,1808,299,113,351,-1,0,0,-1
275,6,1461,480,393,179,-1,0,0,-1
276,1,2,166,495,162,-1,0,0,-1
276,2,447,346,194,148,-1,0,0,-1
276,3,913,138,387,172,-1,0,0,-1
276,4,1318,133,482,202,-1,0,0,-1
276,5,1809,299,113,352,-1,0,0,-1
276,6,1462,480,394,179,-1,0,0,-1
277,1,2,166,495,162,-1,0,0,-1
277,2,447,346,194,148,-1,0,0,-1
277,3,913,138,387,172,-1,0,0,-1
277,4,1318,133,482,202,-1,0,0,-1
277,6,1463,480,397,180,-1,0,0,-1
278,1,2,166,495,162,-1,0,0,-1
278,2,447,346,194,148,-1,0,0,-1
278,3,913,138,387,172,-1,0,0,-1
278,4,1318,133,482,202,-1,0,0,-1
278,6,1464,480,398,181,-1,0,0,-1
279,1,2,166,495,162,-1,0,0,-1
279,2,447,346,194,148,-1,0,0,-1
279,3,913,138,387,172,-1,0,0,-1
279,4,1318,133,482,202,-1,0,0,-1
279,6,1465,480,397,180,-1,0,0,-1
280,1,2,166,495,162,-1,0,0,-1
280,2,447,346,194,148,-1,0,0,-1
280,3,912,138,387,172,-1,0,0,-1
280,4,1318,133,482,202,-1,0,0,-1
280,6,1465,479,403,183,-1,0,0,-1
281,1,2,166,495,162,-1,0,0,-1
281,2,447,346,194,148,-1,0,0,-1
281,3,913,138,387,172,-1,0,0,-1
281,4,1318,133,482,202,-1,0,0,-1
281,6,1466,479,404,183,-1,0,0,-1
282,1,2,166,495,162,-1,0,0,-1
282,2,447,346,194,148,-1,0,0,-1
282,3,913,138,387,172,-1,0,0,-1
282,4,1318,133,482,202,-1,0,0,-1
282,6,1468,479,404,183,-1,0,0,-1
283,1,2,166,495,162,-1,0,0,-1
283,2,447,346,194,148,-1,0,0,-1
283,3,913,138,387,172,-1,0,0,-1
283,4,1318,133,481,202,-1,0,0,-1
283,6,1470,479,404,183,-1,0,0,-1
284,1,2,166,495,162,-1,0,0,-1
284,2,447,346,194,148,-1,0,0,-1
284,3,913,138,387,172,-1,0,0,-1
284,4,1318,133,481,202,-1,0,0,-1
284,6,1471,479,406,184,-1,0,0,-1
285,1,2,166,495,162,-1,0,0,-1
285,2,447,346,194,148,-1,0,0,-1
285,3,913,138,387,172,-1,0,0,-1
285,4,1318,133,482,202,-1,0,0,-1
285,6,1473,479,407,184,-1,0,0,-1
286,1,2,166,495,162,-1,0,0,-1
286,2,447,346,194,148,-1,0,0,-1
286,3,913,138,387,172,-1,0,0,-1
286,4,1318,133,482,202,-1,0,0,-1
286,6,1474,496,402,150,-1,0,0,-1
287,1,2,166,495,162,-1,0,0,-1
287,2,447,346,194,148,-1,0,0,-1
287,3,913,138,386,172,-1,0,0,-1
287,4,1318,133,482,202,-1,0,0,-1
287,6,1475,496,403,150,-1,0,0,-1
288,1,2,166,495,162,-1,0,0,-1
288,2,447,346,194,148,-1,0,0,-1
288,3,913,138,386,172,-1,0,0,-1
288,4,1318,133,482,202,-1,0,0,-1
288,6,1476,496,405,151,-1,0,0,-1
289,1,2,166,495,162,-1,0,0,-1
289,2,447,346,194,148,-1,0,0,-1
289,3,913,138,387,172,-1,0,0,-1
289,4,1318,133,482,202,-1,0,0,-1
289,6,1477,496,407,152,-1,0,0,-1
290,1,2,166,495,162,-1,0,0,-1
290,2,447,346,194,148,-1,0,0,-1
290,3,913,138,387,172,-1,0,0,-1
290,4,1318,133,481,202,-1,0,0,-1
290,6,1479,496,407,152,-1,0,0,-1
291,1,2,166,494,162,-1,0,0,-1
291,2,447,346,194,148,-1,0,0,-1
291,3,913,138,387,172,-1,0,0,-1
291,4,1318,133,482,202,-1,0,0,-1
291,6,1480,496,408,152,-1,0,0,-1
292,1,2,166,495,162,-1,0,0,-1
292,2,447,346,194,148,-1,0,0,-1
292,3,913,138,387,172,-1,0,0,-1
292,4,1318,133,482,202,-1,0,0,-1
292,6,1481,496,410,153,-1,0,0,-1
293,1,2,166,495,162,-1,0,0,-1
293,2,447,346,194,148,-1,0,0,-1
293,3,913,138,387,172,-1,0,0,-1
293,4,1318,133,482,202,-1,0,0,-1
293,6,1482,496,412,154,-1,0,0,-1
294,1,2,166,495,162,-1,0,0,-1
294,2,447,346,194,148,-1,0,0,-1
294,3,913,138,387,172,-1,0,0,-1
294,4,1318,133,481,202,-1,0,0,-1
294,6,1484,496,413,154,-1,0,0,-1
295,1,2,166,495,162,-1,0,0,-1
295,2,447,346,194,148,-1,0,0,-1
295,3,913,138,387,172,-1,0,0,-1
295,4,1318,133,482,202,-1,0,0,-1
295,6,1485,496,414,154,-1,0,0,-1
296,1,2,166,495,162,-1,0,0,-1
296,2,447,346,194,148,-1,0,0,-1
296,3,913,138,387,172,-1,0,0,-1
296,4,1318,133,482,202,-1,0,0,-1
296,6,1486,496,415,155,-1,0,0,-1
297,1,2,166,495,162,-1,0,0,-1
297,2,447,346,194,148,-1,0,0,-1
297,3,912,138,388,172,-1,0,0,-1
297,4,1318,133,481,202,-1,0,0,-1
297,6,1488,496,416,155,-1,0,0,-1
298,1,2,166,495,162,-1,0,0,-1
298,2,447,346,194,148,-1,0,0,-1
298,3,913,138,387,172,-1,0,0,-1
298,4,1318,133,482,202,-1,0,0,-1
298,6,1489,496,418,156,-1,0,0,-1
299,1,2,166,496,162,-1,0,0,-1
299,2,447,346,194,148,-1,0,0,-1
299,3,913,138,387,172,-1,0,0,-1
299,4,1318,133,481,202,-1,0,0,-1
299,6,1490,495,421,157,-1,0,0,-1
300,1,2,166,495,162,-1,0,0,-1
300,2,447,346,194,148,-1,0,0,-1
300,3,913,138,387,172,-1,0,0,-1
300,4,1318,133,482,202,-1,0,0,-1
300,6,1491,495,422,158,-1,0,0,-1
301,1,2,166,495,162,-1,0,0,-1
301,2,447,346,194,148,-1,0,0,-1
301,3,913,138,387,172,-1,0,0,-1
301,4,1318,133,482,202,-1,0,0,-1
301,6,1492,495,424,158,-1,0,0,-1
302,1,2,166,495,162,-1,0,0,-1
302,2,447,346,194,148,-1,0,0,-1
302,3,913,138,387,172,-1,0,0,-1
302,4,1318,133,481,202,-1,0,0,-1
302,6,1494,495,423,158,-1,0,0,-1
303,1,2,166,495,162,-1,0,0,-1
303,2,447,346,194,148,-1,0,0,-1
303,3,913,138,387,172,-1,0,0,-1
303,4,1318,133,482,202,-1,0,0,-1
303,6,1496,495,425,159,-1,0,0,-1
304,1,2,166,495,162,-1,0,0,-1
304,2,447,346,194,148,-1,0,0,-1
304,3,913,138,387,172,-1,0,0,-1
304,4,1318,133,481,202,-1,0,0,-1
304,6,1496,495,429,160,-1,0,0,-1
305,1,2,166,495,162,-1,0,0,-1
305,2,447,346,194,148,-1,0,0,-1
305,3,913,138,387,172,-1,0,0,-1
305,4,1318,133,482,202,-1,0,0,-1
305,6,1498,495,429,160,-1,0,0,-1
306,1,2,166,495,162,-1,0,0,-1
306,2,447,346,194,148,-1,0,0,-1
306,3,913,138,387,172,-1,0,0,-1
306,4,1318,133,482,202,-1,0,0,-1
306,6,1499,497,424,158,-1,0,0,-1
307,1,2,166,495,162,-1,0,0,-1
307,2,447,346,194,148,-1,0,0,-1
307,3,913,138,387,172,-1,0,0,-1
307,4,1318,133,482,202,-1,0,0,-1
307,6,1500,497,425,159,-1,0,0,-1
308,1,2,166,495,162,-1,0,0,-1
308,2,447,346,194,148,-1,0,0,-1
308,3,913,138,387,172,-1,0,0,-1
308,4,1318,133,482,202,-1,0,0,-1
308,6,1501,494,438,163,-1,0,0,-1
309,1,2,166,495,162,-1,0,0,-1
309,2,447,346,194,148,-1,0,0,-1
309,3,913,138,387,172,-1,0,0,-1
309,4,1318,133,481,202,-1,0,0,-1
309,6,1501,494,439,164,-1,0,0,-1
310,1,2,166,495,162,-1,0,0,-1
310,2,447,346,194,148,-1,0,0,-1
310,3,913,138,387,172,-1,0,0,-1
310,4,1318,133,482,202,-1,0,0,-1
310,6,1504,493,440,164,-1,0,0,-1
311,1,2,166,495,162,-1,0,0,-1
311,2,447,346,194,148,-1,0,0,-1
311,3,913,138,387,172,-1,0,0,-1
311,4,1318,133,482,202,-1,0,0,-1
311,6,1505,493,441,165,-1,0,0,-1
312,1,2,166,495,162,-1,0,0,-1
312,2,447,346,194,148,-1,0,0,-1
312,3,913,138,387,172,-1,0,0,-1
312,4,1318,133,481,202,-1,0,0,-1
312,6,1506,494,442,165,-1,0,0,-1
313,1,2,166,495,162,-1,0,0,-1
313,2,447,346,194,148,-1,0,0,-1
313,3,913,138,387,172,-1,0,0,-1
313,4,1318,133,481,202,-1,0,0,-1
313,6,1507,493,447,167,-1,0,0,-1
314,1,2,166,495,162,-1,0,0,-1
314,2,447,346,194,148,-1,0,0,-1
314,3,913,138,387,172,-1,0,0,-1
314,4,1318,133,481,202,-1,0,0,-1
314,6,1508,493,449,167,-1,0,0,-1
315,1,2,166,495,162,-1,0,0,-1
315,2,447,346,194,148,-1,0,0,-1
315,3,913,138,387,172,-1,0,0,-1
315,4,1318,133,481,202,-1,0,0,-1
315,6,1509,493,451,168,-1,0,0,-1
316,1,2,166,495,162,-1,0,0,-1
316,2,447,346,194,148,-1,0,0,-1
316,3,913,138,387,172,-1,0,0,-1
316,4,1318,133,480,201,-1,0,0,-1
316,6,1511,493,452,169,-1,0,0,-1
317,1,2,166,495,162,-1,0,0,-1
317,2,447,346,194,148,-1,0,0,-1
317,3,913,138,387,172,-1,0,0,-1
317,4,1318,133,482,202,-1,0,0,-1
317,6,1511,492,455,170,-1,0,0,-1
318,1,2,166,495,162,-1,0,0,-1
318,2,447,346,194,148,-1,0,0,-1
318,3,913,138,388,172,-1,0,0,-1
318,4,1318,133,481,202,-1,0,0,-1
318,6,1514,492,455,170,-1,0,0,-1
319,1,2,166,495,162,-1,0,0,-1
319,2,447,346,194,148,-1,0,0,-1
319,3,913,138,387,172,-1,0,0,-1
319,4,1318,133,482,202,-1,0,0,-1
319,6,1515,493,456,170,-1,0,0,-1
320,1,2,166,495,162,-1,0,0,-1
320,2,447,346,194,148,-1,0,0,-1
320,3,912,137,388,172,-1,0,0,-1
320,4,1318,133,481,202,-1,0,0,-1
320,6,1517,493,458,171,-1,0,0,-1
321,1,2,166,495,162,-1,0,0,-1
321,2,447,346,194,148,-1,0,0,-1
321,3,913,138,387,172,-1,0,0,-1
321,4,1318,133,481,202,-1,0,0,-1
321,6,1518,493,459,171,-1,0,0,-1
322,1,2,166,495,162,-1,0,0,-1
322,2,447,346,194,148,-1,0,0,-1
322,3,913,138,387,172,-1,0,0,-1
322,4,1318,133,481,202,-1,0,0,-1
322,6,1520,492,461,172,-1,0,0,-1
323,1,2,166,495,162,-1,0,0,-1
323,2,447,346,194,148,-1,0,0,-1
323,3,913,138,387,172,-1,0,0,-1
323,4,1318,133,481,202,-1,0,0,-1
323,6,1521,492,463,173,-1,0,0,-1
324,1,2,166,495,162,-1,0,0,-1
324,2,447,346,194,148,-1,0,0,-1
324,3,913,138,387,172,-1,0,0,-1
324,4,1318,133,481,202,-1,0,0,-1
324,6,1522,492,464,173,-1,0,0,-1
325,1,2,166,495,162,-1,0,0,-1
325,2,447,346,194,148,-1,0,0,-1
325,3,913,138,387,172,-1,0,0,-1
325,4,1318,133,481,202,-1,0,0,-1
325,6,1523,492,467,174,-1,0,0,-1
326,1,2,166,495,162,-1,0,0,-1
326,2,447,346,194,148,-1,0,0,-1
326,3,913,138,387,172,-1,0,0,-1
326,4,1318,133,482,202,-1,0,0,-1
326,6,1525,492,469,175,-1,0,0,-1
327,1,2,166,495,162,-1,0,0,-1
327,2,447,346,194,148,-1,0,0,-1
327,3,913,138,387,172,-1,0,0,-1
327,4,1318,133,481,202,-1,0,0,-1
327,6,1526,492,471,176,-1,0,0,-1
328,1,2,166,495,162,-1,0,0,-1
328,2,447,346,194,148,-1,0,0,-1
328,3,913,138,387,172,-1,0,0,-1
328,4,1318,133,481,202,-1,0,0,-1
328,6,1528,492,472,176,-1,0,0,-1
329,1,2,166,495,162,-1,0,0,-1
329,2,447,346,194,148,-1,0,0,-1
329,3,913,138,387,172,-1,0,0,-1
329,4,1319,133,481,202,-1,0,0,-1
329,6,1528,492,474,177,-1,0,0,-1
330,1,2,166,495,162,-1,0,0,-1
330,2,447,346,194,148,-1,0,0,-1
330,3,913,138,387,172,-1,0,0,-1
330,4,1318,133,482,202,-1,0,0,-1
330,6,1529,491,475,177,-1,0,0,-1
331,1,2,166,495,162,-1,0,0,-1
331,2,447,346,194,148,-1,0,0,-1
331,3,913,138,387,172,-1,0,0,-1
331,4,1318,133,482,202,-1,0,0,-1
331,6,1530,491,476,178,-1,0,0,-1
332,1,2,166,495,162,-1,0,0,-1
332,2,447,346,194,148,-1,0,0,-1
332,3,913,138,387,172,-1,0,0,-1
332,4,1318,133,481,202,-1,0,0,-1
332,6,1530,491,478,178,-1,0,0,-1
333,1,2,166,495,162,-1,0,0,-1
333,2,447,346,194,148,-1,0,0,-1
333,3,913,138,387,172,-1,0,0,-1
333,4,1318,133,481,202,-1,0,0,-1
333,6,1536,491,481,180,-1,0,0,-1
334,1,2,166,495,162,-1,0,0,-1
334,2,447,346,194,148,-1,0,0,-1
334,3,913,138,387,172,-1,0,0,-1
334,4,1318,133,482,202,-1,0,0,-1
334,6,1537,491,483,180,-1,0,0,-1
335,1,2,166,495,162,-1,0,0,-1
335,2,447,346,194,148,-1,0,0,-1
335,3,913,138,387,172,-1,0,0,-1
335,4,1318,133,482,202,-1,0,0,-1
335,6,1538,491,485,181,-1,0,0,-1
336,1,2,166,495,162,-1,0,0,-1
336,2,447,346,194,148,-1,0,0,-1
336,3,913,138,387,172,-1,0,0,-1
336,4,1318,133,481,202,-1,0,0,-1
336,6,1538,490,486,181,-1,0,0,-1
337,1,2,166,495,162,-1,0,0,-1
337,2,447,346,194,148,-1,0,0,-1
337,3,913,138,387,172,-1,0,0,-1
337,4,1318,133,482,202,-1,0,0,-1
337,6,1539,490,488,182,-1,0,0,-1
338,1,2,166,495,162,-1,0,0,-1
338,2,447,346,194,148,-1,0,0,-1
338,3,913,138,387,172,-1,0,0,-1
338,4,1318,133,481,202,-1,0,0,-1
338,6,1539,490,489,183,-1,0,0,-1
339,1,2,166,495,162,-1,0,0,-1
339,2,447,346,194,148,-1,0,0,-1
339,3,913,138,386,172,-1,0,0,-1
339,4,1318,133,482,202,-1,0,0,-1
339,6,1540,489,490,183,-1,0,0,-1
340,1,2,166,495,162,-1,0,0,-1
340,2,447,346,194,148,-1,0,0,-1
340,3,913,138,387,172,-1,0,0,-1
340,4,1318,133,482,202,-1,0,0,-1
340,6,1541,497,491,159,-1,0,0,-1
341,1,2,166,495,162,-1,0,0,-1
341,2,447,346,194,148,-1,0,0,-1
341,3,913,138,387,172,-1,0,0,-1
341,4,1318,133,481,202,-1,0,0,-1
341,6,1542,497,381,160,-1,0,0,-1
342,1,2,166,495,162,-1,0,0,-1
342,2,447,346,194,148,-1,0,0,-1
342,3,913,138,387,172,-1,0,0,-1
342,4,1318,133,482,202,-1,0,0,-1
342,6,1543,496,383,161,-1,0,0,-1
343,1,2,166,495,162,-1,0,0,-1
343,2,447,346,194,148,-1,0,0,-1
343,3,913,138,387,172,-1,0,0,-1
343,4,1318,133,481,202,-1,0,0,-1
343,6,1544,497,380,159,-1,0,0,-1
344,1,2,166,495,162,-1,0,0,-1
344,2,447,346,194,148,-1,0,0,-1
344,3,913,138,387,172,-1,0,0,-1
344,4,1318,133,481,202,-1,0,0,-1
344,6,1547,497,385,161,-1,0,0,-1
345,1,2,166,495,162,-1,0,0,-1
345,2,447,346,194,148,-1,0,0,-1
345,3,913,138,387,172,-1,0,0,-1
345,4,1318,133,481,202,-1,0,0,-1
345,6,1548,497,386,162,-1,0,0,-1
346,1,2,166,495,162,-1,0,0,-1
346,2,447,346,194,148,-1,0,0,-1
346,3,912,137,388,172,-1,0,0,-1
346,4,1318,133,481,202,-1,0,0,-1
346,6,1550,497,387,162,-1,0,0,-1
347,1,2,166,495,162,-1,0,0,-1
347,2,447,346,194,148,-1,0,0,-1
347,3,913,138,387,172,-1,0,0,-1
347,4,1318,133,481,202,-1,0,0,-1
347,6,1551,497,388,163,-1,0,0,-1
348,1,2,166,495,162,-1,0,0,-1
348,2,447,346,194,148,-1,0,0,-1
348,3,913,138,387,172,-1,0,0,-1
348,4,1318,133,481,202,-1,0,0,-1
348,6,1553,497,387,162,-1,0,0,-1
349,1,2,166,495,162,-1,0,0,-1
349,2,447,346,194,148,-1,0,0,-1
349,3,913,138,387,172,-1,0,0,-1
349,4,1318,133,481,202,-1,0,0,-1
349,6,1555,497,389,163,-1,0,0,-1
350,1,2,166,495,162,-1,0,0,-1
350,2,447,346,194,148,-1,0,0,-1
350,3,913,138,387,172,-1,0,0,-1
350,4,1318,133,481,202,-1,0,0,-1
350,6,1556,497,390,164,-1,0,0,-1
351,1,2,166,495,162,-1,0,0,-1
351,2,447,346,194,148,-1,0,0,-1
351,3,913,138,386,172,-1,0,0,-1
351,4,1318,133,481,202,-1,0,0,-1
351,6,1558,497,392,165,-1,0,0,-1
352,1,2,166,495,162,-1,0,0,-1
352,2,447,346,194,148,-1,0,0,-1
352,3,913,138,386,172,-1,0,0,-1
352,4,1318,133,481,202,-1,0,0,-1
352,6,1559,497,394,165,-1,0,0,-1
353,1,2,166,495,162,-1,0,0,-1
353,2,447,346,194,148,-1,0,0,-1
353,3,913,138,387,172,-1,0,0,-1
353,4,1318,133,481,202,-1,0,0,-1
353,6,1561,497,393,165,-1,0,0,-1
354,1,2,166,495,162,-1,0,0,-1
354,2,447,346,194,148,-1,0,0,-1
354,3,913,138,387,172,-1,0,0,-1
354,4,1318,133,481,202,-1,0,0,-1
354,6,1563,498,391,164,-1,0,0,-1
355,1,2,166,494,162,-1,0,0,-1
355,2,447,346,194,148,-1,0,0,-1
355,3,913,138,387,172,-1,0,0,-1
355,4,1318,133,482,202,-1,0,0,-1
355,6,1564,498,393,165,-1,0,0,-1
356,1,2,166,495,162,-1,0,0,-1
356,2,447,346,194,148,-1,0,0,-1
356,3,913,138,387,172,-1,0,0,-1
356,4,1318,133,482,202,-1,0,0,-1
356,6,1565,497,395,166,-1,0,0,-1
357,1,2,166,495,162,-1,0,0,-1
357,2,447,346,194,148,-1,0,0,-1
357,3,913,138,386,172,-1,0,0,-1
357,4,1318,133,482,202,-1,0,0,-1
357,6,1566,497,396,166,-1,0,0,-1
358,1,2,166,495,162,-1,0,0,-1
358,2,447,346,194,148,-1,0,0,-1
358,3,913,138,387,172,-1,0,0,-1
358,4,1318,133,481,201,-1,0,0,-1
358,6,1567,497,397,167,-1,0,0,-1
359,1,2,166,495,162,-1,0,0,-1
359,2,447,346,194,148,-1,0,0,-1
359,3,913,138,387,172,-1,0,0,-1
359,4,1318,133,481,202,-1,0,0,-1
359,6,1568,497,399,167,-1,0,0,-1
360,1,2,166,495,162,-1,0,0,-1
360,2,447,346,194,148,-1,0,0,-1
360,3,913,138,387,172,-1,0,0,-1
360,4,1318,133,481,202,-1,0,0,-1
360,6,1569,497,401,168,-1,0,0,-1
361,1,2,166,495,162,-1,0,0,-1
361,2,447,346,194,148,-1,0,0,-1
361,3,913,138,387,172,-1,0,0,-1
361,4,1318,133,481,202,-1,0,0,-1
361,6,1569,496,403,169,-1,0,0,-1
362,1,2,166,495,162,-1,0,0,-1
362,2,447,346,194,148,-1,0,0,-1
362,3,913,138,387,172,-1,0,0,-1
362,4,1318,133,481,202,-1,0,0,-1
362,6,1570,496,405,170,-1,0,0,-1
363,1,2,166,495,162,-1,0,0,-1
363,2,447,346,194,148,-1,0,0,-1
363,3,913,138,387,172,-1,0,0,-1
363,4,1318,133,482,202,-1,0,0,-1
363,6,1571,496,407,159,-1,0,0,-1
364,1,2,166,495,162,-1,0,0,-1
364,2,447,346,194,148,-1,0,0,-1
364,3,913,138,387,172,-1,0,0,-1
364,4,1318,133,482,202,-1,0,0,-1
364,6,1572,495,351,160,-1,0,0,-1
365,1,2,166,495,162,-1,0,0,-1
365,2,447,346,194,148,-1,0,0,-1
365,3,913,138,386,172,-1,0,0,-1
365,4,1318,133,482,202,-1,0,0,-1
365,6,1573,495,352,160,-1,0,0,-1
366,1,2,166,495,162,-1,0,0,-1
366,2,447,346,194,148,-1,0,0,-1
366,3,913,138,386,172,-1,0,0,-1
366,4,1318,133,481,202,-1,0,0,-1
366,6,1574,496,347,158,-1,0,0,-1
367,1,2,165,495,162,-1,0,0,-1
367,2,447,346,194,148,-1,0,0,-1
367,3,913,137,388,172,-1,0,0,-1
367,4,1318,132,482,202,-1,0,0,-1
367,6,1576,494,357,163,-1,0,0,-1
368,1,2,166,495,162,-1,0,0,-1
368,2,447,346,194,148,-1,0,0,-1
368,3,913,138,387,172,-1,0,0,-1
368,4,1318,133,482,202,-1,0,0,-1
368,6,1579,495,355,162,-1,0,0,-1
369,1,2,166,495,162,-1,0,0,-1
369,2,447,346,194,148,-1,0,0,-1
369,3,913,138,387,172,-1,0,0,-1
369,4,1318,133,481,202,-1,0,0,-1
369,6,1581,496,355,162,-1,0,0,-1
370,1,2,166,495,162,-1,0,0,-1
370,2,447,346,194,148,-1,0,0,-1
370,3,913,137,387,172,-1,0,0,-1
370,4,1318,133,481,202,-1,0,0,-1
370,6,1583,495,355,162,-1,0,0,-1
371,1,2,166,495,162,-1,0,0,-1
371,2,447,346,194,148,-1,0,0,-1
371,3,913,138,387,172,-1,0,0,-1
371,4,1318,133,482,202,-1,0,0,-1
371,6,1584,496,357,163,-1,0,0,-1
372,1,2,166,495,162,-1,0,0,-1
372,2,447,346,194,148,-1,0,0,-1
372,3,913,138,387,172,-1,0,0,-1
372,4,1318,133,481,202,-1,0,0,-1
372,6,1586,495,358,163,-1,0,0,-1
373,1,2,166,495,162,-1,0,0,-1
373,2,447,346,194,148,-1,0,0,-1
373,3,913,138,387,172,-1,0,0,-1
373,4,1318,133,481,202,-1,0,0,-1
373,6,1588,496,358,163,-1,0,0,-1
374,1,2,166,495,162,-1,0,0,-1
374,2,447,346,194,148,-1,0,0,-1
374,3,913,138,387,172,-1,0,0,-1
374,4,1318,133,481,202,-1,0,0,-1
374,6,1589,496,361,165,-1,0,0,-1
375,1,2,166,495,162,-1,0,0,-1
375,2,447,346,194,148,-1,0,0,-1
375,3,913,137,388,172,-1,0,0,-1
375,4,1318,132,482,202,-1,0,0,-1
375,6,1592,496,359,164,-1,0,0,-1
376,1,2,166,495,162,-1,0,0,-1
376,2,447,346,194,148,-1,0,0,-1
376,3,913,138,387,172,-1,0,0,-1
376,4,1318,133,482,202,-1,0,0,-1
376,6,1593,496,361,165,-1,0,0,-1
377,1,2,166,495,162,-1,0,0,-1
377,2,447,346,194,148,-1,0,0,-1
377,3,913,138,387,172,-1,0,0,-1
377,4,1318,133,482,202,-1,0,0,-1
377,6,1595,496,362,165,-1,0,0,-1
378,1,2,166,494,162,-1,0,0,-1
378,2,447,346,194,148,-1,0,0,-1
378,3,913,138,387,172,-1,0,0,-1
378,4,1318,133,482,202,-1,0,0,-1
378,6,1597,496,362,165,-1,0,0,-1
379,1,2,166,495,162,-1,0,0,-1
379,2,447,346,194,148,-1,0,0,-1
379,3,913,138,387,172,-1,0,0,-1
379,4,1318,133,482,202,-1,0,0,-1
379,6,1599,496,363,165,-1,0,0,-1
380,1,2,166,495,162,-1,0,0,-1
380,2,447,346,194,148,-1,0,0,-1
380,3,913,137,387,172,-1,0,0,-1
380,4,1318,132,483,202,-1,0,0,-1
380,6,1600,496,364,166,-1,0,0,-1
381,1,2,166,495,162,-1,0,0,-1
381,2,447,346,194,148,-1,0,0,-1
381,3,913,137,387,172,-1,0,0,-1
381,4,1318,133,482,202,-1,0,0,-1
381,6,1601,495,365,166,-1,0,0,-1
382,1,2,166,495,162,-1,0,0,-1
382,2,447,346,194,148,-1,0,0,-1
382,3,913,138,387,172,-1,0,0,-1
382,4,1318,133,482,202,-1,0,0,-1
382,6,1601,495,367,167,-1,0,0,-1
383,1,2,166,495,162,-1,0,0,-1
383,2,447,346,194,148,-1,0,0,-1
383,3,913,138,387,172,-1,0,0,-1
383,4,1318,133,482,202,-1,0,0,-1
383,6,1602,495,368,168,-1,0,0,-1
384,1,2,166,495,162,-1,0,0,-1
384,2,447,346,194,148,-1,0,0,-1
384,3,913,138,387,172,-1,0,0,-1
384,4,1318,133,482,202,-1,0,0,-1
384,6,1602,495,370,169,-1,0,0,-1
385,1,2,166,495,162,-1,0,0,-1
385,2,447,346,194,148,-1,0,0,-1
385,3,913,138,387,172,-1,0,0,-1
385,4,1318,133,482,202,-1,0,0,-1
385,6,1617,495,358,169,-1,0,0,-1
386,1,2,166,495,162,-1,0,0,-1
386,2,447,346,194,148,-1,0,0,-1
386,3,913,138,387,172,-1,0,0,-1
386,4,1318,133,482,202,-1,0,0,-1
386,6,1618,495,304,169,-1,0,0,-1
387,1,2,166,495,162,-1,0,0,-1
387,2,447,346,194,148,-1,0,0,-1
387,3,913,138,387,172,-1,0,0,-1
387,4,1318,133,482,202,-1,0,0,-1
387,6,1620,495,303,169,-1,0,0,-1
388,1,2,166,495,162,-1,0,0,-1
388,2,447,346,194,148,-1,0,0,-1
388,3,913,138,387,172,-1,0,0,-1
388,4,1318,133,482,202,-1,0,0,-1
388,6,1623,496,300,167,-1,0,0,-1
389,1,2,166,495,162,-1,0,0,-1
389,2,447,346,194,148,-1,0,0,-1
389,3,913,138,387,172,-1,0,0,-1
389,4,1318,133,482,202,-1,0,0,-1
389,6,1625,495,307,171,-1,0,0,-1
390,1,2,166,495,162,-1,0,0,-1
390,2,447,346,194,148,-1,0,0,-1
390,3,913,138,386,172,-1,0,0,-1
390,4,1318,133,481,202,-1,0,0,-1
390,6,1626,494,308,172,-1,0,0,-1
391,1,2,166,495,162,-1,0,0,-1
391,2,447,346,194,148,-1,0,0,-1
391,3,913,138,387,172,-1,0,0,-1
391,4,1318,133,482,202,-1,0,0,-1
391,6,1628,494,308,172,-1,0,0,-1
392,1,2,166,495,162,-1,0,0,-1
392,2,447,346,194,148,-1,0,0,-1
392,3,913,138,387,172,-1,0,0,-1
392,4,1318,133,482,202,-1,0,0,-1
392,6,1631,495,308,172,-1,0,0,-1
393,1,2,166,495,162,-1,0,0,-1
393,2,447,346,194,148,-1,0,0,-1
393,3,913,138,387,172,-1,0,0,-1
393,4,1318,133,482,202,-1,0,0,-1
393,6,1633,495,309,172,-1,0,0,-1
394,1,2,166,495,162,-1,0,0,-1
394,2,447,346,194,148,-1,0,0,-1
394,3,913,138,387,172,-1,0,0,-1
394,4,1318,133,482,202,-1,0,0,-1
394,6,1635,495,309,172,-1,0,0,-1
395,1,2,166,495,162,-1,0,0,-1
395,2,447,346,194,148,-1,0,0,-1
395,3,913,138,387,172,-1,0,0,-1
395,4,1318,133,482,202,-1,0,0,-1
395,6,1636,495,310,173,-1,0,0,-1
396,1,2,166,495,162,-1,0,0,-1
396,2,447,346,194,148,-1,0,0,-1
396,3,913,138,387,172,-1,0,0,-1
396,4,1318,133,482,202,-1,0,0,-1
396,6,1638,495,310,173,-1,0,0,-1
397,1,2,166,495,162,-1,0,0,-1
397,2,447,346,194,148,-1,0,0,-1
397,3,913,138,387,172,-1,0,0,-1
397,4,1318,133,481,202,-1,0,0,-1
397,6,1640,495,312,174,-1,0,0,-1
398,1,2,166,495,162,-1,0,0,-1
398,2,447,346,194,148,-1,0,0,-1
398,3,913,138,387,172,-1,0,0,-1
398,4,1318,133,482,202,-1,0,0,-1
398,6,1643,496,309,172,-1,0,0,-1
399,1,2,166,495,162,-1,0,0,-1
399,2,447,346,194,148,-1,0,0,-1
399,3,913,138,387,172,-1,0,0,-1
399,4,1318,133,482,202,-1,0,0,-1
399,6,1645,496,309,172,-1,0,0,-1
400,1,2,166,495,162,-1,0,0,-1
400,2,447,346,194,148,-1,0,0,-1
400,3,913,138,387,172,-1,0,0,-1
400,4,1318,133,482,202,-1,0,0,-1
400,6,1647,496,310,173,-1,0,0,-1
401,1,2,166,495,162,-1,0,0,-1
401,2,447,346,194,148,-1,0,0,-1
401,3,913,138,387,172,-1,0,0,-1
401,4,1318,133,482,202,-1,0,0,-1
401,6,1648,496,310,173,-1,0,0,-1
402,1,2,166,495,162,-1,0,0,-1
402,2,447,346,194,148,-1,0,0,-1
402,3,914,138,386,172,-1,0,0,-1
402,4,1318,133,482,202,-1,0,0,-1
402,6,1649,496,311,174,-1,0,0,-1
403,1,2,166,495,162,-1,0,0,-1
403,2,447,346,194,148,-1,0,0,-1
403,3,913,137,388,172,-1,0,0,-1
403,4,1318,133,482,202,-1,0,0,-1
403,6,1650,495,312,174,-1,0,0,-1
404,1,2,166,495,162,-1,0,0,-1
404,2,447,346,194,148,-1,0,0,-1
404,3,913,138,387,172,-1,0,0,-1
404,4,1318,133,482,202,-1,0,0,-1
404,6,1651,507,312,149,-1,0,0,-1
405,1,2,166,495,162,-1,0,0,-1
405,2,447,346,194,148,-1,0,0,-1
405,3,913,138,387,172,-1,0,0,-1
405,4,1318,133,481,202,-1,0,0,-1
405,6,1652,507,269,149,-1,0,0,-1
406,1,2,166,495,162,-1,0,0,-1
406,2,447,346,194,148,-1,0,0,-1
406,3,913,138,387,172,-1,0,0,-1
406,4,1318,133,482,202,-1,0,0,-1
406,6,1654,507,270,149,-1,0,0,-1
407,1,2,166,495,162,-1,0,0,-1
407,2,447,346,194,148,-1,0,0,-1
407,3,913,138,387,172,-1,0,0,-1
407,4,1318,133,482,202,-1,0,0,-1
407,6,1655,506,275,152,-1,0,0,-1
408,1,2,166,495,162,-1,0,0,-1
408,2,447,346,194,148,-1,0,0,-1
408,3,914,138,386,172,-1,0,0,-1
408,4,1318,133,481,202,-1,0,0,-1
408,6,1659,507,272,151,-1,0,0,-1
409,1,2,166,495,162,-1,0,0,-1
409,2,447,346,194,148,-1,0,0,-1
409,3,913,138,387,172,-1,0,0,-1
409,4,1318,133,482,202,-1,0,0,-1
409,6,1662,507,273,151,-1,0,0,-1
410,1,2,166,495,162,-1,0,0,-1
410,2,447,346,194,148,-1,0,0,-1
410,3,913,138,387,172,-1,0,0,-1
410,4,1318,133,482,202,-1,0,0,-1
410,6,1664,507,272,151,-1,0,0,-1
411,1,2,166,495,162,-1,0,0,-1
411,2,447,346,194,148,-1,0,0,-1
411,3,913,138,387,172,-1,0,0,-1
411,4,1318,133,482,202,-1,0,0,-1
411,6,1666,507,273,151,-1,0,0,-1
412,1,2,166,495,162,-1,0,0,-1
412,2,447,346,194,148,-1,0,0,-1
412,3,913,138,387,172,-1,0,0,-1
412,4,1318,133,481,202,-1,0,0,-1
412,6,1668,508,274,152,-1,0,0,-1
413,1,2,166,495,162,-1,0,0,-1
413,2,447,346,194,148,-1,0,0,-1
413,3,913,138,387,172,-1,0,0,-1
413,4,1318,133,482,202,-1,0,0,-1
413,6,1671,507,274,152,-1,0,0,-1
414,1,2,166,495,162,-1,0,0,-1
414,2,447,346,194,148,-1,0,0,-1
414,3,913,138,387,172,-1,0,0,-1
414,4,1318,133,482,202,-1,0,0,-1
414,6,1672,507,277,153,-1,0,0,-1
415,1,2,166,495,162,-1,0,0,-1
415,2,447,346,194,148,-1,0,0,-1
415,3,913,138,387,172,-1,0,0,-1
415,4,1318,133,482,202,-1,0,0,-1
415,6,1675,508,276,153,-1,0,0,-1
416,1,2,166,495,162,-1,0,0,-1
416,2,447,346,194,148,-1,0,0,-1
416,3,913,138,387,172,-1,0,0,-1
416,4,1318,133,482,202,-1,0,0,-1
416,6,1678,508,273,151,-1,0,0,-1
417,1,2,166,495,162,-1,0,0,-1
417,2,447,346,194,148,-1,0,0,-1
417,3,913,138,387,172,-1,0,0,-1
417,4,1318,133,482,202,-1,0,0,-1
417,6,1680,508,273,151,-1,0,0,-1
418,1,2,166,495,162,-1,0,0,-1
418,2,447,346,194,148,-1,0,0,-1
418,3,913,138,387,172,-1,0,0,-1
418,4,1318,133,482,202,-1,0,0,-1
418,6,1681,508,274,152,-1,0,0,-1
419,1,2,166,495,162,-1,0,0,-1
419,2,447,346,194,148,-1,0,0,-1
419,3,913,137,387,172,-1,0,0,-1
419,4,1318,132,482,202,-1,0,0,-1
419,6,1682,508,276,153,-1,0,0,-1
420,1,2,166,495,162,-1,0,0,-1
420,2,447,346,194,148,-1,0,0,-1
420,3,913,138,387,172,-1,0,0,-1
420,4,1318,133,482,202,-1,0,0,-1
420,6,1683,507,278,154,-1,0,0,-1
421,1,2,166,495,162,-1,0,0,-1
421,2,447,346,194,148,-1,0,0,-1
421,3,913,138,387,172,-1,0,0,-1
421,4,1318,133,482,202,-1,0,0,-1
421,6,1684,507,279,155,-1,0,0,-1
422,1,2,166,495,162,-1,0,0,-1
422,2,447,346,194,148,-1,0,0,-1
422,3,913,138,387,172,-1,0,0,-1
422,4,1318,133,482,202,-1,0,0,-1
422,6,1685,506,281,155,-1,0,0,-1
423,1,2,166,495,162,-1,0,0,-1
423,2,447,346,194,148,-1,0,0,-1
423,3,913,138,387,172,-1,0,0,-1
423,4,1318,133,482,202,-1,0,0,-1
423,6,1686,506,282,156,-1,0,0,-1
424,1,2,166,495,162,-1,0,0,-1
424,2,447,346,194,148,-1,0,0,-1
424,3,913,138,387,172,-1,0,0,-1
424,4,1318,133,482,202,-1,0,0,-1
424,6,1687,505,284,158,-1,0,0,-1
425,1,2,166,495,162,-1,0,0,-1
425,2,447,346,194,148,-1,0,0,-1
425,3,913,138,387,172,-1,0,0,-1
425,4,1318,133,482,202,-1,0,0,-1
425,6,1687,505,286,159,-1,0,0,-1
426,1,2,166,496,162,-1,0,0,-1
426,2,447,346,194,148,-1,0,0,-1
426,3,913,138,387,172,-1,0,0,-1
426,4,1318,133,482,202,-1,0,0,-1
426,6,1688,505,288,159,-1,0,0,-1
427,1,2,166,495,162,-1,0,0,-1
427,2,447,346,194,148,-1,0,0,-1
427,3,913,138,387,172,-1,0,0,-1
427,4,1318,133,482,202,-1,0,0,-1
427,6,1698,504,281,161,-1,0,0,-1
428,1,2,166,495,162,-1,0,0,-1
428,2,447,346,194,148,-1,0,0,-1
428,3,913,138,387,172,-1,0,0,-1
428,4,1319,133,481,202,-1,0,0,-1
428,6,1699,504,222,161,-1,0,0,-1
429,1,2,166,496,162,-1,0,0,-1
429,2,447,346,194,148,-1,0,0,-1
429,3,913,138,388,172,-1,0,0,-1
429,4,1318,133,481,201,-1,0,0,-1
429,6,1701,504,223,162,-1,0,0,-1
430,1,2,166,495,162,-1,0,0,-1
430,2,447,346,194,148,-1,0,0,-1
430,3,913,138,387,172,-1,0,0,-1
430,4,1318,133,481,202,-1,0,0,-1
430,6,1705,504,223,162,-1,0,0,-1
431,1,2,166,495,162,-1,0,0,-1
431,2,447,346,194,148,-1,0,0,-1
431,3,913,138,387,172,-1,0,0,-1
431,4,1318,133,482,202,-1,0,0,-1
431,6,1707,504,224,162,-1,0,0,-1
432,1,2,166,495,162,-1,0,0,-1
432,2,447,346,194,148,-1,0,0,-1
432,3,914,138,386,171,-1,0,0,-1
432,4,1318,133,481,202,-1,0,0,-1
432,6,1710,504,224,163,-1,0,0,-1
433,1,2,166,495,162,-1,0,0,-1
433,2,447,346,194,148,-1,0,0,-1
433,3,913,138,387,172,-1,0,0,-1
433,4,1318,133,482,202,-1,0,0,-1
433,6,1713,505,224,162,-1,0,0,-1
434,1,2,166,495,162,-1,0,0,-1
434,2,447,346,194,148,-1,0,0,-1
434,3,913,138,387,172,-1,0,0,-1
434,4,1318,133,482,202,-1,0,0,-1
434,6,1715,505,224,162,-1,0,0,-1
435,1,2,166,495,162,-1,0,0,-1
435,2,447,346,194,148,-1,0,0,-1
435,3,913,138,387,172,-1,0,0,-1
435,4,1318,133,482,202,-1,0,0,-1
435,6,1718,505,224,162,-1,0,0,-1
436,1,2,166,495,162,-1,0,0,-1
436,2,447,346,194,148,-1,0,0,-1
436,3,913,138,387,172,-1,0,0,-1
436,4,1318,133,482,202,-1,0,0,-1
436,6,1720,505,225,163,-1,0,0,-1
437,1,2,166,495,162,-1,0,0,-1
437,2,447,346,194,148,-1,0,0,-1
437,3,913,138,387,172,-1,0,0,-1
437,4,1318,133,482,202,-1,0,0,-1
437,6,1722,505,225,163,-1,0,0,-1
438,1,2,166,496,162,-1,0,0,-1
438,2,447,346,194,148,-1,0,0,-1
438,3,913,138,387,172,-1,0,0,-1
438,4,1318,133,482,202,-1,0,0,-1
438,6,1725,505,226,164,-1,0,0,-1
439,1,2,166,495,162,-1,0,0,-1
439,2,447,346,194,148,-1,0,0,-1
439,3,913,138,387,172,-1,0,0,-1
439,4,1318,133,482,202,-1,0,0,-1
439,6,1728,505,227,164,-1,0,0,-1
440,1,2,166,495,162,-1,0,0,-1
440,2,447,346,194,148,-1,0,0,-1
440,3,913,138,387,172,-1,0,0,-1
440,4,1318,133,482,202,-1,0,0,-1
440,6,1730,506,226,164,-1,0,0,-1
441,1,2,166,495,162,-1,0,0,-1
441,2,447,346,194,148,-1,0,0,-1
441,3,913,138,387,172,-1,0,0,-1
441,4,1318,133,481,202,-1,0,0,-1
441,6,1733,506,225,163,-1,0,0,-1
442,1,2,166,495,162,-1,0,0,-1
442,2,447,346,194,148,-1,0,0,-1
442,3,913,138,387,172,-1,0,0,-1
442,4,1318,133,482,202,-1,0,0,-1
442,6,1734,505,227,164,-1,0,0,-1
443,1,2,166,495,162,-1,0,0,-1
443,2,447,346,194,148,-1,0,0,-1
443,3,913,138,387,172,-1,0,0,-1
443,4,1318,133,482,202,-1,0,0,-1
443,6,1735,505,228,165,-1,0,0,-1
444,1,2,166,495,162,-1,0,0,-1
444,2,447,346,194,148,-1,0,0,-1
444,3,913,138,387,172,-1,0,0,-1
444,4,1318,133,482,202,-1,0,0,-1
444,6,1736,504,228,166,-1,0,0,-1
445,1,2,166,495,162,-1,0,0,-1
445,2,447,346,194,148,-1,0,0,-1
445,3,913,138,387,172,-1,0,0,-1
445,4,1318,133,482,202,-1,0,0,-1
445,6,1737,504,229,166,-1,0,0,-1
446,1,2,166,495,162,-1,0,0,-1
446,2,447,346,194,148,-1,0,0,-1
446,3,913,138,387,172,-1,0,0,-1
446,4,1318,133,481,202,-1,0,0,-1
446,6,1747,503,222,167,-1,0,0,-1
447,1,2,166,495,162,-1,0,0,-1
447,2,447,346,194,148,-1,0,0,-1
447,3,913,138,387,172,-1,0,0,-1
447,4,1318,133,481,202,-1,0,0,-1
447,6,1748,503,174,168,-1,0,0,-1
448,1,2,166,495,162,-1,0,0,-1
448,2,447,346,194,148,-1,0,0,-1
448,3,912,138,388,172,-1,0,0,-1
448,4,1318,133,481,202,-1,0,0,-1
448,6,1750,503,174,168,-1,0,0,-1
449,1,2,166,495,162,-1,0,0,-1
449,2,447,346,194,148,-1,0,0,-1
449,3,913,138,386,172,-1,0,0,-1
449,4,1318,133,481,202,-1,0,0,-1
449,6,1755,503,174,168,-1,0,0,-1
450,1,2,166,495,162,-1,0,0,-1
450,2,447,346,194,148,-1,0,0,-1
450,3,913,138,387,172,-1,0,0,-1
450,4,1318,133,481,201,-1,0,0,-1
450,6,1758,503,174,168,-1,0,0,-1
451,1,2,166,495,162,-1,0,0,-1
451,2,447,346,194,148,-1,0,0,-1
451,3,913,138,387,172,-1,0,0,-1
451,4,1318,133,481,202,-1,0,0,-1
451,6,1760,503,175,169,-1,0,0,-1
452,1,2,166,495,162,-1,0,0,-1
452,2,447,346,194,148,-1,0,0,-1
452,3,913,138,387,172,-1,0,0,-1
452,4,1318,133,481,202,-1,0,0,-1
452,6,1763,503,175,169,-1,0,0,-1
453,1,2,166,495,162,-1,0,0,-1
453,2,447,346,194,148,-1,0,0,-1
453,3,913,138,387,172,-1,0,0,-1
453,4,1318,133,481,202,-1,0,0,-1
453,6,1765,503,177,170,-1,0,0,-1
454,1,2,166,494,162,-1,0,0,-1
454,2,447,346,194,148,-1,0,0,-1
454,3,913,138,387,172,-1,0,0,-1
454,4,1318,133,481,202,-1,0,0,-1
454,6,1768,503,176,170,-1,0,0,-1
455,1,2,166,495,162,-1,0,0,-1
455,2,447,346,194,148,-1,0,0,-1
455,3,913,138,387,172,-1,0,0,-1
455,4,1318,133,481,202,-1,0,0,-1
455,6,1772,503,176,170,-1,0,0,-1
456,1,2,166,495,162,-1,0,0,-1
456,2,447,346,194,148,-1,0,0,-1
456,3,913,138,387,172,-1,0,0,-1
456,4,1318,133,482,202,-1,0,0,-1
456,6,1774,503,176,170,-1,0,0,-1
457,1,2,166,495,162,-1,0,0,-1
457,2,447,346,194,148,-1,0,0,-1
457,3,913,138,387,172,-1,0,0,-1
457,4,1318,133,481,202,-1,0,0,-1
457,6,1777,503,177,171,-1,0,0,-1
458,1,2,166,495,162,-1,0,0,-1
458,2,447,346,194,148,-1,0,0,-1
458,3,913,138,387,172,-1,0,0,-1
458,4,1318,133,482,202,-1,0,0,-1
458,6,1780,503,178,171,-1,0,0,-1
459,1,2,166,495,162,-1,0,0,-1
459,2,447,346,194,148,-1,0,0,-1
459,3,913,138,387,172,-1,0,0,-1
459,4,1318,133,481,202,-1,0,0,-1
459,6,1783,503,178,172,-1,0,0,-1
460,1,2,166,495,162,-1,0,0,-1
460,2,447,346,194,148,-1,0,0,-1
460,3,912,137,388,172,-1,0,0,-1
460,4,1319,133,480,201,-1,0,0,-1
460,6,1786,503,178,172,-1,0,0,-1
461,1,2,166,495,162,-1,0,0,-1
461,2,447,346,194,148,-1,0,0,-1
461,3,913,138,387,172,-1,0,0,-1
461,4,1318,133,482,202,-1,0,0,-1
461,6,1787,503,179,173,-1,0,0,-1
462,1,2,166,495,162,-1,0,0,-1
462,2,447,346,194,148,-1,0,0,-1
462,3,913,138,387,172,-1,0,0,-1
462,4,1318,133,481,202,-1,0,0,-1
462,6,1788,502,180,174,-1,0,0,-1
463,1,2,166,495,162,-1,0,0,-1
463,2,447,346,194,148,-1,0,0,-1
463,3,913,138,387,172,-1,0,0,-1
463,4,1318,133,481,202,-1,0,0,-1
463,6,1789,501,181,175,-1,0,0,-1
464,1,2,166,495,162,-1,0,0,-1
464,2,447,346,194,148,-1,0,0,-1
464,3,913,138,387,172,-1,0,0,-1
464,4,1318,133,482,202,-1,0,0,-1
464,6,1799,533,173,144,-1,0,0,-1
465,1,2,166,495,162,-1,0,0,-1
465,2,447,346,194,148,-1,0,0,-1
465,3,913,138,387,172,-1,0,0,-1
465,4,1319,133,479,201,-1,0,0,-1
465,6,1801,533,122,145,-1,0,0,-1
466,1,2,166,495,162,-1,0,0,-1
466,2,447,346,194,148,-1,0,0,-1
466,3,913,138,387,172,-1,0,0,-1
466,4,1318,133,482,202,-1,0,0,-1
466,6,1804,532,123,146,-1,0,0,-1
467,1,2,166,495,162,-1,0,0,-1
467,2,447,346,194,148,-1,0,0,-1
467,3,913,138,387,172,-1,0,0,-1
467,4,1318,133,481,202,-1,0,0,-1
467,6,1808,533,121,144,-1,0,0,-1
468,1,2,166,495,162,-1,0,0,-1
468,2,447,346,194,148,-1,0,0,-1
468,3,913,138,387,172,-1,0,0,-1
468,4,1318,133,480,201,-1,0,0,-1
468,6,1810,533,122,145,-1,0,0,-1
469,1,2,166,495,162,-1,0,0,-1
469,2,447,346,194,148,-1,0,0,-1
469,3,913,138,387,172,-1,0,0,-1
469,4,1318,133,481,202,-1,0,0,-1
469,6,1814,534,122,145,-1,0,0,-1
470,1,2,166,495,162,-1,0,0,-1
470,2,447,346,194,148,-1,0,0,-1
470,3,913,138,387,172,-1,0,0,-1
470,4,1318,133,481,202,-1,0,0,-1
470,6,1816,533,123,146,-1,0,0,-1
471,1,2,166,495,162,-1,0,0,-1
471,2,447,346,194,148,-1,0,0,-1
471,3,913,138,387,172,-1,0,0,-1
471,4,1319,133,480,201,-1,0,0,-1
471,6,1819,534,122,146,-1,0,0,-1
472,1,2,166,495,162,-1,0,0,-1
472,2,447,346,194,148,-1,0,0,-1
472,3,913,138,387,172,-1,0,0,-1
472,4,1318,133,481,202,-1,0,0,-1
472,6,1821,533,124,147,-1,0,0,-1
473,1,2,166,495,162,-1,0,0,-1
473,2,447,346,194,148,-1,0,0,-1
473,3,913,138,387,172,-1,0,0,-1
473,4,1318,133,481,202,-1,0,0,-1
473,6,1823,533,125,148,-1,0,0,-1
474,1,2,166,495,162,-1,0,0,-1
474,2,447,346,194,148,-1,0,0,-1
474,3,913,138,387,172,-1,0,0,-1
474,4,1318,133,482,202,-1,0,0,-1
474,6,1825,532,126,150,-1,0,0,-1
475,1,2,166,495,162,-1,0,0,-1
475,2,447,346,194,148,-1,0,0,-1
475,3,913,138,387,172,-1,0,0,-1
475,4,1318,133,481,202,-1,0,0,-1
475,6,1827,531,127,151,-1,0,0,-1
476,1,2,166,495,162,-1,0,0,-1
476,2,447,346,194,148,-1,0,0,-1
476,3,913,138,387,172,-1,0,0,-1
476,4,1318,133,481,201,-1,0,0,-1
476,6,1829,531,128,153,-1,0,0,-1
477,1,2,166,495,162,-1,0,0,-1
477,2,447,346,194,148,-1,0,0,-1
477,3,913,138,387,172,-1,0,0,-1
477,4,1319,133,481,202,-1,0,0,-1
477,6,1830,530,129,154,-1,0,0,-1
478,1,2,166,495,162,-1,0,0,-1
478,2,447,346,194,148,-1,0,0,-1
478,3,913,138,387,172,-1,0,0,-1
478,4,1318,133,482,202,-1,0,0,-1
478,6,1831,529,131,156,-1,0,0,-1
479,1,2,166,495,162,-1,0,0,-1
479,2,447,346,194,148,-1,0,0,-1
479,3,913,138,387,172,-1,0,0,-1
479,4,1318,133,481,202,-1,0,0,-1
479,6,1833,528,132,157,-1,0,0,-1
480,1,2,166,495,162,-1,0,0,-1
480,2,447,346,194,148,-1,0,0,-1
480,3,913,138,387,172,-1,0,0,-1
480,4,1319,133,480,201,-1,0,0,-1
480,6,1834,528,133,158,-1,0,0,-1
481,1,2,166,495,162,-1,0,0,-1
481,2,447,346,194,148,-1,0,0,-1
481,3,913,138,387,172,-1,0,0,-1
481,4,1318,133,482,202,-1,0,0,-1
481,6,1852,527,117,159,-1,0,0,-1
482,1,2,166,495,162,-1,0,0,-1
482,2,447,346,194,148,-1,0,0,-1
482,3,913,138,387,172,-1,0,0,-1
482,4,1318,133,481,202,-1,0,0,-1
482,6,1854,527,68,160,-1,0,0,-1
483,1,2,166,495,162,-1,0,0,-1
483,2,447,346,194,148,-1,0,0,-1
483,3,913,138,386,172,-1,0,0,-1
483,4,1318,133,481,202,-1,0,0,-1
483,6,1856,527,69,160,-1,0,0,-1
484,1,2,166,495,162,-1,0,0,-1
484,2,447,346,194,148,-1,0,0,-1
484,3,913,138,387,172,-1,0,0,-1
484,4,1318,133,481,202,-1,0,0,-1
485,1,2,166,495,162,-1,0,0,-1
485,2,447,346,194,148,-1,0,0,-1
485,3,913,138,387,172,-1,0,0,-1
485,4,1318,133,481,202,-1,0,0,-1
486,1,2,166,495,162,-1,0,0,-1
486,2,447,346,194,148,-1,0,0,-1
486,3,913,138,387,172,-1,0,0,-1
486,4,1318,133,481,202,-1,0,0,-1
487,1,2,166,495,162,-1,0,0,-1
487,2,447,346,194,148,-1,0,0,-1
487,3,913,138,387,172,-1,0,0,-1
487,4,1318,133,481,202,-1,0,0,-1
488,1,2,166,495,162,-1,0,0,-1
488,2,447,346,194,148,-1,0,0,-1
488,3,913,138,387,172,-1,0,0,-1
488,4,1318,133,482,202,-1,0,0,-1
489,1,2,166,495,162,-1,0,0,-1
489,2,447,346,194,148,-1,0,0,-1
489,3,913,138,387,172,-1,0,0,-1
489,4,1318,133,481,202,-1,0,0,-1
490,1,2,166,495,162,-1,0,0,-1
490,2,447,346,194,148,-1,0,0,-1
490,3,913,138,387,172,-1,0,0,-1
490,4,1318,133,481,202,-1,0,0,-1
491,1,2,166,495,162,-1,0,0,-1
491,2,447,346,194,148,-1,0,0,-1
491,3,913,138,387,172,-1,0,0,-1
491,4,1318,133,481,202,-1,0,0,-1
492,1,2,166,495,162,-1,0,0,-1
492,2,447,346,194,148,-1,0,0,-1
492,3,913,138,387,172,-1,0,0,-1
492,4,1318,133,481,202,-1,0,0,-1
493,1,2,166,495,162,-1,0,0,-1
493,2,447,346,194,148,-1,0,0,-1
493,3,913,138,387,172,-1,0,0,-1
493,4,1318,133,482,202,-1,0,0,-1
494,1,2,166,495,162,-1,0,0,-1
494,2,447,346,194,148,-1,0,0,-1
494,3,913,138,387,172,-1,0,0,-1
494,4,1318,133,481,202,-1,0,0,-1
495,1,2,166,495,162,-1,0,0,-1
495,2,447,346,194,148,-1,0,0,-1
495,3,913,138,387,172,-1,0,0,-1
495,4,1318,133,481,202,-1,0,0,-1
496,1,2,166,495,162,-1,0,0,-1
496,2,447,346,194,148,-1,0,0,-1
496,3,913,138,387,172,-1,0,0,-1
496,4,1318,133,481,202,-1,0,0,-1
497,1,2,166,495,162,-1,0,0,-1
497,2,447,346,194,148,-1,0,0,-1
497,3,914,138,386,172,-1,0,0,-1
497,4,1319,133,480,201,-1,0,0,-1
498,1,2,166,495,162,-1,0,0,-1
498,2,447,346,194,148,-1,0,0,-1
498,3,913,138,387,172,-1,0,0,-1
498,4,1318,133,481,202,-1,0,0,-1
499,1,2,166,495,162,-1,0,0,-1
499,2,447,346,194,148,-1,0,0,-1
499,3,913,138,387,172,-1,0,0,-1
499,4,1318,133,482,202,-1,0,0,-1
500,1,2,166,495,162,-1,0,0,-1
500,2,447,346,194,148,-1,0,0,-1
500,3,913,138,387,172,-1,0,0,-1
500,4,1319,133,480,201,-1,0,0,-1
501,1,2,166,495,162,-1,0,0,-1
501,2,447,346,194,148,-1,0,0,-1
501,3,913,138,387,172,-1,0,0,-1
501,4,1318,133,482,202,-1,0,0,-1
