1,1,83,212,831,187,-1,0,0,-1
1,2,1423,314,497,198,-1,0,0,-1
2,1,83,212,831,187,-1,0,0,-1
2,2,1422,314,497,198,-1,0,0,-1
3,1,83,212,831,187,-1,0,0,-1
3,2,1421,314,497,198,-1,0,0,-1
4,1,83,212,831,187,-1,0,0,-1
4,2,1417,313,498,199,-1,0,0,-1
5,1,83,212,831,187,-1,0,0,-1
5,2,1415,313,499,199,-1,0,0,-1
6,1,83,212,831,187,-1,0,0,-1
6,2,1413,313,510,199,-1,0,0,-1
7,1,83,212,831,187,-1,0,0,-1
7,2,1412,313,506,199,-1,0,0,-1
8,1,83,212,831,187,-1,0,0,-1
8,2,1411,313,506,198,-1,0,0,-1
9,1,83,212,831,187,-1,0,0,-1
9,2,1408,312,509,200,-1,0,0,-1
10,1,83,212,831,187,-1,0,0,-1
10,2,1405,312,510,200,-1,0,0,-1
11,1,83,212,831,187,-1,0,0,-1
11,2,1404,314,507,197,-1,0,0,-1
12,1,83,212,831,187,-1,0,0,-1
12,2,1403,314,517,197,-1,0,0,-1
13,1,83,212,831,187,-1,0,0,-1
13,2,1402,314,517,197,-1,0,0,-1
14,1,83,212,831,187,-1,0,0,-1
14,2,1399,307,519,204,-1,0,0,-1
15,1,83,212,831,187,-1,0,0,-1
15,2,1398,307,519,204,-1,0,0,-1
16,1,83,212,831,187,-1,0,0,-1
16,2,1394,307,522,204,-1,0,0,-1
17,1,83,212,831,187,-1,0,0,-1
17,2,1393,307,522,204,-1,0,0,-1
18,1,83,212,831,187,-1,0,0,-1
18,2,1393,307,528,203,-1,0,0,-1
19,1,83,212,831,187,-1,0,0,-1
19,2,1393,307,526,203,-1,0,0,-1
20,1,83,212,831,187,-1,0,0,-1
20,2,1386,307,533,203,-1,0,0,-1
21,1,83,212,831,187,-1,0,0,-1
21,2,1386,307,532,203,-1,0,0,-1
22,1,83,212,831,187,-1,0,0,-1
22,2,1384,307,533,203,-1,0,0,-1
23,1,83,212,831,187,-1,0,0,-1
23,2,1377,305,539,205,-1,0,0,-1
24,1,83,212,831,187,-1,0,0,-1
24,2,1376,305,538,205,-1,0,0,-1
25,1,83,212,831,187,-1,0,0,-1
25,2,1375,305,539,205,-1,0,0,-1
26,1,83,212,831,187,-1,0,0,-1
26,2,1370,304,543,206,-1,0,0,-1
27,1,83,212,831,187,-1,0,0,-1
27,2,1369,304,541,206,-1,0,0,-1
28,1,83,212,831,187,-1,0,0,-1
28,2,1372,305,536,204,-1,0,0,-1
29,1,83,212,831,187,-1,0,0,-1
29,2,1368,304,550,205,-1,0,0,-1
30,1,83,212,831,187,-1,0,0,-1
30,2,1367,304,550,205,-1,0,0,-1
31,1,83,212,831,187,-1,0,0,-1
31,2,1364,303,553,206,-1,0,0,-1
32,1,83,212,831,187,-1,0,0,-1
32,2,1360,303,556,207,-1,0,0,-1
33,1,83,212,831,187,-1,0,0,-1
33,2,1359,305,552,203,-1,0,0,-1
34,1,83,212,831,187,-1,0,0,-1
34,2,1359,305,560,203,-1,0,0,-1
35,1,83,212,831,187,-1,0,0,-1
35,2,1358,305,559,203,-1,0,0,-1
36,1,83,212,831,187,-1,0,0,-1
36,2,1358,305,563,202,-1,0,0,-1
37,1,83,212,831,187,-1,0,0,-1
37,2,1357,305,562,202,-1,0,0,-1
38,1,83,212,831,187,-1,0,0,-1
38,2,1356,305,562,202,-1,0,0,-1
39,1,83,212,831,187,-1,0,0,-1
39,2,1351,305,566,202,-1,0,0,-1
40,1,83,212,831,187,-1,0,0,-1
40,2,1350,305,566,202,-1,0,0,-1
41,1,83,212,831,187,-1,0,0,-1
41,2,1344,301,576,206,-1,0,0,-1
42,1,83,212,831,187,-1,0,0,-1
42,2,1343,301,576,206,-1,0,0,-1
43,1,83,212,831,187,-1,0,0,-1
43,2,1343,301,575,206,-1,0,0,-1
44,1,83,212,831,187,-1,0,0,-1
44,2,1340,297,576,209,-1,0,0,-1
45,1,83,212,831,187,-1,0,0,-1
45,2,1339,297,576,209,-1,0,0,-1
46,1,83,212,831,187,-1,0,0,-1
46,2,1336,291,585,215,-1,0,0,-1
47,1,83,212,831,187,-1,0,0,-1
47,2,1335,291,584,215,-1,0,0,-1
48,1,83,212,831,187,-1,0,0,-1
48,2,1335,289,583,220,-1,0,0,-1
49,1,83,212,831,187,-1,0,0,-1
49,2,1334,289,583,220,-1,0,0,-1
50,1,83,212,831,187,-1,0,0,-1
50,2,1328,289,589,220,-1,0,0,-1
51,1,83,212,831,187,-1,0,0,-1
51,2,1327,289,589,220,-1,0,0,-1
52,1,83,212,831,187,-1,0,0,-1
52,2,1327,289,588,220,-1,0,0,-1
53,1,83,212,831,187,-1,0,0,-1
53,2,1326,289,587,219,-1,0,0,-1
54,1,83,212,831,187,-1,0,0,-1
54,2,1321,280,600,229,-1,0,0,-1
55,1,83,212,831,187,-1,0,0,-1
55,2,1320,280,599,229,-1,0,0,-1
56,1,83,212,831,187,-1,0,0,-1
56,2,1320,280,599,229,-1,0,0,-1
57,1,83,212,831,187,-1,0,0,-1
57,2,1320,280,598,229,-1,0,0,-1
58,1,83,212,831,187,-1,0,0,-1
58,2,1314,278,604,231,-1,0,0,-1
59,1,83,212,831,187,-1,0,0,-1
59,2,1317,275,601,232,-1,0,0,-1
60,1,83,212,831,187,-1,0,0,-1
60,2,1316,275,601,232,-1,0,0,-1
61,1,83,212,831,187,-1,0,0,-1
61,2,1316,275,601,232,-1,0,0,-1
62,1,83,212,831,187,-1,0,0,-1
62,2,1311,274,606,234,-1,0,0,-1
63,1,83,212,831,187,-1,0,0,-1
63,2,1310,273,606,234,-1,0,0,-1
64,1,83,212,831,187,-1,0,0,-1
64,2,1309,261,611,245,-1,0,0,-1
65,1,83,212,831,187,-1,0,0,-1
65,2,1308,261,611,245,-1,0,0,-1
66,1,83,212,831,187,-1,0,0,-1
66,2,1308,261,611,245,-1,0,0,-1
67,1,83,212,831,187,-1,0,0,-1
67,2,1307,261,611,245,-1,0,0,-1
68,1,83,212,831,187,-1,0,0,-1
68,2,1303,262,612,244,-1,0,0,-1
69,1,83,212,831,187,-1,0,0,-1
69,2,1302,262,612,244,-1,0,0,-1
70,1,83,212,831,187,-1,0,0,-1
70,2,1302,256,620,250,-1,0,0,-1
71,1,83,212,831,187,-1,0,0,-1
71,2,1302,256,618,250,-1,0,0,-1
72,1,83,212,831,187,-1,0,0,-1
72,2,1301,256,618,250,-1,0,0,-1
73,1,83,212,831,187,-1,0,0,-1
73,2,1300,256,618,250,-1,0,0,-1
74,1,83,212,831,187,-1,0,0,-1
74,2,1296,255,622,252,-1,0,0,-1
75,1,83,212,831,187,-1,0,0,-1
75,2,1295,255,621,251,-1,0,0,-1
76,1,83,212,831,187,-1,0,0,-1
76,2,1294,255,621,251,-1,0,0,-1
77,1,83,212,831,187,-1,0,0,-1
77,2,1293,255,621,251,-1,0,0,-1
78,1,83,212,831,187,-1,0,0,-1
78,2,1289,248,631,258,-1,0,0,-1
79,1,83,212,831,187,-1,0,0,-1
79,2,1288,248,631,258,-1,0,0,-1
80,1,83,212,831,187,-1,0,0,-1
80,2,1288,248,631,258,-1,0,0,-1
81,1,83,212,831,187,-1,0,0,-1
81,2,1287,248,631,258,-1,0,0,-1
82,1,83,212,831,187,-1,0,0,-1
82,2,1287,248,629,257,-1,0,0,-1
83,1,83,212,831,187,-1,0,0,-1
83,2,1281,246,636,260,-1,0,0,-1
84,1,83,212,831,187,-1,0,0,-1
84,2,1281,247,634,259,-1,0,0,-1
85,1,83,212,831,187,-1,0,0,-1
85,2,1279,247,634,259,-1,0,0,-1
86,1,83,212,831,187,-1,0,0,-1
86,2,1278,235,640,271,-1,0,0,-1
87,1,83,212,831,187,-1,0,0,-1
87,2,1278,235,640,271,-1,0,0,-1
88,1,83,212,831,187,-1,0,0,-1
88,2,1277,235,640,271,-1,0,0,-1
89,1,83,212,831,187,-1,0,0,-1
89,2,1276,235,639,270,-1,0,0,-1
90,1,83,212,831,187,-1,0,0,-1
90,2,1273,230,648,276,-1,0,0,-1
91,1,83,212,831,187,-1,0,0,-1
91,2,1272,230,647,276,-1,0,0,-1
92,1,83,212,831,187,-1,0,0,-1
92,2,1272,230,647,276,-1,0,0,-1
93,1,83,212,831,187,-1,0,0,-1
93,2,1271,230,647,276,-1,0,0,-1
94,1,83,212,831,187,-1,0,0,-1
94,2,1267,228,652,278,-1,0,0,-1
95,1,83,212,831,187,-1,0,0,-1
95,2,1265,228,653,279,-1,0,0,-1
96,1,83,212,831,187,-1,0,0,-1
96,2,1264,228,651,278,-1,0,0,-1
97,1,83,212,831,187,-1,0,0,-1
97,2,1267,230,645,275,-1,0,0,-1
98,1,83,212,831,187,-1,0,0,-1
98,2,1262,228,651,278,-1,0,0,-1
99,1,83,212,831,187,-1,0,0,-1
99,2,1260,228,663,278,-1,0,0,-1
100,1,83,212,831,187,-1,0,0,-1
100,2,1259,228,660,278,-1,0,0,-1
101,1,83,212,831,187,-1,0,0,-1
101,2,1257,227,662,279,-1,0,0,-1
102,1,83,212,831,187,-1,0,0,-1
102,2,1254,227,664,281,-1,0,0,-1
103,1,83,212,831,187,-1,0,0,-1
103,2,1253,227,664,281,-1,0,0,-1
104,1,83,212,831,187,-1,0,0,-1
104,2,1252,227,664,281,-1,0,0,-1
105,1,83,212,831,187,-1,0,0,-1
105,2,1251,227,665,281,-1,0,0,-1
106,1,83,212,831,187,-1,0,0,-1
106,2,1251,227,662,280,-1,0,0,-1
107,1,83,212,831,187,-1,0,0,-1
107,2,1245,225,674,284,-1,0,0,-1
108,1,83,212,832,187,-1,0,0,-1
108,2,1244,225,674,284,-1,0,0,-1
109,1,83,212,831,187,-1,0,0,-1
109,2,1243,225,675,284,-1,0,0,-1
110,1,83,212,831,187,-1,0,0,-1
110,2,1243,225,674,284,-1,0,0,-1
111,1,83,212,831,187,-1,0,0,-1
111,2,1238,223,680,286,-1,0,0,-1
112,1,83,212,831,187,-1,0,0,-1
112,2,1237,223,683,286,-1,0,0,-1
113,1,83,212,831,187,-1,0,0,-1
113,2,1237,223,683,286,-1,0,0,-1
114,1,83,212,831,187,-1,0,0,-1
114,2,1236,223,683,286,-1,0,0,-1
115,1,83,212,831,187,-1,0,0,-1
115,2,1235,223,683,286,-1,0,0,-1
116,1,83,212,831,187,-1,0,0,-1
116,2,1234,223,683,286,-1,0,0,-1
117,1,83,212,831,187,-1,0,0,-1
117,2,1232,223,681,285,-1,0,0,-1
118,1,83,212,831,187,-1,0,0,-1
118,2,1230,222,692,287,-1,0,0,-1
119,1,83,212,831,187,-1,0,0,-1
119,2,1229,222,690,287,-1,0,0,-1
120,1,83,212,831,187,-1,0,0,-1
120,2,1229,222,691,287,-1,0,0,-1
121,1,83,212,831,187,-1,0,0,-1
121,2,1225,221,694,289,-1,0,0,-1
122,1,83,212,831,187,-1,0,0,-1
122,2,1227,222,692,287,-1,0,0,-1
123,1,83,212,831,187,-1,0,0,-1
123,2,1226,222,692,287,-1,0,0,-1
124,1,83,212,831,187,-1,0,0,-1
124,2,1226,222,692,287,-1,0,0,-1
125,1,83,212,831,187,-1,0,0,-1
125,2,1225,222,692,287,-1,0,0,-1
126,1,83,212,831,187,-1,0,0,-1
126,2,1216,222,703,287,-1,0,0,-1
127,1,83,212,831,187,-1,0,0,-1
127,2,1215,222,703,287,-1,0,0,-1
128,1,83,212,831,187,-1,0,0,-1
128,2,1215,222,703,287,-1,0,0,-1
129,1,83,212,831,187,-1,0,0,-1
129,2,1214,222,703,287,-1,0,0,-1
130,1,83,212,831,187,-1,0,0,-1
130,2,1213,222,701,286,-1,0,0,-1
131,1,83,212,831,187,-1,0,0,-1
131,2,1207,220,709,290,-1,0,0,-1
132,1,83,212,831,187,-1,0,0,-1
132,2,1211,222,709,286,-1,0,0,-1
133,1,83,212,831,187,-1,0,0,-1
133,2,1210,222,709,286,-1,0,0,-1
134,1,83,212,831,187,-1,0,0,-1
134,2,1209,222,710,286,-1,0,0,-1
135,1,83,212,831,187,-1,0,0,-1
135,2,1209,222,709,286,-1,0,0,-1
136,1,83,212,831,187,-1,0,0,-1
136,2,1209,223,704,284,-1,0,0,-1
137,1,83,212,831,187,-1,0,0,-1
137,2,1202,220,715,288,-1,0,0,-1
138,1,83,212,831,187,-1,0,0,-1
138,2,1206,222,706,285,-1,0,0,-1
139,1,83,212,831,187,-1,0,0,-1
139,2,1201,221,712,287,-1,0,0,-1
140,1,83,212,831,187,-1,0,0,-1
140,2,1199,220,714,288,-1,0,0,-1
141,1,83,212,831,187,-1,0,0,-1
141,2,1198,220,724,288,-1,0,0,-1
142,1,83,212,831,187,-1,0,0,-1
142,2,1197,220,722,288,-1,0,0,-1
143,1,83,212,831,187,-1,0,0,-1
143,2,1196,220,723,288,-1,0,0,-1
144,1,83,212,831,187,-1,0,0,-1
144,2,1195,219,723,288,-1,0,0,-1
145,1,83,212,831,187,-1,0,0,-1
145,2,1194,219,723,288,-1,0,0,-1
146,1,83,212,831,187,-1,0,0,-1
146,2,1193,219,722,288,-1,0,0,-1
147,1,83,212,831,187,-1,0,0,-1
147,2,1185,219,737,289,-1,0,0,-1
148,1,83,212,831,187,-1,0,0,-1
148,2,1184,219,735,289,-1,0,0,-1
149,1,83,212,831,187,-1,0,0,-1
149,2,1184,219,735,289,-1,0,0,-1
150,1,83,212,831,187,-1,0,0,-1
150,2,1183,219,736,289,-1,0,0,-1
151,1,83,212,831,187,-1,0,0,-1
151,2,1180,218,738,290,-1,0,0,-1
152,1,83,212,831,187,-1,0,0,-1
152,2,1177,217,743,291,-1,0,0,-1
153,1,83,212,831,187,-1,0,0,-1
153,2,1176,217,743,291,-1,0,0,-1
154,1,83,212,831,187,-1,0,0,-1
154,2,1175,217,743,291,-1,0,0,-1
155,1,83,212,831,187,-1,0,0,-1
155,2,1175,217,744,291,-1,0,0,-1
156,1,83,212,831,187,-1,0,0,-1
156,2,1171,217,753,291,-1,0,0,-1
157,1,83,212,831,187,-1,0,0,-1
157,2,1170,217,749,291,-1,0,0,-1
158,1,83,212,831,187,-1,0,0,-1
158,2,1167,216,753,293,-1,0,0,-1
159,1,83,212,831,187,-1,0,0,-1
159,2,1169,217,746,290,-1,0,0,-1
160,1,83,212,831,187,-1,0,0,-1
160,2,1166,215,753,294,-1,0,0,-1
161,1,83,212,831,187,-1,0,0,-1
161,2,1165,215,753,294,-1,0,0,-1
162,1,83,212,831,187,-1,0,0,-1
162,2,1165,215,753,294,-1,0,0,-1
163,1,83,212,831,187,-1,0,0,-1
163,2,1161,214,757,296,-1,0,0,-1
164,1,83,212,831,187,-1,0,0,-1
164,2,1163,215,754,294,-1,0,0,-1
165,1,83,212,831,187,-1,0,0,-1
165,2,1155,215,766,293,-1,0,0,-1
166,1,83,212,831,187,-1,0,0,-1
166,2,1154,215,766,293,-1,0,0,-1
167,1,83,212,831,187,-1,0,0,-1
167,2,1153,215,765,293,-1,0,0,-1
168,1,83,212,831,187,-1,0,0,-1
168,2,1149,214,770,295,-1,0,0,-1
169,1,83,212,831,187,-1,0,0,-1
169,2,1147,213,771,295,-1,0,0,-1
170,1,83,212,831,187,-1,0,0,-1
170,2,1147,213,772,295,-1,0,0,-1
171,1,83,212,831,187,-1,0,0,-1
171,2,1146,213,772,296,-1,0,0,-1
172,1,83,212,831,187,-1,0,0,-1
172,2,1144,213,774,295,-1,0,0,-1
173,1,83,212,831,187,-1,0,0,-1
173,2,1143,213,774,295,-1,0,0,-1
174,1,83,212,831,187,-1,0,0,-1
174,2,1142,213,774,295,-1,0,0,-1
175,1,83,212,831,187,-1,0,0,-1
175,2,1142,213,775,295,-1,0,0,-1
176,1,83,212,831,187,-1,0,0,-1
176,2,1136,211,782,298,-1,0,0,-1
177,1,83,212,831,187,-1,0,0,-1
177,2,1136,212,778,297,-1,0,0,-1
178,1,83,212,831,187,-1,0,0,-1
178,2,1135,212,777,296,-1,0,0,-1
179,1,83,212,831,187,-1,0,0,-1
179,2,1134,212,778,296,-1,0,0,-1
180,1,83,212,831,187,-1,0,0,-1
180,2,1133,212,788,296,-1,0,0,-1
181,1,83,212,831,187,-1,0,0,-1
181,2,1132,212,787,296,-1,0,0,-1
182,1,83,212,831,187,-1,0,0,-1
182,2,1131,212,788,296,-1,0,0,-1
183,1,83,212,831,187,-1,0,0,-1
183,2,1129,211,790,297,-1,0,0,-1
184,1,83,212,831,187,-1,0,0,-1
184,2,1125,210,794,299,-1,0,0,-1
185,1,83,212,831,187,-1,0,0,-1
185,2,1123,210,795,299,-1,0,0,-1
186,1,83,212,831,187,-1,0,0,-1
186,2,1120,210,799,298,-1,0,0,-1
187,1,83,212,831,187,-1,0,0,-1
187,2,1120,210,799,298,-1,0,0,-1
188,1,83,212,831,187,-1,0,0,-1
188,2,1118,210,799,298,-1,0,0,-1
189,1,83,212,831,187,-1,0,0,-1
189,2,1114,208,805,300,-1,0,0,-1
190,1,83,212,831,187,-1,0,0,-1
190,2,1114,209,803,299,-1,0,0,-1
191,1,83,212,831,187,-1,0,0,-1
191,2,1110,207,807,301,-1,0,0,-1
192,1,83,212,831,187,-1,0,0,-1
192,2,1110,209,802,299,-1,0,0,-1
193,1,83,212,831,187,-1,0,0,-1
193,2,1109,208,803,300,-1,0,0,-1
194,1,83,212,831,187,-1,0,0,-1
194,2,1105,206,818,303,-1,0,0,-1
195,1,83,212,831,187,-1,0,0,-1
195,2,1104,206,815,303,-1,0,0,-1
196,1,83,212,831,187,-1,0,0,-1
196,2,1102,205,818,304,-1,0,0,-1
197,1,83,212,831,187,-1,0,0,-1
197,2,1101,205,818,304,-1,0,0,-1
198,1,83,212,831,187,-1,0,0,-1
198,2,1100,205,819,305,-1,0,0,-1
199,1,83,212,831,187,-1,0,0,-1
199,2,1099,206,820,302,-1,0,0,-1
200,1,83,212,831,187,-1,0,0,-1
200,2,1098,206,820,302,-1,0,0,-1
201,1,83,212,831,187,-1,0,0,-1
201,2,1097,206,819,302,-1,0,0,-1
202,1,83,212,831,187,-1,0,0,-1
202,2,1094,205,824,303,-1,0,0,-1
203,1,83,212,831,187,-1,0,0,-1
203,2,1090,203,829,305,-1,0,0,-1
204,1,83,212,831,187,-1,0,0,-1
204,2,1089,203,827,305,-1,0,0,-1
205,1,83,212,831,187,-1,0,0,-1
205,2,1089,204,823,303,-1,0,0,-1
206,1,83,212,831,187,-1,0,0,-1
206,2,1089,204,823,303,-1,0,0,-1
207,1,83,212,831,187,-1,0,0,-1
207,2,1088,204,833,303,-1,0,0,-1
208,1,83,212,831,187,-1,0,0,-1
208,2,1087,204,833,303,-1,0,0,-1
209,1,83,212,831,187,-1,0,0,-1
209,2,1084,203,836,304,-1,0,0,-1
210,1,83,212,831,187,-1,0,0,-1
210,2,1083,203,835,304,-1,0,0,-1
211,1,83,212,831,187,-1,0,0,-1
211,2,1079,202,840,306,-1,0,0,-1
212,1,83,212,831,187,-1,0,0,-1
212,2,1079,203,835,304,-1,0,0,-1
213,1,83,212,831,187,-1,0,0,-1
213,2,1077,202,837,305,-1,0,0,-1
214,1,83,212,831,187,-1,0,0,-1
214,2,1074,202,839,305,-1,0,0,-1
215,1,83,212,831,187,-1,0,0,-1
215,2,1069,200,847,308,-1,0,0,-1
216,1,83,212,831,187,-1,0,0,-1
216,2,1064,199,858,308,-1,0,0,-1
217,1,83,212,831,187,-1,0,0,-1
217,2,1063,199,856,308,-1,0,0,-1
218,1,83,212,831,187,-1,0,0,-1
218,2,1062,199,857,308,-1,0,0,-1
219,1,83,212,831,187,-1,0,0,-1
219,2,1061,199,856,308,-1,0,0,-1
220,1,83,212,831,187,-1,0,0,-1
220,2,1056,198,859,309,-1,0,0,-1
221,1,83,212,831,187,-1,0,0,-1
221,2,1052,196,866,311,-1,0,0,-1
222,1,83,212,831,187,-1,0,0,-1
222,2,1051,197,869,311,-1,0,0,-1
223,1,83,212,831,187,-1,0,0,-1
223,2,1050,197,870,311,-1,0,0,-1
224,1,83,212,831,187,-1,0,0,-1
224,2,1049,197,870,311,-1,0,0,-1
225,1,83,212,831,187,-1,0,0,-1
225,2,1048,197,870,311,-1,0,0,-1
226,1,83,212,831,187,-1,0,0,-1
226,2,1042,196,875,313,-1,0,0,-1
227,1,83,212,831,187,-1,0,0,-1
227,2,1042,195,876,314,-1,0,0,-1
228,1,83,212,831,187,-1,0,0,-1
228,2,1040,196,873,313,-1,0,0,-1
229,1,83,212,831,187,-1,0,0,-1
229,2,1034,193,883,316,-1,0,0,-1
230,1,83,212,831,187,-1,0,0,-1
230,2,1033,193,884,316,-1,0,0,-1
231,1,83,212,831,187,-1,0,0,-1
231,2,1033,193,884,316,-1,0,0,-1
232,1,83,212,831,187,-1,0,0,-1
232,2,1030,193,880,315,-1,0,0,-1
233,1,83,212,831,187,-1,0,0,-1
233,2,1030,193,881,315,-1,0,0,-1
234,1,83,212,831,187,-1,0,0,-1
234,2,1029,193,893,315,-1,0,0,-1
235,1,83,212,831,187,-1,0,0,-1
235,2,1028,193,892,315,-1,0,0,-1
236,1,83,212,831,187,-1,0,0,-1
236,2,1027,193,892,315,-1,0,0,-1
237,1,83,212,831,187,-1,0,0,-1
237,2,1025,192,894,316,-1,0,0,-1
238,1,83,213,831,187,-1,0,0,-1
238,2,1022,193,892,315,-1,0,0,-1
239,1,83,213,831,187,-1,0,0,-1
239,2,1019,191,897,317,-1,0,0,-1
240,1,83,213,831,187,-1,0,0,-1
240,2,1018,192,895,316,-1,0,0,-1
241,1,83,213,831,187,-1,0,0,-1
241,2,1013,189,905,320,-1,0,0,-1
242,1,83,213,831,187,-1,0,0,-1
242,2,1012,202,903,306,-1,0,0,-1
243,1,83,212,831,187,-1,0,0,-1
243,2,1011,202,903,306,-1,0,0,-1
244,1,83,212,832,187,-1,0,0,-1
244,2,1010,202,904,306,-1,0,0,-1
245,1,83,212,831,187,-1,0,0,-1
245,2,1005,200,910,308,-1,0,0,-1
246,1,83,212,831,187,-1,0,0,-1
246,2,1003,200,911,309,-1,0,0,-1
247,1,83,212,831,187,-1,0,0,-1
247,2,1001,199,913,309,-1,0,0,-1
248,1,83,212,831,187,-1,0,0,-1
248,2,999,199,919,309,-1,0,0,-1
249,1,83,212,831,187,-1,0,0,-1
249,2,998,199,920,309,-1,0,0,-1
250,1,83,212,831,187,-1,0,0,-1
250,2,996,199,920,309,-1,0,0,-1
251,1,83,212,832,187,-1,0,0,-1
251,2,995,199,920,309,-1,0,0,-1
252,1,83,212,831,187,-1,0,0,-1
252,2,995,199,921,310,-1,0,0,-1
253,1,83,213,830,187,-1,0,0,-1
253,2,994,199,922,310,-1,0,0,-1
254,1,83,213,831,187,-1,0,0,-1
254,2,993,198,922,310,-1,0,0,-1
255,1,83,213,831,187,-1,0,0,-1
255,2,993,198,922,310,-1,0,0,-1
256,1,83,213,831,187,-1,0,0,-1
256,2,984,198,931,310,-1,0,0,-1
257,1,83,212,831,187,-1,0,0,-1
257,2,983,198,931,310,-1,0,0,-1
258,1,83,212,831,187,-1,0,0,-1
258,2,982,198,932,310,-1,0,0,-1
259,1,83,212,831,187,-1,0,0,-1
259,2,978,196,938,312,-1,0,0,-1
260,1,83,212,831,187,-1,0,0,-1
260,2,975,195,940,313,-1,0,0,-1
261,1,83,212,831,187,-1,0,0,-1
261,2,973,195,946,314,-1,0,0,-1
262,1,83,212,831,187,-1,0,0,-1
262,2,972,195,946,314,-1,0,0,-1
263,1,83,212,831,187,-1,0,0,-1
263,2,971,195,947,314,-1,0,0,-1
264,1,83,212,830,187,-1,0,0,-1
264,2,970,195,947,314,-1,0,0,-1
265,1,83,212,831,187,-1,0,0,-1
265,2,965,193,953,316,-1,0,0,-1
266,1,83,212,831,187,-1,0,0,-1
266,2,964,193,953,316,-1,0,0,-1
267,1,83,212,831,187,-1,0,0,-1
267,2,963,194,950,315,-1,0,0,-1
268,1,83,212,831,187,-1,0,0,-1
268,2,963,194,950,315,-1,0,0,-1
269,1,83,212,831,187,-1,0,0,-1
269,2,958,192,955,317,-1,0,0,-1
270,1,83,212,831,187,-1,0,0,-1
270,2,958,192,956,317,-1,0,0,-1
271,1,83,212,831,187,-1,0,0,-1
271,2,957,192,956,317,-1,0,0,-1
272,1,83,212,831,187,-1,0,0,-1
272,2,957,192,956,317,-1,0,0,-1
273,1,83,212,831,187,-1,0,0,-1
273,2,957,192,956,317,-1,0,0,-1
274,1,83,212,831,187,-1,0,0,-1
274,2,956,192,957,318,-1,0,0,-1
275,1,83,212,831,187,-1,0,0,-1
275,2,947,192,971,318,-1,0,0,-1
276,1,83,212,831,187,-1,0,0,-1
276,2,946,192,972,318,-1,0,0,-1
277,1,83,212,831,187,-1,0,0,-1
277,2,945,191,973,319,-1,0,0,-1
278,1,83,212,831,187,-1,0,0,-1
278,2,942,191,975,319,-1,0,0,-1
279,1,83,212,831,187,-1,0,0,-1
279,2,941,190,976,320,-1,0,0,-1
280,1,83,212,831,187,-1,0,0,-1
280,2,940,190,977,320,-1,0,0,-1
281,1,83,213,828,186,-1,0,0,-1
281,2,939,190,977,320,-1,0,0,-1
282,1,83,212,831,187,-1,0,0,-1
282,2,939,190,978,320,-1,0,0,-1
283,1,83,212,831,187,-1,0,0,-1
283,2,938,190,978,320,-1,0,0,-1
284,1,83,212,831,187,-1,0,0,-1
284,2,937,189,979,321,-1,0,0,-1
285,1,83,212,831,187,-1,0,0,-1
285,2,937,189,979,321,-1,0,0,-1
286,1,83,212,831,187,-1,0,0,-1
286,2,927,189,992,321,-1,0,0,-1
287,1,83,212,831,187,-1,0,0,-1
287,2,926,189,992,321,-1,0,0,-1
288,1,83,212,831,187,-1,0,0,-1
288,2,926,189,993,321,-1,0,0,-1
289,1,83,212,831,187,-1,0,0,-1
289,2,924,189,993,321,-1,0,0,-1
290,1,83,212,830,187,-1,0,0,-1
290,2,918,187,1001,324,-1,0,0,-1
291,1,83,212,831,187,-1,0,0,-1
291,2,916,186,1002,324,-1,0,0,-1
292,1,83,212,831,187,-1,0,0,-1
292,2,916,186,1003,324,-1,0,0,-1
293,1,83,212,831,187,-1,0,0,-1
293,2,914,187,1004,323,-1,0,0,-1
294,1,83,212,831,187,-1,0,0,-1
294,2,913,187,1005,323,-1,0,0,-1
295,1,83,212,831,187,-1,0,0,-1
295,2,912,187,1005,323,-1,0,0,-1
296,1,83,212,831,187,-1,0,0,-1
296,2,912,186,1005,323,-1,0,0,-1
297,1,83,212,831,187,-1,0,0,-1
297,2,912,187,1004,323,-1,0,0,-1
298,1,83,212,831,187,-1,0,0,-1
298,2,904,184,1014,326,-1,0,0,-1
299,1,83,212,831,187,-1,0,0,-1
299,2,905,186,1007,324,-1,0,0,-1
300,1,83,212,832,187,-1,0,0,-1
300,2,903,185,1009,324,-1,0,0,-1
301,1,83,212,831,187,-1,0,0,-1
301,2,902,185,1009,325,-1,0,0,-1
302,1,83,212,831,187,-1,0,0,-1
302,2,902,185,1009,325,-1,0,0,-1
303,1,83,212,831,187,-1,0,0,-1
303,2,902,185,1009,325,-1,0,0,-1
304,1,83,212,831,187,-1,0,0,-1
304,2,902,185,1009,325,-1,0,0,-1
305,1,83,212,831,187,-1,0,0,-1
305,2,901,185,1009,325,-1,0,0,-1
306,1,83,212,831,187,-1,0,0,-1
306,2,901,185,1009,325,-1,0,0,-1
307,1,83,212,831,187,-1,0,0,-1
307,2,889,185,1028,325,-1,0,0,-1
308,1,83,212,831,187,-1,0,0,-1
308,2,888,185,1028,325,-1,0,0,-1
309,1,83,212,831,187,-1,0,0,-1
309,2,887,185,1029,325,-1,0,0,-1
310,1,83,212,831,187,-1,0,0,-1
310,2,887,185,1029,325,-1,0,0,-1
311,1,83,212,831,187,-1,0,0,-1
311,2,886,185,1029,325,-1,0,0,-1
312,1,83,212,831,187,-1,0,0,-1
312,2,882,185,1037,325,-1,0,0,-1
313,1,83,212,831,187,-1,0,0,-1
313,2,881,185,1038,325,-1,0,0,-1
314,1,83,212,831,187,-1,0,0,-1
314,2,879,184,1039,326,-1,0,0,-1
315,1,82,212,832,187,-1,0,0,-1
315,2,879,184,1039,326,-1,0,0,-1
316,1,83,212,831,187,-1,0,0,-1
316,2,874,183,1046,328,-1,0,0,-1
317,1,83,212,831,187,-1,0,0,-1
317,2,872,183,1047,328,-1,0,0,-1
318,1,83,212,831,187,-1,0,0,-1
318,2,872,184,1041,326,-1,0,0,-1
319,1,83,212,831,187,-1,0,0,-1
319,2,868,182,1051,329,-1,0,0,-1
320,1,83,212,831,187,-1,0,0,-1
320,2,868,183,1045,327,-1,0,0,-1
321,1,83,212,831,187,-1,0,0,-1
321,2,868,183,1045,327,-1,0,0,-1
322,1,83,212,831,187,-1,0,0,-1
322,2,865,183,1052,327,-1,0,0,-1
323,1,83,212,831,187,-1,0,0,-1
323,2,864,183,1053,327,-1,0,0,-1
324,1,83,212,831,187,-1,0,0,-1
324,2,863,182,1054,327,-1,0,0,-1
325,1,83,212,831,187,-1,0,0,-1
325,2,862,182,1054,328,-1,0,0,-1
326,1,83,212,831,187,-1,0,0,-1
326,2,858,181,1061,329,-1,0,0,-1
327,1,83,212,831,187,-1,0,0,-1
327,2,857,181,1062,329,-1,0,0,-1
328,1,83,212,831,187,-1,0,0,-1
328,2,854,180,1065,330,-1,0,0,-1
329,1,83,212,831,187,-1,0,0,-1
329,2,852,180,1067,331,-1,0,0,-1
330,1,83,212,831,187,-1,0,0,-1
330,2,850,179,1070,332,-1,0,0,-1
331,1,83,212,831,187,-1,0,0,-1
331,2,851,180,1065,330,-1,0,0,-1
332,1,83,212,831,187,-1,0,0,-1
332,2,847,180,1066,331,-1,0,0,-1
333,1,83,212,831,187,-1,0,0,-1
333,2,844,179,1076,331,-1,0,0,-1
334,1,83,212,830,187,-1,0,0,-1
334,2,843,179,1076,331,-1,0,0,-1
335,1,83,212,831,187,-1,0,0,-1
335,2,843,179,1075,331,-1,0,0,-1
336,1,83,212,831,187,-1,0,0,-1
336,2,841,178,1078,332,-1,0,0,-1
337,1,83,212,831,187,-1,0,0,-1
337,2,842,180,1071,329,-1,0,0,-1
338,1,83,212,831,187,-1,0,0,-1
338,2,834,182,1082,329,-1,0,0,-1
339,1,83,212,831,187,-1,0,0,-1
339,2,833,182,1082,329,-1,0,0,-1
340,1,83,212,831,187,-1,0,0,-1
340,2,832,182,1083,329,-1,0,0,-1
341,1,83,212,831,187,-1,0,0,-1
341,2,831,181,1084,330,-1,0,0,-1
342,1,83,212,831,187,-1,0,0,-1
342,2,826,180,1091,332,-1,0,0,-1
343,1,83,212,831,187,-1,0,0,-1
343,2,827,185,1084,327,-1,0,0,-1
344,1,83,212,831,187,-1,0,0,-1
344,2,827,185,1084,327,-1,0,0,-1
345,1,83,212,831,187,-1,0,0,-1
345,2,826,185,1085,327,-1,0,0,-1
346,1,83,212,831,187,-1,0,0,-1
346,2,825,185,1085,327,-1,0,0,-1
347,1,83,212,831,187,-1,0,0,-1
347,2,825,185,1085,327,-1,0,0,-1
348,1,83,212,831,187,-1,0,0,-1
348,2,818,183,1086,330,-1,0,0,-1
349,1,83,212,831,187,-1,0,0,-1
349,2,818,183,1086,330,-1,0,0,-1
350,1,83,212,831,187,-1,0,0,-1
350,2,816,182,1088,331,-1,0,0,-1
351,1,83,212,831,187,-1,0,0,-1
351,2,813,182,1091,332,-1,0,0,-1
352,1,83,212,831,187,-1,0,0,-1
352,2,813,182,1091,332,-1,0,0,-1
353,1,83,212,831,187,-1,0,0,-1
353,2,813,182,1091,332,-1,0,0,-1
354,1,83,212,831,187,-1,0,0,-1
354,2,807,182,1093,332,-1,0,0,-1
355,1,83,212,831,187,-1,0,0,-1
355,2,806,182,1094,332,-1,0,0,-1
356,1,83,212,831,187,-1,0,0,-1
356,2,805,182,1094,332,-1,0,0,-1
357,1,83,212,831,187,-1,0,0,-1
357,2,803,181,1097,333,-1,0,0,-1
358,1,83,212,831,187,-1,0,0,-1
358,2,801,181,1098,333,-1,0,0,-1
359,1,83,212,831,187,-1,0,0,-1
359,2,802,181,1096,333,-1,0,0,-1
360,1,83,212,831,187,-1,0,0,-1
360,2,803,182,1094,332,-1,0,0,-1
361,1,83,212,831,187,-1,0,0,-1
361,2,796,180,1096,335,-1,0,0,-1
362,1,83,212,831,187,-1,0,0,-1
362,2,796,180,1096,335,-1,0,0,-1
363,1,83,212,831,187,-1,0,0,-1
363,2,794,179,1098,336,-1,0,0,-1
364,1,83,212,831,187,-1,0,0,-1
364,2,793,179,1098,336,-1,0,0,-1
365,1,83,212,831,187,-1,0,0,-1
365,2,790,178,1103,337,-1,0,0,-1
366,1,83,212,831,187,-1,0,0,-1
366,2,789,178,1103,337,-1,0,0,-1
367,1,83,212,831,187,-1,0,0,-1
367,2,787,178,1106,338,-1,0,0,-1
368,1,83,212,831,187,-1,0,0,-1
368,2,791,180,1094,334,-1,0,0,-1
369,1,83,212,831,187,-1,0,0,-1
369,2,791,180,1094,334,-1,0,0,-1
370,1,83,212,831,187,-1,0,0,-1
370,2,784,178,1105,338,-1,0,0,-1
371,1,83,212,831,187,-1,0,0,-1
371,2,784,178,1105,338,-1,0,0,-1
372,1,83,212,831,187,-1,0,0,-1
372,2,784,178,1105,338,-1,0,0,-1
373,1,83,212,831,187,-1,0,0,-1
373,2,784,178,1105,338,-1,0,0,-1
374,1,83,212,831,187,-1,0,0,-1
374,2,784,178,1105,338,-1,0,0,-1
375,1,83,212,831,187,-1,0,0,-1
375,2,783,178,1105,338,-1,0,0,-1
376,1,83,212,831,187,-1,0,0,-1
376,2,783,178,1105,338,-1,0,0,-1
377,1,83,212,831,187,-1,0,0,-1
377,2,783,178,1105,338,-1,0,0,-1
378,1,83,212,830,187,-1,0,0,-1
378,2,783,178,1093,338,-1,0,0,-1
379,1,83,212,831,187,-1,0,0,-1
379,2,783,178,1093,338,-1,0,0,-1
380,1,83,212,831,187,-1,0,0,-1
380,2,783,178,1093,338,-1,0,0,-1
381,1,83,212,831,187,-1,0,0,-1
381,2,782,178,1093,338,-1,0,0,-1
382,1,83,212,831,187,-1,0,0,-1
382,2,774,177,1101,338,-1,0,0,-1
383,1,83,212,831,187,-1,0,0,-1
383,2,774,177,1101,338,-1,0,0,-1
384,1,83,212,831,187,-1,0,0,-1
384,2,772,177,1102,338,-1,0,0,-1
385,1,83,212,831,187,-1,0,0,-1
385,2,772,177,1102,338,-1,0,0,-1
386,1,83,212,831,187,-1,0,0,-1
386,2,770,176,1105,339,-1,0,0,-1
387,1,83,212,831,187,-1,0,0,-1
387,2,770,177,1103,339,-1,0,0,-1
388,1,83,212,831,187,-1,0,0,-1
388,2,766,175,1109,340,-1,0,0,-1
389,1,83,212,831,187,-1,0,0,-1
389,2,766,175,1109,340,-1,0,0,-1
390,1,83,212,831,187,-1,0,0,-1
390,2,766,175,1109,340,-1,0,0,-1
391,1,83,212,831,187,-1,0,0,-1
391,2,763,175,1110,341,-1,0,0,-1
392,1,83,212,831,187,-1,0,0,-1
392,2,763,176,1106,340,-1,0,0,-1
393,1,83,212,831,187,-1,0,0,-1
393,2,759,174,1114,342,-1,0,0,-1
394,1,83,212,831,187,-1,0,0,-1
394,2,760,175,1108,340,-1,0,0,-1
395,1,83,212,831,187,-1,0,0,-1
395,2,757,173,1118,343,-1,0,0,-1
396,1,83,212,831,187,-1,0,0,-1
396,2,757,174,1111,341,-1,0,0,-1
397,1,83,212,831,187,-1,0,0,-1
397,2,758,175,1108,340,-1,0,0,-1
398,1,83,212,832,187,-1,0,0,-1
398,2,756,174,1110,341,-1,0,0,-1
399,1,83,212,831,187,-1,0,0,-1
399,2,756,174,1110,341,-1,0,0,-1
400,1,83,212,831,187,-1,0,0,-1
400,2,754,174,1113,342,-1,0,0,-1
401,1,83,212,831,187,-1,0,0,-1
401,2,753,174,1113,342,-1,0,0,-1
402,1,83,212,831,187,-1,0,0,-1
402,2,753,174,1113,342,-1,0,0,-1
403,1,83,212,831,187,-1,0,0,-1
403,2,753,174,1113,342,-1,0,0,-1
404,1,83,212,831,187,-1,0,0,-1
404,2,753,174,1113,342,-1,0,0,-1
405,1,83,212,831,187,-1,0,0,-1
405,2,742,174,1124,342,-1,0,0,-1
406,1,83,212,831,187,-1,0,0,-1
406,2,742,174,1124,342,-1,0,0,-1
407,1,83,212,831,187,-1,0,0,-1
407,2,741,174,1124,342,-1,0,0,-1
408,1,83,212,831,187,-1,0,0,-1
408,2,741,174,1125,342,-1,0,0,-1
409,1,83,212,831,187,-1,0,0,-1
409,2,741,174,1125,342,-1,0,0,-1
410,1,83,212,831,187,-1,0,0,-1
410,2,740,173,1125,342,-1,0,0,-1
411,1,83,212,831,187,-1,0,0,-1
411,2,741,174,1119,341,-1,0,0,-1
412,1,83,212,831,187,-1,0,0,-1
412,2,734,172,1132,344,-1,0,0,-1
413,1,83,212,831,187,-1,0,0,-1
413,2,739,174,1119,341,-1,0,0,-1
414,1,83,212,831,187,-1,0,0,-1
414,2,733,173,1120,343,-1,0,0,-1
415,1,83,212,831,187,-1,0,0,-1
415,2,733,173,1120,343,-1,0,0,-1
416,1,83,212,831,187,-1,0,0,-1
416,2,732,173,1121,343,-1,0,0,-1
417,1,83,212,831,187,-1,0,0,-1
417,2,731,173,1121,343,-1,0,0,-1
418,1,83,212,831,187,-1,0,0,-1
418,2,731,173,1118,343,-1,0,0,-1
419,1,83,212,831,187,-1,0,0,-1
419,2,727,172,1125,345,-1,0,0,-1
420,1,83,212,831,187,-1,0,0,-1
420,2,726,172,1126,345,-1,0,0,-1
421,1,83,212,831,187,-1,0,0,-1
421,2,731,174,1114,341,-1,0,0,-1
422,1,83,212,831,187,-1,0,0,-1
422,2,723,171,1129,346,-1,0,0,-1
423,1,83,212,831,187,-1,0,0,-1
423,2,721,170,1132,347,-1,0,0,-1
424,1,83,212,831,187,-1,0,0,-1
424,2,723,172,1124,344,-1,0,0,-1
425,1,83,212,831,187,-1,0,0,-1
425,2,719,170,1122,347,-1,0,0,-1
426,1,83,212,831,187,-1,0,0,-1
426,2,719,170,1122,347,-1,0,0,-1
427,1,83,212,831,187,-1,0,0,-1
427,2,718,170,1122,347,-1,0,0,-1
428,1,83,212,831,187,-1,0,0,-1
428,2,718,170,1123,347,-1,0,0,-1
429,1,83,212,831,187,-1,0,0,-1
429,2,718,170,1123,347,-1,0,0,-1
430,1,83,212,831,187,-1,0,0,-1
430,2,713,168,1129,349,-1,0,0,-1
431,1,83,212,830,187,-1,0,0,-1
431,2,711,168,1130,349,-1,0,0,-1
432,1,83,212,830,187,-1,0,0,-1
432,2,710,168,1131,350,-1,0,0,-1
433,1,83,212,830,187,-1,0,0,-1
433,2,710,168,1132,350,-1,0,0,-1
434,1,83,212,830,187,-1,0,0,-1
434,2,710,169,1125,348,-1,0,0,-1
435,1,83,212,830,187,-1,0,0,-1
435,2,706,167,1134,351,-1,0,0,-1
436,1,83,212,830,187,-1,0,0,-1
436,2,708,169,1127,349,-1,0,0,-1
437,1,83,212,830,187,-1,0,0,-1
437,2,714,168,1121,349,-1,0,0,-1
438,1,83,212,830,187,-1,0,0,-1
438,2,714,168,1121,349,-1,0,0,-1
439,1,83,212,830,187,-1,0,0,-1
439,2,713,168,1121,349,-1,0,0,-1
440,1,83,212,830,187,-1,0,0,-1
440,2,713,168,1122,349,-1,0,0,-1
441,1,83,212,830,187,-1,0,0,-1
441,2,712,168,1121,349,-1,0,0,-1
442,1,83,212,830,187,-1,0,0,-1
442,2,707,168,1125,349,-1,0,0,-1
443,1,83,212,830,187,-1,0,0,-1
443,2,707,168,1125,349,-1,0,0,-1
444,1,83,212,830,187,-1,0,0,-1
444,2,706,168,1125,349,-1,0,0,-1
445,1,83,212,830,187,-1,0,0,-1
445,2,706,168,1124,349,-1,0,0,-1
446,1,83,212,830,187,-1,0,0,-1
446,2,701,168,1129,349,-1,0,0,-1
447,1,83,212,830,187,-1,0,0,-1
447,2,701,168,1129,349,-1,0,0,-1
448,1,83,212,830,187,-1,0,0,-1
448,2,700,168,1129,349,-1,0,0,-1
449,1,83,212,830,187,-1,0,0,-1
449,2,700,168,1129,349,-1,0,0,-1
450,1,83,212,830,187,-1,0,0,-1
450,2,696,167,1134,351,-1,0,0,-1
451,1,83,212,830,187,-1,0,0,-1
451,2,695,166,1134,351,-1,0,0,-1
452,1,83,212,830,187,-1,0,0,-1
452,2,695,166,1129,351,-1,0,0,-1
453,1,83,212,830,187,-1,0,0,-1
453,2,695,166,1129,351,-1,0,0,-1
454,1,83,212,830,187,-1,0,0,-1
454,2,694,166,1129,351,-1,0,0,-1
455,1,83,212,830,187,-1,0,0,-1
455,2,694,166,1129,351,-1,0,0,-1
456,1,83,212,830,187,-1,0,0,-1
456,2,694,167,1124,349,-1,0,0,-1
457,1,83,212,830,187,-1,0,0,-1
457,2,689,166,1130,350,-1,0,0,-1
458,1,83,212,830,187,-1,0,0,-1
458,2,689,166,1130,350,-1,0,0,-1
459,1,83,212,831,187,-1,0,0,-1
459,2,688,166,1130,350,-1,0,0,-1
460,1,83,212,831,187,-1,0,0,-1
460,2,688,166,1131,350,-1,0,0,-1
461,1,83,212,831,187,-1,0,0,-1
461,2,687,166,1131,350,-1,0,0,-1
462,1,83,212,831,187,-1,0,0,-1
462,2,681,166,1136,350,-1,0,0,-1
463,1,83,212,831,187,-1,0,0,-1
463,2,681,166,1136,350,-1,0,0,-1
464,1,83,212,831,187,-1,0,0,-1
464,2,680,166,1136,350,-1,0,0,-1
465,1,83,212,831,187,-1,0,0,-1
465,2,680,166,1136,350,-1,0,0,-1
466,1,83,212,831,187,-1,0,0,-1
466,2,680,166,1134,349,-1,0,0,-1
467,1,83,212,831,187,-1,0,0,-1
467,2,675,167,1135,348,-1,0,0,-1
468,1,83,212,831,187,-1,0,0,-1
468,2,675,167,1135,348,-1,0,0,-1
469,1,83,212,831,187,-1,0,0,-1
469,2,674,167,1135,348,-1,0,0,-1
470,1,83,212,831,187,-1,0,0,-1
470,2,673,167,1135,348,-1,0,0,-1
471,1,83,212,831,187,-1,0,0,-1
471,2,673,167,1135,348,-1,0,0,-1
472,1,83,212,831,187,-1,0,0,-1
472,2,667,165,1138,350,-1,0,0,-1
473,1,83,212,830,187,-1,0,0,-1
473,2,666,165,1138,350,-1,0,0,-1
474,1,83,212,830,187,-1,0,0,-1
474,2,664,164,1141,351,-1,0,0,-1
475,1,83,212,830,187,-1,0,0,-1
475,2,665,165,1139,350,-1,0,0,-1
476,1,83,212,830,187,-1,0,0,-1
476,2,664,164,1140,351,-1,0,0,-1
477,1,83,212,830,187,-1,0,0,-1
477,2,659,163,1146,353,-1,0,0,-1
478,1,83,212,830,187,-1,0,0,-1
478,2,657,163,1148,353,-1,0,0,-1
479,1,83,212,830,187,-1,0,0,-1
479,2,656,162,1148,353,-1,0,0,-1
480,1,83,212,831,187,-1,0,0,-1
480,2,654,162,1150,354,-1,0,0,-1
481,1,83,212,831,187,-1,0,0,-1
481,2,654,163,1145,352,-1,0,0,-1
482,1,83,212,831,187,-1,0,0,-1
482,2,654,163,1145,352,-1,0,0,-1
483,1,83,212,831,187,-1,0,0,-1
483,2,654,163,1145,352,-1,0,0,-1
484,1,83,212,831,187,-1,0,0,-1
484,2,654,163,1145,352,-1,0,0,-1
485,1,83,212,831,187,-1,0,0,-1
485,2,654,163,1145,352,-1,0,0,-1
486,1,83,212,831,187,-1,0,0,-1
486,2,646,162,1151,354,-1,0,0,-1
487,1,83,212,831,187,-1,0,0,-1
487,2,646,162,1151,354,-1,0,0,-1
488,1,83,212,831,187,-1,0,0,-1
488,2,646,162,1151,354,-1,0,0,-1
489,1,83,212,831,187,-1,0,0,-1
489,2,645,161,1151,354,-1,0,0,-1
490,1,83,212,830,187,-1,0,0,-1
490,2,645,161,1152,354,-1,0,0,-1
491,1,83,212,830,187,-1,0,0,-1
491,2,645,161,1152,354,-1,0,0,-1
492,1,83,212,830,187,-1,0,0,-1
492,2,645,161,1152,354,-1,0,0,-1
493,1,83,212,830,187,-1,0,0,-1
493,2,639,161,1144,354,-1,0,0,-1
494,1,83,212,830,187,-1,0,0,-1
494,2,639,161,1144,354,-1,0,0,-1
495,1,83,212,830,187,-1,0,0,-1
495,2,638,161,1144,354,-1,0,0,-1
496,1,83,212,830,187,-1,0,0,-1
496,2,634,164,1147,351,-1,0,0,-1
497,1,83,212,830,187,-1,0,0,-1
497,2,634,164,1147,351,-1,0,0,-1
498,1,83,212,830,187,-1,0,0,-1
498,2,632,164,1149,352,-1,0,0,-1
499,1,83,212,830,187,-1,0,0,-1
499,2,632,164,1148,351,-1,0,0,-1
500,1,83,212,830,187,-1,0,0,-1
500,2,628,164,1150,350,-1,0,0,-1
501,1,83,212,830,187,-1,0,0,-1
501,2,628,164,1150,350,-1,0,0,-1
502,1,83,212,829,187,-1,0,0,-1
502,2,627,164,1150,350,-1,0,0,-1
503,1,83,212,829,187,-1,0,0,-1
503,2,625,164,1152,351,-1,0,0,-1
504,1,83,212,829,187,-1,0,0,-1
504,2,621,162,1148,352,-1,0,0,-1
505,1,83,213,829,186,-1,0,0,-1
505,2,620,162,1148,352,-1,0,0,-1
506,1,83,213,829,186,-1,0,0,-1
506,2,619,162,1150,353,-1,0,0,-1
507,1,83,213,829,186,-1,0,0,-1
507,2,618,161,1151,353,-1,0,0,-1
508,1,83,213,829,186,-1,0,0,-1
508,2,616,161,1152,353,-1,0,0,-1
509,1,83,213,828,186,-1,0,0,-1
509,2,612,160,1157,355,-1,0,0,-1
510,1,83,213,829,186,-1,0,0,-1
510,2,610,160,1154,355,-1,0,0,-1
511,1,83,213,828,186,-1,0,0,-1
511,2,609,160,1154,355,-1,0,0,-1
512,1,83,213,829,186,-1,0,0,-1
512,2,609,160,1155,355,-1,0,0,-1
513,1,83,213,828,186,-1,0,0,-1
513,2,608,160,1154,355,-1,0,0,-1
514,1,83,213,828,186,-1,0,0,-1
514,2,602,158,1161,357,-1,0,0,-1
515,1,83,213,828,186,-1,0,0,-1
515,2,608,160,1153,355,-1,0,0,-1
516,1,83,213,828,186,-1,0,0,-1
516,2,599,158,1163,358,-1,0,0,-1
517,1,83,213,829,186,-1,0,0,-1
517,2,600,159,1158,356,-1,0,0,-1
518,1,83,213,828,186,-1,0,0,-1
518,2,599,159,1158,356,-1,0,0,-1
519,1,83,213,829,186,-1,0,0,-1
519,2,599,159,1158,356,-1,0,0,-1
520,1,83,213,829,186,-1,0,0,-1
520,2,599,159,1158,356,-1,0,0,-1
521,1,83,213,829,186,-1,0,0,-1
521,2,590,159,1160,356,-1,0,0,-1
522,1,83,213,829,186,-1,0,0,-1
522,2,590,159,1160,356,-1,0,0,-1
523,1,83,213,829,186,-1,0,0,-1
523,2,589,159,1161,356,-1,0,0,-1
524,1,83,213,829,186,-1,0,0,-1
524,2,588,159,1160,356,-1,0,0,-1
525,1,83,213,829,186,-1,0,0,-1
525,2,588,159,1160,356,-1,0,0,-1
526,1,83,213,829,186,-1,0,0,-1
526,2,588,159,1160,356,-1,0,0,-1
527,1,83,213,829,186,-1,0,0,-1
527,2,581,157,1167,358,-1,0,0,-1
528,1,83,213,829,186,-1,0,0,-1
528,2,579,157,1168,358,-1,0,0,-1
529,1,83,213,829,186,-1,0,0,-1
529,2,583,156,1161,359,-1,0,0,-1
530,1,83,213,829,186,-1,0,0,-1
530,2,582,156,1161,359,-1,0,0,-1
531,1,83,213,829,186,-1,0,0,-1
531,2,581,156,1163,359,-1,0,0,-1
532,1,83,213,829,186,-1,0,0,-1
532,2,581,156,1162,359,-1,0,0,-1
533,1,83,213,829,186,-1,0,0,-1
533,2,580,156,1162,359,-1,0,0,-1
534,1,83,213,829,186,-1,0,0,-1
534,2,579,156,1163,360,-1,0,0,-1
535,1,83,213,829,186,-1,0,0,-1
535,2,580,156,1156,357,-1,0,0,-1
536,1,83,213,829,186,-1,0,0,-1
536,2,573,154,1170,362,-1,0,0,-1
537,1,83,213,829,186,-1,0,0,-1
537,2,573,154,1170,362,-1,0,0,-1
538,1,83,213,829,186,-1,0,0,-1
538,2,569,156,1165,358,-1,0,0,-1
539,1,83,213,829,186,-1,0,0,-1
539,2,569,156,1165,358,-1,0,0,-1
540,1,83,213,829,186,-1,0,0,-1
540,2,568,156,1165,358,-1,0,0,-1
541,1,83,213,829,186,-1,0,0,-1
541,2,568,156,1165,358,-1,0,0,-1
542,1,83,213,829,186,-1,0,0,-1
542,2,568,156,1165,358,-1,0,0,-1
543,1,83,213,829,186,-1,0,0,-1
543,2,567,156,1165,358,-1,0,0,-1
544,1,83,213,829,186,-1,0,0,-1
544,2,568,157,1159,356,-1,0,0,-1
545,1,83,213,829,186,-1,0,0,-1
545,2,562,155,1170,360,-1,0,0,-1
546,1,83,213,829,186,-1,0,0,-1
546,2,562,155,1169,359,-1,0,0,-1
547,1,83,213,829,186,-1,0,0,-1
547,2,563,156,1163,357,-1,0,0,-1
548,1,83,213,829,186,-1,0,0,-1
548,2,561,155,1167,359,-1,0,0,-1
549,1,83,213,829,186,-1,0,0,-1
549,2,567,158,1156,355,-1,0,0,-1
550,1,83,213,829,186,-1,0,0,-1
550,2,558,154,1173,360,-1,0,0,-1
