1,1,514,281,178,121,-1,0,0,-1
1,2,1507,379,210,160,-1,0,0,-1
2,1,514,281,178,121,-1,0,0,-1
2,2,1507,379,210,160,-1,0,0,-1
3,1,514,281,178,121,-1,0,0,-1
3,2,1507,379,210,160,-1,0,0,-1
4,1,514,281,178,121,-1,0,0,-1
4,2,1507,379,210,160,-1,0,0,-1
5,1,514,281,178,121,-1,0,0,-1
5,2,1507,379,210,160,-1,0,0,-1
6,1,514,281,178,121,-1,0,0,-1
6,2,1507,379,210,160,-1,0,0,-1
7,1,514,281,178,121,-1,0,0,-1
7,2,1507,379,210,160,-1,0,0,-1
8,1,514,281,178,121,-1,0,0,-1
8,2,1507,379,210,160,-1,0,0,-1
9,1,514,281,178,121,-1,0,0,-1
9,2,1507,379,210,160,-1,0,0,-1
10,1,514,281,178,121,-1,0,0,-1
10,2,1507,379,210,160,-1,0,0,-1
11,1,514,281,178,121,-1,0,0,-1
11,2,1507,379,210,160,-1,0,0,-1
12,1,514,281,178,121,-1,0,0,-1
12,2,1507,379,210,160,-1,0,0,-1
13,1,514,281,178,121,-1,0,0,-1
13,2,1507,379,210,160,-1,0,0,-1
14,1,514,281,178,121,-1,0,0,-1
14,2,1507,379,210,160,-1,0,0,-1
15,1,514,281,178,121,-1,0,0,-1
15,2,1507,379,210,160,-1,0,0,-1
16,1,514,281,178,121,-1,0,0,-1
16,2,1507,379,210,160,-1,0,0,-1
17,1,514,281,178,121,-1,0,0,-1
17,2,1507,379,210,160,-1,0,0,-1
18,1,514,281,178,121,-1,0,0,-1
18,2,1507,379,210,160,-1,0,0,-1
19,1,514,281,178,121,-1,0,0,-1
19,2,1507,379,210,160,-1,0,0,-1
20,1,514,281,178,121,-1,0,0,-1
20,2,1507,379,210,160,-1,0,0,-1
21,1,514,281,178,121,-1,0,0,-1
21,2,1507,379,210,160,-1,0,0,-1
22,1,514,281,178,121,-1,0,0,-1
22,2,1507,379,210,160,-1,0,0,-1
23,1,514,281,178,121,-1,0,0,-1
23,2,1507,379,210,160,-1,0,0,-1
24,1,514,281,178,121,-1,0,0,-1
24,2,1507,379,210,160,-1,0,0,-1
25,1,514,281,178,121,-1,0,0,-1
25,2,1507,379,210,160,-1,0,0,-1
26,1,514,281,178,121,-1,0,0,-1
26,2,1507,379,210,160,-1,0,0,-1
27,1,514,281,178,121,-1,0,0,-1
27,2,1507,379,210,160,-1,0,0,-1
28,1,514,281,178,121,-1,0,0,-1
28,2,1507,379,210,160,-1,0,0,-1
29,1,514,281,178,121,-1,0,0,-1
29,2,1507,379,210,160,-1,0,0,-1
30,1,514,281,178,121,-1,0,0,-1
30,2,1507,379,210,160,-1,0,0,-1
31,1,514,281,178,121,-1,0,0,-1
31,2,1507,379,210,160,-1,0,0,-1
32,1,514,281,178,121,-1,0,0,-1
32,2,1507,379,210,160,-1,0,0,-1
33,1,514,281,178,121,-1,0,0,-1
33,2,1507,379,210,160,-1,0,0,-1
34,1,514,281,178,121,-1,0,0,-1
34,2,1507,379,210,160,-1,0,0,-1
35,1,514,281,178,121,-1,0,0,-1
35,2,1507,379,210,160,-1,0,0,-1
36,1,514,281,178,121,-1,0,0,-1
36,2,1507,379,210,160,-1,0,0,-1
37,1,514,281,178,121,-1,0,0,-1
37,2,1507,379,210,160,-1,0,0,-1
38,1,514,281,178,121,-1,0,0,-1
38,2,1507,379,210,160,-1,0,0,-1
39,1,514,281,178,121,-1,0,0,-1
39,2,1507,379,210,160,-1,0,0,-1
40,1,514,281,178,121,-1,0,0,-1
40,2,1507,379,210,160,-1,0,0,-1
41,1,514,281,178,121,-1,0,0,-1
41,2,1507,379,210,160,-1,0,0,-1
42,1,514,281,178,121,-1,0,0,-1
42,2,1507,379,210,160,-1,0,0,-1
43,1,514,281,178,121,-1,0,0,-1
43,2,1507,379,210,160,-1,0,0,-1
44,1,514,281,178,121,-1,0,0,-1
44,2,1507,379,210,160,-1,0,0,-1
45,1,514,281,178,121,-1,0,0,-1
45,2,1507,379,210,160,-1,0,0,-1
46,1,514,281,178,121,-1,0,0,-1
46,2,1507,379,210,160,-1,0,0,-1
47,1,514,281,178,121,-1,0,0,-1
47,2,1507,379,210,160,-1,0,0,-1
48,1,514,281,178,121,-1,0,0,-1
48,2,1507,379,210,160,-1,0,0,-1
49,1,514,281,178,121,-1,0,0,-1
49,2,1507,379,210,160,-1,0,0,-1
50,1,514,281,178,121,-1,0,0,-1
50,2,1507,379,210,160,-1,0,0,-1
51,1,514,281,178,121,-1,0,0,-1
51,2,1507,379,210,160,-1,0,0,-1
52,1,514,281,178,121,-1,0,0,-1
52,2,1507,379,210,160,-1,0,0,-1
52,3,0,667,229,162,-1,0,0,-1
53,1,514,281,178,121,-1,0,0,-1
53,2,1507,379,210,160,-1,0,0,-1
53,3,1,667,241,163,-1,0,0,-1
54,1,514,281,178,121,-1,0,0,-1
54,2,1507,379,210,160,-1,0,0,-1
54,3,-1,667,253,163,-1,0,0,-1
55,1,514,281,178,121,-1,0,0,-1
55,2,1507,379,210,160,-1,0,0,-1
55,3,0,667,252,163,-1,0,0,-1
56,1,514,281,178,121,-1,0,0,-1
56,2,1507,379,210,160,-1,0,0,-1
56,3,-1,666,261,163,-1,0,0,-1
57,1,514,281,178,121,-1,0,0,-1
57,2,1507,379,210,160,-1,0,0,-1
57,3,-2,613,278,217,-1,0,0,-1
58,1,514,281,178,121,-1,0,0,-1
58,2,1507,379,210,160,-1,0,0,-1
58,3,-3,613,282,216,-1,0,0,-1
59,1,514,281,178,121,-1,0,0,-1
59,2,1507,379,210,160,-1,0,0,-1
59,3,1,613,279,216,-1,0,0,-1
60,1,514,281,178,121,-1,0,0,-1
60,2,1507,379,210,160,-1,0,0,-1
60,3,-1,613,292,216,-1,0,0,-1
61,1,514,281,178,121,-1,0,0,-1
61,2,1507,379,210,160,-1,0,0,-1
61,3,-1,613,304,216,-1,0,0,-1
62,1,514,281,178,121,-1,0,0,-1
62,2,1507,379,210,160,-1,0,0,-1
62,3,0,613,303,216,-1,0,0,-1
63,1,514,281,178,121,-1,0,0,-1
63,2,1507,379,210,160,-1,0,0,-1
63,3,4,613,303,216,-1,0,0,-1
64,1,514,281,178,121,-1,0,0,-1
64,2,1507,379,210,160,-1,0,0,-1
64,3,0,601,322,251,-1,0,0,-1
65,1,514,281,178,121,-1,0,0,-1
65,2,1507,379,210,160,-1,0,0,-1
65,3,-2,601,333,251,-1,0,0,-1
66,1,514,281,178,121,-1,0,0,-1
66,2,1507,379,210,160,-1,0,0,-1
66,3,0,601,331,251,-1,0,0,-1
67,1,514,281,178,121,-1,0,0,-1
67,2,1507,379,210,160,-1,0,0,-1
67,3,-1,599,338,256,-1,0,0,-1
68,1,514,281,178,121,-1,0,0,-1
68,2,1507,379,210,160,-1,0,0,-1
68,3,2,600,352,256,-1,0,0,-1
69,1,514,281,178,121,-1,0,0,-1
69,2,1507,379,210,160,-1,0,0,-1
69,3,-1,600,362,255,-1,0,0,-1
70,1,514,281,178,121,-1,0,0,-1
70,2,1507,379,210,160,-1,0,0,-1
70,3,0,600,361,255,-1,0,0,-1
71,1,514,281,178,121,-1,0,0,-1
71,2,1507,379,210,160,-1,0,0,-1
71,3,3,554,365,309,-1,0,0,-1
72,1,514,281,178,121,-1,0,0,-1
72,2,1507,379,210,160,-1,0,0,-1
72,3,4,554,379,309,-1,0,0,-1
73,1,514,281,178,121,-1,0,0,-1
73,2,1507,379,210,160,-1,0,0,-1
73,3,6,554,382,309,-1,0,0,-1
74,1,514,281,178,121,-1,0,0,-1
74,2,1507,379,210,160,-1,0,0,-1
74,3,7,554,382,309,-1,0,0,-1
75,1,514,281,178,121,-1,0,0,-1
75,2,1507,379,210,160,-1,0,0,-1
75,3,-2,538,400,324,-1,0,0,-1
76,1,514,281,178,121,-1,0,0,-1
76,2,1507,379,210,160,-1,0,0,-1
76,3,3,538,410,324,-1,0,0,-1
77,1,514,281,178,121,-1,0,0,-1
77,2,1507,379,210,160,-1,0,0,-1
77,3,1,538,414,324,-1,0,0,-1
78,1,514,281,178,121,-1,0,0,-1
78,2,1507,379,210,160,-1,0,0,-1
78,3,3,538,413,324,-1,0,0,-1
79,1,514,281,178,121,-1,0,0,-1
79,2,1507,379,210,160,-1,0,0,-1
79,3,-2,538,431,323,-1,0,0,-1
80,1,514,281,178,121,-1,0,0,-1
80,2,1507,379,210,160,-1,0,0,-1
80,3,0,538,440,323,-1,0,0,-1
81,1,514,281,178,121,-1,0,0,-1
81,2,1507,379,210,160,-1,0,0,-1
81,3,0,538,440,323,-1,0,0,-1
82,1,514,281,178,121,-1,0,0,-1
82,2,1507,379,210,160,-1,0,0,-1
82,3,4,538,440,323,-1,0,0,-1
83,1,514,281,178,121,-1,0,0,-1
83,2,1507,379,210,160,-1,0,0,-1
83,3,5,539,437,321,-1,0,0,-1
84,1,514,281,178,121,-1,0,0,-1
84,2,1507,379,210,160,-1,0,0,-1
84,3,-4,521,461,339,-1,0,0,-1
85,1,514,281,178,121,-1,0,0,-1
85,2,1507,379,210,160,-1,0,0,-1
85,3,-5,521,468,343,-1,0,0,-1
86,1,514,281,178,121,-1,0,0,-1
86,2,1507,379,210,160,-1,0,0,-1
86,3,1,521,468,343,-1,0,0,-1
87,1,514,281,178,121,-1,0,0,-1
87,2,1507,379,210,160,-1,0,0,-1
87,3,10,520,469,343,-1,0,0,-1
88,1,514,281,178,121,-1,0,0,-1
88,2,1507,379,210,160,-1,0,0,-1
88,3,-4,520,494,344,-1,0,0,-1
89,1,514,281,178,121,-1,0,0,-1
89,2,1507,379,210,160,-1,0,0,-1
89,3,2,520,490,344,-1,0,0,-1
90,1,514,281,178,121,-1,0,0,-1
90,2,1507,379,210,160,-1,0,0,-1
90,3,6,519,491,345,-1,0,0,-1
91,1,514,281,178,121,-1,0,0,-1
91,2,1507,379,210,160,-1,0,0,-1
91,3,1,520,508,351,-1,0,0,-1
92,1,514,281,178,121,-1,0,0,-1
92,2,1507,379,210,160,-1,0,0,-1
92,3,1,523,521,354,-1,0,0,-1
93,1,514,281,178,121,-1,0,0,-1
93,2,1507,379,210,160,-1,0,0,-1
93,3,1,523,521,354,-1,0,0,-1
94,1,514,281,178,121,-1,0,0,-1
94,2,1507,379,210,160,-1,0,0,-1
94,3,6,523,521,354,-1,0,0,-1
95,1,514,281,178,121,-1,0,0,-1
95,2,1507,379,210,160,-1,0,0,-1
95,3,-1,522,541,354,-1,0,0,-1
96,1,514,281,178,121,-1,0,0,-1
96,2,1507,379,210,160,-1,0,0,-1
96,3,-3,522,550,354,-1,0,0,-1
97,1,514,281,178,121,-1,0,0,-1
97,2,1507,379,210,160,-1,0,0,-1
97,3,0,522,547,354,-1,0,0,-1
98,1,514,281,178,121,-1,0,0,-1
98,2,1507,379,210,160,-1,0,0,-1
98,3,-1,522,555,354,-1,0,0,-1
99,1,514,281,178,121,-1,0,0,-1
99,2,1507,379,210,160,-1,0,0,-1
99,3,-1,522,570,353,-1,0,0,-1
100,1,514,281,178,121,-1,0,0,-1
100,2,1507,379,210,160,-1,0,0,-1
100,3,2,522,573,353,-1,0,0,-1
101,1,514,281,178,121,-1,0,0,-1
101,2,1507,379,210,160,-1,0,0,-1
101,3,2,522,573,353,-1,0,0,-1
102,1,514,281,178,121,-1,0,0,-1
102,2,1507,379,210,160,-1,0,0,-1
102,3,-1,522,587,353,-1,0,0,-1
103,1,514,281,178,121,-1,0,0,-1
103,2,1507,379,210,160,-1,0,0,-1
103,3,0,522,600,353,-1,0,0,-1
104,1,514,281,178,121,-1,0,0,-1
104,2,1507,379,210,160,-1,0,0,-1
104,3,1,522,605,353,-1,0,0,-1
105,1,514,281,178,121,-1,0,0,-1
105,2,1507,379,210,160,-1,0,0,-1
105,3,2,522,605,353,-1,0,0,-1
106,1,514,281,178,121,-1,0,0,-1
106,2,1507,379,210,160,-1,0,0,-1
106,3,-2,522,616,353,-1,0,0,-1
107,1,514,281,178,121,-1,0,0,-1
107,2,1507,379,210,160,-1,0,0,-1
107,3,3,522,625,353,-1,0,0,-1
108,1,514,281,178,121,-1,0,0,-1
108,2,1507,379,210,160,-1,0,0,-1
108,3,0,522,632,353,-1,0,0,-1
109,1,514,281,178,121,-1,0,0,-1
109,2,1507,379,210,160,-1,0,0,-1
109,3,2,522,632,353,-1,0,0,-1
110,1,514,281,178,121,-1,0,0,-1
110,2,1507,379,210,160,-1,0,0,-1
110,3,-2,522,647,353,-1,0,0,-1
111,1,514,281,178,121,-1,0,0,-1
111,2,1507,379,210,160,-1,0,0,-1
111,3,4,522,655,353,-1,0,0,-1
112,1,514,281,178,121,-1,0,0,-1
112,2,1507,379,210,160,-1,0,0,-1
112,3,4,522,655,353,-1,0,0,-1
113,1,514,281,178,121,-1,0,0,-1
113,2,1507,379,210,160,-1,0,0,-1
113,3,6,522,656,353,-1,0,0,-1
114,1,514,281,178,121,-1,0,0,-1
114,2,1507,379,210,160,-1,0,0,-1
114,3,3,522,671,354,-1,0,0,-1
115,1,514,281,178,121,-1,0,0,-1
115,2,1507,379,210,160,-1,0,0,-1
115,3,1,522,688,354,-1,0,0,-1
116,1,514,281,178,121,-1,0,0,-1
116,2,1507,379,210,160,-1,0,0,-1
116,3,2,522,688,354,-1,0,0,-1
117,1,514,281,178,121,-1,0,0,-1
117,2,1507,379,210,160,-1,0,0,-1
117,3,4,522,689,354,-1,0,0,-1
118,1,514,281,178,121,-1,0,0,-1
118,2,1507,379,210,160,-1,0,0,-1
118,3,2,520,706,357,-1,0,0,-1
119,1,514,281,178,121,-1,0,0,-1
119,2,1507,379,210,160,-1,0,0,-1
119,3,-3,520,723,357,-1,0,0,-1
120,1,514,281,178,121,-1,0,0,-1
120,2,1507,379,210,160,-1,0,0,-1
120,3,0,520,720,357,-1,0,0,-1
121,1,514,281,178,121,-1,0,0,-1
121,2,1507,379,210,160,-1,0,0,-1
121,3,3,520,720,357,-1,0,0,-1
122,1,514,281,178,121,-1,0,0,-1
122,2,1507,379,210,160,-1,0,0,-1
122,3,-2,520,738,357,-1,0,0,-1
123,1,514,281,178,121,-1,0,0,-1
123,2,1507,379,210,160,-1,0,0,-1
123,3,1,520,746,357,-1,0,0,-1
124,1,514,281,178,121,-1,0,0,-1
124,2,1507,379,210,160,-1,0,0,-1
124,3,2,520,746,357,-1,0,0,-1
125,1,514,281,178,121,-1,0,0,-1
125,2,1507,379,210,160,-1,0,0,-1
125,3,5,520,746,357,-1,0,0,-1
126,1,514,281,178,121,-1,0,0,-1
126,2,1507,379,210,160,-1,0,0,-1
126,3,0,520,765,357,-1,0,0,-1
127,1,514,281,178,121,-1,0,0,-1
127,2,1507,379,210,160,-1,0,0,-1
127,3,0,520,777,357,-1,0,0,-1
128,1,514,281,178,121,-1,0,0,-1
128,2,1507,379,210,160,-1,0,0,-1
128,3,0,520,777,357,-1,0,0,-1
129,1,514,281,178,121,-1,0,0,-1
129,2,1507,379,210,160,-1,0,0,-1
129,3,-2,520,784,357,-1,0,0,-1
130,1,514,281,178,121,-1,0,0,-1
130,2,1507,379,210,160,-1,0,0,-1
130,3,-1,519,798,357,-1,0,0,-1
131,1,514,281,178,121,-1,0,0,-1
131,2,1507,379,210,160,-1,0,0,-1
131,3,-1,520,804,355,-1,0,0,-1
132,1,514,281,178,121,-1,0,0,-1
132,2,1507,379,210,160,-1,0,0,-1
132,3,0,520,803,355,-1,0,0,-1
133,1,514,281,178,121,-1,0,0,-1
133,2,1507,379,210,160,-1,0,0,-1
133,3,0,520,809,355,-1,0,0,-1
134,1,514,281,178,121,-1,0,0,-1
134,2,1507,379,210,160,-1,0,0,-1
134,3,2,516,825,361,-1,0,0,-1
135,1,514,281,178,121,-1,0,0,-1
135,2,1507,379,210,160,-1,0,0,-1
135,3,-1,516,837,360,-1,0,0,-1
136,1,514,281,178,121,-1,0,0,-1
136,2,1507,379,210,160,-1,0,0,-1
136,3,2,518,837,358,-1,0,0,-1
137,1,514,281,178,121,-1,0,0,-1
137,2,1507,379,210,160,-1,0,0,-1
137,3,-3,518,837,358,-1,0,0,-1
138,1,514,281,178,121,-1,0,0,-1
138,2,1507,379,210,160,-1,0,0,-1
138,3,0,518,852,358,-1,0,0,-1
139,1,514,281,178,121,-1,0,0,-1
139,2,1507,379,210,160,-1,0,0,-1
139,3,4,517,856,360,-1,0,0,-1
140,1,514,281,178,121,-1,0,0,-1
140,2,1507,379,210,160,-1,0,0,-1
140,3,12,518,852,358,-1,0,0,-1
141,1,514,281,178,121,-1,0,0,-1
141,2,1507,379,210,160,-1,0,0,-1
141,3,19,518,853,358,-1,0,0,-1
142,1,514,281,178,121,-1,0,0,-1
142,2,1507,379,210,160,-1,0,0,-1
142,3,30,517,853,358,-1,0,0,-1
143,1,514,281,178,121,-1,0,0,-1
143,2,1507,379,210,160,-1,0,0,-1
143,3,31,517,853,359,-1,0,0,-1
144,1,514,281,178,121,-1,0,0,-1
144,2,1507,379,210,160,-1,0,0,-1
144,3,32,517,854,359,-1,0,0,-1
145,1,514,281,178,121,-1,0,0,-1
145,2,1507,379,210,160,-1,0,0,-1
145,3,43,518,853,359,-1,0,0,-1
146,1,514,281,178,121,-1,0,0,-1
146,2,1507,379,210,160,-1,0,0,-1
146,3,62,517,858,359,-1,0,0,-1
147,1,514,281,178,121,-1,0,0,-1
147,2,1507,379,210,160,-1,0,0,-1
147,3,66,517,857,358,-1,0,0,-1
148,1,514,281,178,121,-1,0,0,-1
148,2,1507,379,210,160,-1,0,0,-1
148,3,68,517,857,359,-1,0,0,-1
149,1,514,281,178,121,-1,0,0,-1
149,2,1507,379,210,160,-1,0,0,-1
149,3,77,517,858,359,-1,0,0,-1
150,1,514,281,178,121,-1,0,0,-1
150,2,1507,379,210,160,-1,0,0,-1
150,3,90,517,858,359,-1,0,0,-1
151,1,514,281,178,121,-1,0,0,-1
151,2,1507,379,210,160,-1,0,0,-1
151,3,94,517,857,359,-1,0,0,-1
152,1,514,281,178,121,-1,0,0,-1
152,2,1507,379,210,160,-1,0,0,-1
152,3,95,517,857,359,-1,0,0,-1
153,1,514,281,178,121,-1,0,0,-1
153,2,1507,379,210,160,-1,0,0,-1
153,3,105,517,858,359,-1,0,0,-1
154,1,514,281,178,121,-1,0,0,-1
154,2,1507,379,210,160,-1,0,0,-1
154,3,118,517,858,359,-1,0,0,-1
155,1,514,281,178,121,-1,0,0,-1
155,2,1507,379,210,160,-1,0,0,-1
155,3,119,517,858,359,-1,0,0,-1
156,1,514,281,178,121,-1,0,0,-1
156,2,1507,379,210,160,-1,0,0,-1
156,3,121,516,860,360,-1,0,0,-1
157,1,514,281,178,121,-1,0,0,-1
157,2,1507,379,210,160,-1,0,0,-1
157,3,135,516,859,360,-1,0,0,-1
158,1,514,281,178,121,-1,0,0,-1
158,2,1507,379,210,160,-1,0,0,-1
158,3,147,516,859,359,-1,0,0,-1
159,1,514,281,178,121,-1,0,0,-1
159,2,1507,379,210,160,-1,0,0,-1
159,3,147,516,859,359,-1,0,0,-1
160,1,514,281,178,121,-1,0,0,-1
160,2,1507,379,210,160,-1,0,0,-1
160,3,158,516,852,359,-1,0,0,-1
161,1,514,281,178,121,-1,0,0,-1
161,2,1507,379,210,160,-1,0,0,-1
161,3,173,516,850,358,-1,0,0,-1
162,1,514,281,178,121,-1,0,0,-1
162,2,1507,379,210,160,-1,0,0,-1
162,3,184,516,848,357,-1,0,0,-1
163,1,514,281,178,121,-1,0,0,-1
163,2,1507,379,210,160,-1,0,0,-1
163,3,185,516,848,358,-1,0,0,-1
164,1,514,281,178,121,-1,0,0,-1
164,2,1507,379,210,160,-1,0,0,-1
164,3,189,517,849,358,-1,0,0,-1
165,1,514,281,178,121,-1,0,0,-1
165,2,1507,379,210,160,-1,0,0,-1
165,3,189,517,849,358,-1,0,0,-1
166,1,514,281,178,121,-1,0,0,-1
166,2,1507,379,210,160,-1,0,0,-1
166,3,204,516,848,357,-1,0,0,-1
167,1,514,281,178,121,-1,0,0,-1
167,2,1507,379,210,160,-1,0,0,-1
167,3,212,516,847,357,-1,0,0,-1
168,1,514,281,178,121,-1,0,0,-1
168,2,1507,379,210,160,-1,0,0,-1
168,3,212,516,847,357,-1,0,0,-1
169,1,514,281,178,121,-1,0,0,-1
169,2,1507,379,210,160,-1,0,0,-1
169,3,219,517,848,357,-1,0,0,-1
170,1,514,281,178,121,-1,0,0,-1
170,2,1507,379,210,160,-1,0,0,-1
170,3,234,516,847,357,-1,0,0,-1
171,1,514,281,178,121,-1,0,0,-1
171,2,1507,379,210,160,-1,0,0,-1
171,3,239,516,847,357,-1,0,0,-1
172,1,514,281,178,121,-1,0,0,-1
172,2,1507,379,210,160,-1,0,0,-1
172,3,240,516,847,357,-1,0,0,-1
173,1,514,281,178,121,-1,0,0,-1
173,2,1507,379,210,160,-1,0,0,-1
173,3,247,517,851,357,-1,0,0,-1
174,1,514,281,178,121,-1,0,0,-1
174,2,1507,379,210,160,-1,0,0,-1
174,3,263,516,851,357,-1,0,0,-1
175,1,514,281,178,121,-1,0,0,-1
175,2,1507,379,210,160,-1,0,0,-1
175,3,270,516,850,357,-1,0,0,-1
176,1,514,281,178,121,-1,0,0,-1
176,2,1507,379,210,160,-1,0,0,-1
176,3,270,516,850,357,-1,0,0,-1
177,1,514,281,178,121,-1,0,0,-1
177,2,1507,379,210,160,-1,0,0,-1
177,3,277,517,850,356,-1,0,0,-1
178,1,514,281,178,121,-1,0,0,-1
178,2,1507,379,210,160,-1,0,0,-1
178,3,298,514,847,358,-1,0,0,-1
179,1,514,281,178,121,-1,0,0,-1
179,2,1507,379,210,160,-1,0,0,-1
179,3,303,514,846,358,-1,0,0,-1
180,1,514,281,178,121,-1,0,0,-1
180,2,1507,379,210,160,-1,0,0,-1
180,3,304,514,846,358,-1,0,0,-1
181,1,514,281,178,121,-1,0,0,-1
181,2,1507,379,210,160,-1,0,0,-1
181,3,307,513,852,360,-1,0,0,-1
182,1,514,281,178,121,-1,0,0,-1
182,2,1507,379,210,160,-1,0,0,-1
182,3,322,512,852,360,-1,0,0,-1
183,1,514,281,178,121,-1,0,0,-1
183,2,1507,379,210,160,-1,0,0,-1
183,3,331,512,850,359,-1,0,0,-1
184,1,514,281,178,121,-1,0,0,-1
184,2,1507,379,210,160,-1,0,0,-1
184,3,331,512,850,359,-1,0,0,-1
185,1,514,281,178,121,-1,0,0,-1
185,2,1507,379,210,160,-1,0,0,-1
185,3,338,512,851,360,-1,0,0,-1
186,1,514,281,178,121,-1,0,0,-1
186,2,1507,379,210,160,-1,0,0,-1
186,3,352,512,851,359,-1,0,0,-1
187,1,514,281,178,121,-1,0,0,-1
187,2,1507,379,210,160,-1,0,0,-1
187,3,356,512,850,359,-1,0,0,-1
188,1,514,281,178,121,-1,0,0,-1
188,2,1507,379,210,160,-1,0,0,-1
188,3,357,512,850,359,-1,0,0,-1
189,1,514,281,178,121,-1,0,0,-1
189,2,1507,379,210,160,-1,0,0,-1
189,3,368,512,849,359,-1,0,0,-1
190,1,514,281,178,121,-1,0,0,-1
190,2,1507,379,210,160,-1,0,0,-1
190,3,388,512,847,359,-1,0,0,-1
191,1,514,281,178,121,-1,0,0,-1
191,2,1507,379,210,160,-1,0,0,-1
191,3,391,512,846,359,-1,0,0,-1
192,1,514,281,178,121,-1,0,0,-1
192,2,1507,379,210,160,-1,0,0,-1
192,3,393,512,847,359,-1,0,0,-1
193,1,514,281,178,121,-1,0,0,-1
193,2,1507,379,210,160,-1,0,0,-1
193,3,406,512,846,358,-1,0,0,-1
194,1,514,281,178,121,-1,0,0,-1
194,2,1507,379,210,160,-1,0,0,-1
194,3,418,512,845,358,-1,0,0,-1
195,1,514,281,178,121,-1,0,0,-1
195,2,1507,379,210,160,-1,0,0,-1
195,3,418,512,845,358,-1,0,0,-1
196,1,514,281,178,121,-1,0,0,-1
196,2,1507,379,210,160,-1,0,0,-1
196,3,420,512,847,359,-1,0,0,-1
197,1,514,281,178,121,-1,0,0,-1
197,2,1507,379,210,160,-1,0,0,-1
197,3,433,512,846,359,-1,0,0,-1
198,1,514,281,178,121,-1,0,0,-1
198,2,1507,379,210,160,-1,0,0,-1
198,3,447,511,845,358,-1,0,0,-1
199,1,514,281,178,121,-1,0,0,-1
199,2,1507,379,210,160,-1,0,0,-1
199,3,447,511,845,358,-1,0,0,-1
200,1,514,281,178,121,-1,0,0,-1
200,2,1507,379,210,160,-1,0,0,-1
200,3,449,512,845,358,-1,0,0,-1
201,1,514,281,178,121,-1,0,0,-1
201,2,1507,379,210,160,-1,0,0,-1
201,3,460,512,850,358,-1,0,0,-1
202,1,514,281,178,121,-1,0,0,-1
202,2,1507,379,210,160,-1,0,0,-1
202,3,475,512,849,358,-1,0,0,-1
203,1,514,281,178,121,-1,0,0,-1
203,2,1507,379,210,160,-1,0,0,-1
203,3,477,512,849,358,-1,0,0,-1
204,1,514,281,178,121,-1,0,0,-1
204,2,1507,379,210,160,-1,0,0,-1
204,3,478,512,849,358,-1,0,0,-1
205,1,514,281,178,121,-1,0,0,-1
205,2,1507,379,210,160,-1,0,0,-1
205,3,486,512,850,358,-1,0,0,-1
206,1,514,281,178,121,-1,0,0,-1
206,2,1507,379,210,160,-1,0,0,-1
206,3,501,511,850,358,-1,0,0,-1
207,1,514,281,178,121,-1,0,0,-1
207,2,1507,379,210,160,-1,0,0,-1
207,3,504,511,850,358,-1,0,0,-1
208,1,514,281,178,121,-1,0,0,-1
208,2,1507,379,210,160,-1,0,0,-1
208,3,519,511,843,358,-1,0,0,-1
209,1,514,281,178,121,-1,0,0,-1
209,2,1507,379,210,160,-1,0,0,-1
209,3,527,511,843,358,-1,0,0,-1
210,1,514,281,178,121,-1,0,0,-1
210,2,1507,379,210,160,-1,0,0,-1
210,3,542,511,843,358,-1,0,0,-1
211,1,514,281,178,121,-1,0,0,-1
211,2,1507,379,210,160,-1,0,0,-1
211,3,547,511,842,358,-1,0,0,-1
212,1,514,281,178,121,-1,0,0,-1
212,2,1507,379,210,160,-1,0,0,-1
212,3,548,511,842,358,-1,0,0,-1
213,1,514,281,178,121,-1,0,0,-1
213,2,1507,379,210,160,-1,0,0,-1
213,3,554,511,841,357,-1,0,0,-1
214,1,514,281,178,121,-1,0,0,-1
214,2,1507,379,210,160,-1,0,0,-1
214,3,569,510,842,358,-1,0,0,-1
215,1,514,281,178,121,-1,0,0,-1
215,2,1507,379,210,160,-1,0,0,-1
215,3,579,510,841,357,-1,0,0,-1
216,1,514,281,178,121,-1,0,0,-1
216,2,1507,379,210,160,-1,0,0,-1
216,3,579,511,841,357,-1,0,0,-1
217,1,514,281,178,121,-1,0,0,-1
217,2,1507,379,210,160,-1,0,0,-1
217,3,584,511,840,357,-1,0,0,-1
218,1,514,281,178,121,-1,0,0,-1
218,2,1507,379,210,160,-1,0,0,-1
218,3,597,510,841,357,-1,0,0,-1
219,1,514,281,178,121,-1,0,0,-1
219,2,1507,379,210,160,-1,0,0,-1
219,3,606,510,842,357,-1,0,0,-1
220,1,514,281,178,121,-1,0,0,-1
220,2,1507,379,210,160,-1,0,0,-1
220,3,606,510,842,357,-1,0,0,-1
221,1,514,281,178,121,-1,0,0,-1
221,2,1507,379,210,160,-1,0,0,-1
221,3,611,510,843,357,-1,0,0,-1
222,1,514,281,178,121,-1,0,0,-1
222,2,1507,379,210,160,-1,0,0,-1
222,3,626,509,843,358,-1,0,0,-1
223,1,514,281,178,121,-1,0,0,-1
223,2,1507,379,210,160,-1,0,0,-1
223,3,636,509,843,357,-1,0,0,-1
224,1,514,281,178,121,-1,0,0,-1
224,2,1507,379,210,160,-1,0,0,-1
224,3,637,510,843,357,-1,0,0,-1
225,1,514,281,178,121,-1,0,0,-1
225,2,1507,379,210,160,-1,0,0,-1
225,3,642,510,843,357,-1,0,0,-1
226,1,514,281,178,121,-1,0,0,-1
226,2,1507,379,210,160,-1,0,0,-1
226,3,653,509,844,358,-1,0,0,-1
227,1,514,281,178,121,-1,0,0,-1
227,2,1507,379,210,160,-1,0,0,-1
227,3,664,509,844,358,-1,0,0,-1
228,1,514,281,178,121,-1,0,0,-1
228,2,1507,379,210,160,-1,0,0,-1
228,3,666,509,843,358,-1,0,0,-1
229,1,514,281,178,121,-1,0,0,-1
229,2,1507,379,210,160,-1,0,0,-1
229,3,668,509,844,358,-1,0,0,-1
230,1,514,281,178,121,-1,0,0,-1
230,2,1507,379,210,160,-1,0,0,-1
230,3,681,508,844,358,-1,0,0,-1
231,1,514,281,178,121,-1,0,0,-1
231,2,1507,379,210,160,-1,0,0,-1
231,3,695,508,844,358,-1,0,0,-1
232,1,514,281,178,121,-1,0,0,-1
232,2,1507,379,210,160,-1,0,0,-1
232,3,697,508,844,358,-1,0,0,-1
233,1,514,281,178,121,-1,0,0,-1
233,2,1507,379,210,160,-1,0,0,-1
233,3,698,509,843,358,-1,0,0,-1
234,1,514,281,178,121,-1,0,0,-1
234,2,1507,379,210,160,-1,0,0,-1
234,3,708,508,844,358,-1,0,0,-1
235,1,514,281,178,121,-1,0,0,-1
235,2,1507,379,210,160,-1,0,0,-1
235,3,722,508,845,358,-1,0,0,-1
236,1,514,281,178,121,-1,0,0,-1
236,2,1507,379,210,160,-1,0,0,-1
236,3,725,508,844,358,-1,0,0,-1
237,1,514,281,178,121,-1,0,0,-1
237,2,1507,379,210,160,-1,0,0,-1
237,3,725,508,844,358,-1,0,0,-1
238,1,514,281,178,121,-1,0,0,-1
238,2,1507,379,210,160,-1,0,0,-1
238,3,747,508,838,358,-1,0,0,-1
239,1,514,281,178,121,-1,0,0,-1
239,2,1507,379,210,160,-1,0,0,-1
239,3,762,508,838,358,-1,0,0,-1
240,1,514,281,178,121,-1,0,0,-1
240,2,1507,379,210,160,-1,0,0,-1
240,3,766,508,838,358,-1,0,0,-1
241,1,514,281,178,121,-1,0,0,-1
241,2,1507,379,210,160,-1,0,0,-1
241,3,767,508,838,358,-1,0,0,-1
242,1,514,281,178,121,-1,0,0,-1
242,2,1507,379,210,160,-1,0,0,-1
242,3,778,509,837,356,-1,0,0,-1
243,1,514,281,178,121,-1,0,0,-1
243,2,1507,379,210,160,-1,0,0,-1
243,3,793,508,839,357,-1,0,0,-1
244,1,514,281,178,121,-1,0,0,-1
244,2,1507,379,210,160,-1,0,0,-1
244,3,803,509,829,353,-1,0,0,-1
245,1,514,281,178,121,-1,0,0,-1
245,2,1507,379,210,160,-1,0,0,-1
245,3,804,510,829,352,-1,0,0,-1
246,1,514,281,178,121,-1,0,0,-1
246,2,1507,379,210,160,-1,0,0,-1
246,3,808,511,831,351,-1,0,0,-1
247,1,514,281,178,121,-1,0,0,-1
247,2,1507,379,210,160,-1,0,0,-1
247,3,808,511,831,351,-1,0,0,-1
248,1,514,281,178,121,-1,0,0,-1
248,2,1507,379,210,160,-1,0,0,-1
248,3,821,513,827,345,-1,0,0,-1
249,1,514,281,178,121,-1,0,0,-1
249,2,1507,379,210,160,-1,0,0,-1
249,3,835,513,826,345,-1,0,0,-1
250,1,514,281,178,121,-1,0,0,-1
250,2,1507,379,210,160,-1,0,0,-1
250,3,839,515,826,343,-1,0,0,-1
251,1,514,281,178,121,-1,0,0,-1
251,2,1507,379,210,160,-1,0,0,-1
251,3,843,516,824,342,-1,0,0,-1
252,1,514,281,178,121,-1,0,0,-1
252,2,1507,379,210,160,-1,0,0,-1
252,3,852,517,818,337,-1,0,0,-1
253,1,514,281,178,121,-1,0,0,-1
253,2,1507,379,210,160,-1,0,0,-1
253,3,869,518,810,334,-1,0,0,-1
254,1,514,281,178,121,-1,0,0,-1
254,2,1507,379,210,160,-1,0,0,-1
254,3,865,521,814,330,-1,0,0,-1
255,1,514,281,178,121,-1,0,0,-1
255,2,1507,379,210,160,-1,0,0,-1
255,3,867,523,812,327,-1,0,0,-1
256,1,514,281,178,121,-1,0,0,-1
256,2,1507,379,210,160,-1,0,0,-1
256,3,868,524,815,327,-1,0,0,-1
257,1,514,281,178,121,-1,0,0,-1
257,2,1507,379,210,160,-1,0,0,-1
257,3,881,525,813,325,-1,0,0,-1
258,1,514,281,178,121,-1,0,0,-1
258,2,1507,379,210,160,-1,0,0,-1
258,3,894,528,800,320,-1,0,0,-1
259,1,514,281,178,121,-1,0,0,-1
259,2,1507,379,210,160,-1,0,0,-1
259,3,895,528,801,320,-1,0,0,-1
260,1,514,281,178,121,-1,0,0,-1
260,2,1507,379,210,160,-1,0,0,-1
260,3,895,528,801,320,-1,0,0,-1
261,1,514,281,178,121,-1,0,0,-1
261,2,1507,379,210,160,-1,0,0,-1
261,3,908,531,793,312,-1,0,0,-1
262,1,514,281,178,121,-1,0,0,-1
262,2,1507,379,210,160,-1,0,0,-1
262,3,913,534,789,308,-1,0,0,-1
263,1,514,281,178,121,-1,0,0,-1
263,2,1507,379,210,160,-1,0,0,-1
263,3,918,537,784,304,-1,0,0,-1
264,1,514,281,178,121,-1,0,0,-1
264,2,1507,379,210,160,-1,0,0,-1
264,3,928,540,777,299,-1,0,0,-1
265,1,514,281,178,121,-1,0,0,-1
265,2,1507,379,210,160,-1,0,0,-1
265,3,935,543,764,294,-1,0,0,-1
266,1,514,281,178,121,-1,0,0,-1
266,2,1507,379,210,160,-1,0,0,-1
266,3,942,546,756,288,-1,0,0,-1
267,1,514,281,178,121,-1,0,0,-1
267,2,1507,379,210,160,-1,0,0,-1
267,3,953,550,745,281,-1,0,0,-1
268,1,514,281,178,121,-1,0,0,-1
268,2,1507,379,210,160,-1,0,0,-1
268,3,961,553,739,275,-1,0,0,-1
269,1,514,281,178,121,-1,0,0,-1
269,2,1507,379,210,160,-1,0,0,-1
269,3,976,557,723,269,-1,0,0,-1
270,1,514,281,178,121,-1,0,0,-1
270,2,1507,379,210,160,-1,0,0,-1
270,3,977,556,723,269,-1,0,0,-1
271,1,514,281,178,121,-1,0,0,-1
271,2,1507,379,210,160,-1,0,0,-1
271,3,978,556,723,271,-1,0,0,-1
272,1,514,281,178,121,-1,0,0,-1
272,2,1507,379,210,160,-1,0,0,-1
272,3,1005,560,704,270,-1,0,0,-1
273,1,514,281,178,121,-1,0,0,-1
273,2,1507,379,210,160,-1,0,0,-1
273,3,1007,564,707,263,-1,0,0,-1
274,1,514,281,178,121,-1,0,0,-1
274,2,1507,379,210,160,-1,0,0,-1
274,3,1012,564,711,263,-1,0,0,-1
275,1,514,281,178,121,-1,0,0,-1
275,2,1507,379,210,160,-1,0,0,-1
275,3,1012,567,726,256,-1,0,0,-1
276,1,514,281,178,121,-1,0,0,-1
276,2,1507,379,210,160,-1,0,0,-1
276,3,1016,572,734,255,-1,0,0,-1
277,1,514,281,178,121,-1,0,0,-1
277,2,1507,379,210,160,-1,0,0,-1
277,3,1021,572,745,254,-1,0,0,-1
278,1,514,281,178,121,-1,0,0,-1
278,2,1507,379,210,160,-1,0,0,-1
278,3,1021,574,757,249,-1,0,0,-1
279,1,514,281,178,121,-1,0,0,-1
279,2,1507,379,210,160,-1,0,0,-1
279,3,1021,576,772,247,-1,0,0,-1
280,1,514,281,178,121,-1,0,0,-1
280,2,1507,379,210,160,-1,0,0,-1
280,3,1025,575,781,248,-1,0,0,-1
281,1,514,281,178,121,-1,0,0,-1
281,2,1507,379,210,160,-1,0,0,-1
281,3,1025,574,794,253,-1,0,0,-1
282,1,514,281,178,121,-1,0,0,-1
282,2,1507,379,210,160,-1,0,0,-1
282,3,1031,573,800,253,-1,0,0,-1
283,1,514,281,178,121,-1,0,0,-1
283,2,1507,379,210,160,-1,0,0,-1
283,3,1033,570,813,255,-1,0,0,-1
284,1,514,281,178,121,-1,0,0,-1
284,2,1507,379,210,160,-1,0,0,-1
284,3,1038,570,819,255,-1,0,0,-1
285,1,514,281,178,121,-1,0,0,-1
285,2,1507,379,210,160,-1,0,0,-1
285,3,1038,569,833,255,-1,0,0,-1
286,1,514,281,178,121,-1,0,0,-1
286,2,1507,379,210,160,-1,0,0,-1
286,3,1041,568,838,256,-1,0,0,-1
287,1,514,281,178,121,-1,0,0,-1
287,2,1507,379,210,160,-1,0,0,-1
287,3,1042,561,852,263,-1,0,0,-1
288,1,514,281,178,121,-1,0,0,-1
288,2,1507,379,210,160,-1,0,0,-1
288,3,1043,558,862,266,-1,0,0,-1
289,1,514,281,178,121,-1,0,0,-1
289,2,1507,379,210,160,-1,0,0,-1
289,3,1050,557,868,259,-1,0,0,-1
290,1,514,281,178,121,-1,0,0,-1
290,2,1507,379,210,160,-1,0,0,-1
290,3,1056,556,863,259,-1,0,0,-1
291,1,514,281,178,121,-1,0,0,-1
291,2,1507,379,210,160,-1,0,0,-1
291,3,1056,556,863,259,-1,0,0,-1
292,1,514,281,178,121,-1,0,0,-1
292,2,1507,379,210,160,-1,0,0,-1
292,3,1064,552,855,263,-1,0,0,-1
293,1,514,281,178,121,-1,0,0,-1
293,2,1507,379,210,160,-1,0,0,-1
293,3,1064,546,855,258,-1,0,0,-1
294,1,514,281,178,121,-1,0,0,-1
294,2,1507,379,210,160,-1,0,0,-1
294,3,1074,546,845,258,-1,0,0,-1
295,1,514,281,178,121,-1,0,0,-1
295,2,1507,379,210,160,-1,0,0,-1
295,3,1081,543,842,259,-1,0,0,-1
296,1,514,281,178,121,-1,0,0,-1
296,2,1507,379,210,160,-1,0,0,-1
296,3,1086,543,834,251,-1,0,0,-1
297,1,514,281,178,121,-1,0,0,-1
297,2,1507,379,210,160,-1,0,0,-1
297,3,1086,542,835,251,-1,0,0,-1
298,1,514,281,178,121,-1,0,0,-1
298,2,1507,379,210,160,-1,0,0,-1
298,3,1086,542,835,251,-1,0,0,-1
299,1,514,281,178,121,-1,0,0,-1
299,2,1507,379,210,160,-1,0,0,-1
299,3,1103,537,818,256,-1,0,0,-1
300,1,514,281,178,121,-1,0,0,-1
300,2,1507,379,210,160,-1,0,0,-1
300,3,1104,536,817,247,-1,0,0,-1
301,1,514,281,178,121,-1,0,0,-1
301,2,1507,379,210,160,-1,0,0,-1
301,3,1104,536,816,247,-1,0,0,-1
302,1,514,281,178,121,-1,0,0,-1
302,2,1507,379,210,160,-1,0,0,-1
302,3,1104,532,816,251,-1,0,0,-1
303,1,514,281,178,121,-1,0,0,-1
303,2,1507,379,210,160,-1,0,0,-1
303,3,1105,530,815,243,-1,0,0,-1
304,1,514,281,178,121,-1,0,0,-1
304,2,1507,379,210,160,-1,0,0,-1
304,3,1106,529,814,243,-1,0,0,-1
305,1,514,281,178,121,-1,0,0,-1
305,2,1507,379,210,160,-1,0,0,-1
305,3,1122,529,798,243,-1,0,0,-1
306,1,514,281,178,121,-1,0,0,-1
306,2,1507,379,210,160,-1,0,0,-1
306,3,1123,521,796,248,-1,0,0,-1
307,1,514,281,178,121,-1,0,0,-1
307,2,1507,379,210,160,-1,0,0,-1
307,3,1124,519,793,247,-1,0,0,-1
308,1,514,281,178,121,-1,0,0,-1
308,2,1507,379,210,160,-1,0,0,-1
308,3,1125,519,791,241,-1,0,0,-1
309,1,514,281,178,121,-1,0,0,-1
309,2,1507,379,210,160,-1,0,0,-1
309,3,1125,517,797,243,-1,0,0,-1
310,1,514,281,178,121,-1,0,0,-1
310,2,1507,379,210,160,-1,0,0,-1
310,3,1125,515,793,243,-1,0,0,-1
311,1,514,281,178,121,-1,0,0,-1
311,2,1507,379,210,160,-1,0,0,-1
311,3,1125,514,793,233,-1,0,0,-1
312,1,514,281,178,121,-1,0,0,-1
312,2,1507,379,210,160,-1,0,0,-1
312,3,1125,514,793,233,-1,0,0,-1
313,1,514,281,178,121,-1,0,0,-1
313,2,1507,379,210,160,-1,0,0,-1
313,3,1125,510,793,236,-1,0,0,-1
314,1,514,281,178,121,-1,0,0,-1
314,2,1507,379,210,160,-1,0,0,-1
314,3,1125,508,792,236,-1,0,0,-1
315,1,514,281,178,121,-1,0,0,-1
315,2,1507,379,210,160,-1,0,0,-1
315,3,1125,502,796,234,-1,0,0,-1
316,1,514,281,178,121,-1,0,0,-1
316,2,1507,379,210,160,-1,0,0,-1
316,3,1125,501,795,234,-1,0,0,-1
317,1,514,281,178,121,-1,0,0,-1
317,2,1507,379,210,160,-1,0,0,-1
317,3,1125,501,794,234,-1,0,0,-1
318,1,514,281,178,121,-1,0,0,-1
318,2,1507,379,210,160,-1,0,0,-1
318,3,1126,500,792,233,-1,0,0,-1
319,1,514,281,178,121,-1,0,0,-1
319,2,1507,379,210,160,-1,0,0,-1
319,3,1125,498,792,233,-1,0,0,-1
320,1,514,281,178,121,-1,0,0,-1
320,2,1507,379,210,160,-1,0,0,-1
320,3,1124,498,794,225,-1,0,0,-1
321,1,514,281,178,121,-1,0,0,-1
321,2,1507,379,210,160,-1,0,0,-1
321,3,1124,498,794,225,-1,0,0,-1
322,1,514,281,178,121,-1,0,0,-1
322,2,1507,379,210,160,-1,0,0,-1
322,3,1124,496,798,224,-1,0,0,-1
323,1,514,281,178,121,-1,0,0,-1
323,2,1507,379,210,160,-1,0,0,-1
323,3,1125,492,790,222,-1,0,0,-1
324,1,514,281,178,121,-1,0,0,-1
324,2,1507,379,210,160,-1,0,0,-1
324,3,1124,489,798,225,-1,0,0,-1
325,1,514,281,178,121,-1,0,0,-1
325,2,1507,379,210,160,-1,0,0,-1
325,3,1124,489,796,225,-1,0,0,-1
326,1,514,281,178,121,-1,0,0,-1
326,2,1507,379,210,160,-1,0,0,-1
326,3,1124,487,796,225,-1,0,0,-1
327,1,514,281,178,121,-1,0,0,-1
327,2,1507,379,210,160,-1,0,0,-1
327,3,1124,485,794,224,-1,0,0,-1
328,1,514,281,178,121,-1,0,0,-1
328,2,1507,379,210,160,-1,0,0,-1
328,3,1124,485,793,224,-1,0,0,-1
329,1,514,281,178,121,-1,0,0,-1
329,2,1507,379,210,160,-1,0,0,-1
329,3,1124,486,796,223,-1,0,0,-1
330,1,514,281,178,121,-1,0,0,-1
330,2,1507,379,210,160,-1,0,0,-1
330,3,1124,486,796,223,-1,0,0,-1
331,1,514,281,178,121,-1,0,0,-1
331,2,1507,379,210,160,-1,0,0,-1
331,3,1124,485,795,223,-1,0,0,-1
332,1,514,281,178,121,-1,0,0,-1
332,2,1507,379,210,160,-1,0,0,-1
332,3,1124,484,794,222,-1,0,0,-1
333,1,514,281,178,121,-1,0,0,-1
333,2,1507,379,210,160,-1,0,0,-1
333,3,1124,477,794,222,-1,0,0,-1
334,1,514,281,178,121,-1,0,0,-1
334,2,1507,379,210,160,-1,0,0,-1
334,3,1122,477,796,222,-1,0,0,-1
335,1,514,281,178,121,-1,0,0,-1
335,2,1507,379,210,160,-1,0,0,-1
335,3,1122,476,795,222,-1,0,0,-1
336,1,514,281,178,121,-1,0,0,-1
336,2,1507,379,210,160,-1,0,0,-1
336,3,1121,471,794,217,-1,0,0,-1
337,1,514,281,178,121,-1,0,0,-1
337,2,1507,379,210,160,-1,0,0,-1
337,3,1121,470,793,217,-1,0,0,-1
338,1,514,281,178,121,-1,0,0,-1
338,2,1507,379,210,160,-1,0,0,-1
338,3,1121,470,793,217,-1,0,0,-1
339,1,514,281,178,121,-1,0,0,-1
339,2,1507,379,210,160,-1,0,0,-1
339,3,1124,466,798,218,-1,0,0,-1
340,1,514,281,178,121,-1,0,0,-1
340,2,1507,379,210,160,-1,0,0,-1
340,3,1125,466,792,214,-1,0,0,-1
341,1,514,281,178,121,-1,0,0,-1
341,2,1507,379,210,160,-1,0,0,-1
341,3,1125,464,790,213,-1,0,0,-1
342,1,514,281,178,121,-1,0,0,-1
342,2,1507,379,210,160,-1,0,0,-1
342,3,1125,464,797,211,-1,0,0,-1
343,1,514,281,178,121,-1,0,0,-1
343,2,1507,379,210,160,-1,0,0,-1
343,3,1125,464,795,211,-1,0,0,-1
344,1,514,281,178,121,-1,0,0,-1
344,2,1507,379,210,160,-1,0,0,-1
344,3,1125,462,793,210,-1,0,0,-1
345,1,514,281,178,121,-1,0,0,-1
345,2,1507,379,210,160,-1,0,0,-1
345,3,1125,460,791,203,-1,0,0,-1
346,1,514,281,178,121,-1,0,0,-1
346,2,1507,379,210,160,-1,0,0,-1
346,3,1125,460,791,203,-1,0,0,-1
347,1,514,281,178,121,-1,0,0,-1
347,2,1507,379,210,160,-1,0,0,-1
347,3,1125,460,791,203,-1,0,0,-1
348,1,514,281,178,121,-1,0,0,-1
348,2,1507,379,210,160,-1,0,0,-1
348,3,1122,457,791,202,-1,0,0,-1
349,1,514,281,178,121,-1,0,0,-1
349,2,1507,379,210,160,-1,0,0,-1
349,3,1122,455,789,201,-1,0,0,-1
350,1,514,281,178,121,-1,0,0,-1
350,2,1507,379,210,160,-1,0,0,-1
350,3,1122,454,799,201,-1,0,0,-1
351,1,514,281,178,121,-1,0,0,-1
351,2,1507,379,210,160,-1,0,0,-1
351,3,1122,453,798,201,-1,0,0,-1
352,1,514,281,178,121,-1,0,0,-1
352,2,1507,379,210,160,-1,0,0,-1
352,3,1122,452,795,200,-1,0,0,-1
353,1,514,281,178,121,-1,0,0,-1
353,2,1507,379,210,160,-1,0,0,-1
353,3,1123,451,794,200,-1,0,0,-1
354,1,514,281,178,121,-1,0,0,-1
354,2,1507,379,210,160,-1,0,0,-1
354,3,1118,450,798,200,-1,0,0,-1
355,1,514,281,178,121,-1,0,0,-1
355,2,1507,379,210,160,-1,0,0,-1
355,3,1118,450,797,200,-1,0,0,-1
356,1,514,281,178,121,-1,0,0,-1
356,2,1507,379,210,160,-1,0,0,-1
356,3,1119,449,796,199,-1,0,0,-1
357,1,514,281,178,121,-1,0,0,-1
357,2,1507,379,210,160,-1,0,0,-1
357,3,1120,447,800,198,-1,0,0,-1
358,1,514,281,178,121,-1,0,0,-1
358,2,1507,379,210,160,-1,0,0,-1
358,3,1120,445,797,197,-1,0,0,-1
359,1,514,281,178,121,-1,0,0,-1
359,2,1507,379,210,160,-1,0,0,-1
359,3,1120,445,798,198,-1,0,0,-1
360,1,514,281,178,121,-1,0,0,-1
360,2,1507,379,210,160,-1,0,0,-1
360,3,1120,445,798,191,-1,0,0,-1
361,1,514,281,178,121,-1,0,0,-1
361,2,1507,379,210,160,-1,0,0,-1
361,3,1120,443,796,191,-1,0,0,-1
362,1,514,281,178,121,-1,0,0,-1
362,2,1507,379,210,160,-1,0,0,-1
362,3,1122,441,789,189,-1,0,0,-1
363,1,514,281,178,121,-1,0,0,-1
363,2,1507,379,210,160,-1,0,0,-1
363,3,1120,440,792,189,-1,0,0,-1
364,1,514,281,178,121,-1,0,0,-1
364,2,1507,379,210,160,-1,0,0,-1
364,3,1117,438,798,191,-1,0,0,-1
365,1,514,281,178,121,-1,0,0,-1
365,2,1507,379,210,160,-1,0,0,-1
365,3,1118,436,796,190,-1,0,0,-1
366,1,514,281,178,121,-1,0,0,-1
366,2,1507,379,210,160,-1,0,0,-1
366,3,1118,435,795,190,-1,0,0,-1
367,1,514,281,178,121,-1,0,0,-1
367,2,1507,379,210,160,-1,0,0,-1
367,3,1118,435,794,190,-1,0,0,-1
368,1,514,281,178,121,-1,0,0,-1
368,2,1507,379,210,160,-1,0,0,-1
368,3,1119,435,793,190,-1,0,0,-1
369,1,514,281,178,121,-1,0,0,-1
369,2,1507,379,210,160,-1,0,0,-1
369,3,1120,433,787,189,-1,0,0,-1
370,1,514,281,178,121,-1,0,0,-1
370,2,1507,379,210,160,-1,0,0,-1
370,3,1120,432,787,189,-1,0,0,-1
371,1,514,281,178,121,-1,0,0,-1
371,2,1507,379,210,160,-1,0,0,-1
371,3,1120,426,786,191,-1,0,0,-1
372,1,514,281,178,121,-1,0,0,-1
372,2,1507,379,210,160,-1,0,0,-1
372,3,1120,424,784,190,-1,0,0,-1
373,1,514,281,178,121,-1,0,0,-1
373,2,1507,379,210,160,-1,0,0,-1
373,3,1120,421,780,190,-1,0,0,-1
374,1,514,281,178,121,-1,0,0,-1
374,2,1507,379,210,160,-1,0,0,-1
374,3,1119,422,784,190,-1,0,0,-1
375,1,514,281,178,121,-1,0,0,-1
375,2,1507,379,210,160,-1,0,0,-1
375,3,1121,421,779,189,-1,0,0,-1
376,1,514,281,178,121,-1,0,0,-1
376,2,1507,379,210,160,-1,0,0,-1
376,3,1120,422,782,190,-1,0,0,-1
377,1,514,281,178,121,-1,0,0,-1
377,2,1507,379,210,160,-1,0,0,-1
377,3,1121,422,780,190,-1,0,0,-1
378,1,514,281,178,121,-1,0,0,-1
378,2,1507,379,210,160,-1,0,0,-1
378,3,1120,421,781,190,-1,0,0,-1
379,1,514,281,178,121,-1,0,0,-1
379,2,1507,379,210,160,-1,0,0,-1
379,3,1119,422,784,190,-1,0,0,-1
380,1,514,281,178,121,-1,0,0,-1
380,2,1507,379,210,160,-1,0,0,-1
380,3,1120,422,777,190,-1,0,0,-1
381,1,514,281,178,121,-1,0,0,-1
381,2,1507,379,210,160,-1,0,0,-1
381,3,1120,422,777,190,-1,0,0,-1
382,1,514,281,178,121,-1,0,0,-1
382,2,1507,379,210,160,-1,0,0,-1
382,3,1120,422,777,190,-1,0,0,-1
383,1,514,281,178,121,-1,0,0,-1
383,2,1507,379,210,160,-1,0,0,-1
383,3,1120,422,777,190,-1,0,0,-1
384,1,514,281,178,121,-1,0,0,-1
384,2,1507,379,210,160,-1,0,0,-1
384,3,1120,422,777,190,-1,0,0,-1
385,1,514,281,178,121,-1,0,0,-1
385,2,1507,379,210,160,-1,0,0,-1
385,3,1120,422,777,190,-1,0,0,-1
386,1,514,281,178,121,-1,0,0,-1
386,2,1507,379,210,160,-1,0,0,-1
386,3,1120,422,777,190,-1,0,0,-1
387,1,514,281,178,121,-1,0,0,-1
387,2,1507,379,210,160,-1,0,0,-1
387,3,1120,422,777,190,-1,0,0,-1
388,1,514,281,178,121,-1,0,0,-1
388,2,1507,379,210,160,-1,0,0,-1
388,3,1120,422,777,190,-1,0,0,-1
389,1,514,281,178,121,-1,0,0,-1
389,2,1507,379,210,160,-1,0,0,-1
389,3,1120,422,777,190,-1,0,0,-1
390,1,514,281,178,121,-1,0,0,-1
390,2,1507,379,210,160,-1,0,0,-1
390,3,1120,422,777,190,-1,0,0,-1
391,1,514,281,178,121,-1,0,0,-1
391,2,1507,379,210,160,-1,0,0,-1
391,3,1120,422,777,190,-1,0,0,-1
392,1,514,281,178,121,-1,0,0,-1
392,2,1507,379,210,160,-1,0,0,-1
392,3,1120,422,777,190,-1,0,0,-1
393,1,514,281,178,121,-1,0,0,-1
393,2,1507,379,210,160,-1,0,0,-1
393,3,1120,422,777,190,-1,0,0,-1
394,1,514,281,178,121,-1,0,0,-1
394,2,1507,379,210,160,-1,0,0,-1
394,3,1120,422,777,190,-1,0,0,-1
395,1,514,281,178,121,-1,0,0,-1
395,2,1507,379,210,160,-1,0,0,-1
395,3,1120,422,777,190,-1,0,0,-1
396,1,514,281,178,121,-1,0,0,-1
396,2,1507,379,210,160,-1,0,0,-1
396,3,1120,422,777,190,-1,0,0,-1
397,1,514,281,178,121,-1,0,0,-1
397,2,1507,379,210,160,-1,0,0,-1
397,3,1120,422,777,190,-1,0,0,-1
398,1,514,281,178,121,-1,0,0,-1
398,2,1507,379,210,160,-1,0,0,-1
398,3,1120,422,777,190,-1,0,0,-1
399,1,514,281,178,121,-1,0,0,-1
399,2,1507,379,210,160,-1,0,0,-1
399,3,1120,422,777,190,-1,0,0,-1
400,1,514,281,178,121,-1,0,0,-1
400,2,1507,379,210,160,-1,0,0,-1
400,3,1120,422,777,190,-1,0,0,-1
401,1,514,281,178,121,-1,0,0,-1
401,2,1507,379,210,160,-1,0,0,-1
401,3,1120,422,777,190,-1,0,0,-1
402,1,514,281,178,121,-1,0,0,-1
402,2,1507,379,210,160,-1,0,0,-1
402,3,1120,422,777,190,-1,0,0,-1
403,1,514,281,178,121,-1,0,0,-1
403,2,1507,379,210,160,-1,0,0,-1
403,3,1120,422,776,190,-1,0,0,-1
404,1,514,281,178,121,-1,0,0,-1
404,2,1507,379,210,160,-1,0,0,-1
404,3,1120,422,777,190,-1,0,0,-1
405,1,514,281,178,121,-1,0,0,-1
405,2,1507,379,210,160,-1,0,0,-1
405,3,1120,422,777,190,-1,0,0,-1
406,1,514,281,178,121,-1,0,0,-1
406,2,1507,379,210,160,-1,0,0,-1
406,3,1120,422,777,190,-1,0,0,-1
407,1,514,281,178,121,-1,0,0,-1
407,2,1507,379,210,160,-1,0,0,-1
407,3,1120,422,777,190,-1,0,0,-1
408,1,514,281,178,121,-1,0,0,-1
408,2,1507,379,210,160,-1,0,0,-1
408,3,1120,422,777,190,-1,0,0,-1
409,1,514,281,178,121,-1,0,0,-1
409,2,1507,379,210,160,-1,0,0,-1
409,3,1120,422,777,190,-1,0,0,-1
410,1,514,281,178,121,-1,0,0,-1
410,2,1507,379,210,160,-1,0,0,-1
410,3,1120,422,777,190,-1,0,0,-1
411,1,514,281,178,121,-1,0,0,-1
411,2,1507,379,210,160,-1,0,0,-1
411,3,1120,422,777,190,-1,0,0,-1
412,1,514,281,178,121,-1,0,0,-1
412,2,1507,379,210,160,-1,0,0,-1
412,3,1120,422,777,190,-1,0,0,-1
413,1,514,281,178,121,-1,0,0,-1
413,2,1507,379,210,160,-1,0,0,-1
413,3,1120,422,777,190,-1,0,0,-1
414,1,514,281,178,121,-1,0,0,-1
414,2,1507,379,210,160,-1,0,0,-1
414,3,1120,422,777,190,-1,0,0,-1
415,1,514,281,178,121,-1,0,0,-1
415,2,1507,379,210,160,-1,0,0,-1
415,3,1120,422,777,190,-1,0,0,-1
416,1,514,281,178,121,-1,0,0,-1
416,2,1507,379,210,160,-1,0,0,-1
416,3,1120,422,777,190,-1,0,0,-1
417,1,514,281,178,121,-1,0,0,-1
417,2,1507,379,210,160,-1,0,0,-1
417,3,1120,422,777,190,-1,0,0,-1
418,1,514,281,178,121,-1,0,0,-1
418,2,1507,379,210,160,-1,0,0,-1
418,3,1120,422,777,190,-1,0,0,-1
419,1,514,281,178,121,-1,0,0,-1
419,2,1507,379,210,160,-1,0,0,-1
419,3,1120,422,776,190,-1,0,0,-1
420,1,514,281,178,121,-1,0,0,-1
420,2,1507,379,210,160,-1,0,0,-1
420,3,1120,422,777,190,-1,0,0,-1
421,1,514,281,178,121,-1,0,0,-1
421,2,1507,379,210,160,-1,0,0,-1
421,3,1120,422,777,190,-1,0,0,-1
422,1,514,281,178,121,-1,0,0,-1
422,2,1507,379,210,160,-1,0,0,-1
422,3,1120,422,777,190,-1,0,0,-1
423,1,514,281,178,121,-1,0,0,-1
423,2,1507,379,210,160,-1,0,0,-1
423,3,1120,422,777,190,-1,0,0,-1
424,1,514,281,178,121,-1,0,0,-1
424,2,1507,379,210,160,-1,0,0,-1
424,3,1120,422,777,190,-1,0,0,-1
425,1,514,281,178,121,-1,0,0,-1
425,2,1507,379,210,160,-1,0,0,-1
425,3,1120,422,777,190,-1,0,0,-1
426,1,514,281,178,121,-1,0,0,-1
426,2,1507,379,210,160,-1,0,0,-1
426,3,1120,422,777,190,-1,0,0,-1
427,1,514,281,178,121,-1,0,0,-1
427,2,1507,379,210,160,-1,0,0,-1
427,3,1120,422,777,190,-1,0,0,-1
428,1,514,281,178,121,-1,0,0,-1
428,2,1507,379,210,160,-1,0,0,-1
428,3,1120,422,777,190,-1,0,0,-1
429,1,514,281,178,121,-1,0,0,-1
429,2,1507,379,210,160,-1,0,0,-1
429,3,1120,422,777,190,-1,0,0,-1
430,1,514,281,178,121,-1,0,0,-1
430,2,1507,379,210,160,-1,0,0,-1
430,3,1120,422,777,190,-1,0,0,-1
431,1,514,281,178,121,-1,0,0,-1
431,2,1507,379,210,160,-1,0,0,-1
431,3,1120,422,777,190,-1,0,0,-1
432,1,514,281,178,121,-1,0,0,-1
432,2,1507,379,210,160,-1,0,0,-1
432,3,1120,422,777,190,-1,0,0,-1
433,1,514,281,178,121,-1,0,0,-1
433,2,1507,379,210,160,-1,0,0,-1
433,3,1120,422,777,190,-1,0,0,-1
434,1,514,281,178,121,-1,0,0,-1
434,2,1507,379,210,160,-1,0,0,-1
434,3,1120,422,777,190,-1,0,0,-1
435,1,514,281,178,121,-1,0,0,-1
435,2,1507,379,210,160,-1,0,0,-1
435,3,1120,422,777,190,-1,0,0,-1
436,1,514,281,178,121,-1,0,0,-1
436,2,1507,379,210,160,-1,0,0,-1
436,3,1120,422,777,190,-1,0,0,-1
437,1,514,281,178,121,-1,0,0,-1
437,2,1507,379,210,160,-1,0,0,-1
437,3,1120,422,777,190,-1,0,0,-1
438,1,514,281,178,121,-1,0,0,-1
438,2,1507,379,210,160,-1,0,0,-1
438,3,1120,422,777,190,-1,0,0,-1
439,1,514,281,178,121,-1,0,0,-1
439,2,1507,379,210,160,-1,0,0,-1
439,3,1120,422,777,190,-1,0,0,-1
440,1,514,281,178,121,-1,0,0,-1
440,2,1507,379,210,160,-1,0,0,-1
440,3,1120,422,777,190,-1,0,0,-1
441,1,514,281,178,121,-1,0,0,-1
441,2,1507,379,210,160,-1,0,0,-1
441,3,1120,422,777,190,-1,0,0,-1
442,1,514,281,178,121,-1,0,0,-1
442,2,1507,379,210,160,-1,0,0,-1
442,3,1120,422,777,190,-1,0,0,-1
443,1,514,281,178,121,-1,0,0,-1
443,2,1507,379,210,160,-1,0,0,-1
443,3,1120,422,777,190,-1,0,0,-1
444,1,514,281,178,121,-1,0,0,-1
444,2,1507,379,210,160,-1,0,0,-1
444,3,1120,422,777,190,-1,0,0,-1
445,1,514,281,178,121,-1,0,0,-1
445,2,1507,379,210,160,-1,0,0,-1
445,3,1120,422,777,190,-1,0,0,-1
446,1,514,281,178,121,-1,0,0,-1
446,2,1507,379,210,160,-1,0,0,-1
446,3,1120,422,777,190,-1,0,0,-1
447,1,514,281,178,121,-1,0,0,-1
447,2,1507,379,210,160,-1,0,0,-1
447,3,1120,422,777,190,-1,0,0,-1
448,1,514,281,178,121,-1,0,0,-1
448,2,1507,379,210,160,-1,0,0,-1
448,3,1120,422,777,190,-1,0,0,-1
449,1,514,281,178,121,-1,0,0,-1
449,2,1507,379,210,160,-1,0,0,-1
449,3,1120,422,777,190,-1,0,0,-1
450,1,514,281,178,121,-1,0,0,-1
450,2,1507,379,210,160,-1,0,0,-1
450,3,1120,422,777,190,-1,0,0,-1
451,1,514,281,178,121,-1,0,0,-1
451,2,1507,379,210,160,-1,0,0,-1
451,3,1120,422,777,190,-1,0,0,-1
452,1,514,281,178,121,-1,0,0,-1
452,2,1507,379,210,160,-1,0,0,-1
452,3,1120,422,777,190,-1,0,0,-1
453,1,514,281,178,121,-1,0,0,-1
453,2,1507,379,210,160,-1,0,0,-1
453,3,1115,422,782,190,-1,0,0,-1
454,1,514,281,178,121,-1,0,0,-1
454,2,1507,379,210,160,-1,0,0,-1
454,3,1115,422,782,190,-1,0,0,-1
455,1,514,281,178,121,-1,0,0,-1
455,2,1507,379,210,160,-1,0,0,-1
455,3,1115,422,782,190,-1,0,0,-1
456,1,514,281,178,121,-1,0,0,-1
456,2,1507,379,210,160,-1,0,0,-1
456,3,1115,422,782,190,-1,0,0,-1
457,1,514,281,178,121,-1,0,0,-1
457,2,1507,379,210,160,-1,0,0,-1
457,3,1115,422,782,190,-1,0,0,-1
458,1,514,281,178,121,-1,0,0,-1
458,2,1507,379,210,160,-1,0,0,-1
458,3,1115,422,782,190,-1,0,0,-1
459,1,514,281,178,121,-1,0,0,-1
459,2,1507,379,210,160,-1,0,0,-1
459,3,1115,422,782,190,-1,0,0,-1
460,1,514,281,178,121,-1,0,0,-1
460,2,1507,379,210,160,-1,0,0,-1
460,3,1115,422,782,190,-1,0,0,-1
461,1,514,281,178,121,-1,0,0,-1
461,2,1507,379,210,160,-1,0,0,-1
461,3,1115,422,782,190,-1,0,0,-1
462,1,514,281,178,121,-1,0,0,-1
462,2,1507,379,210,160,-1,0,0,-1
462,3,1115,422,782,190,-1,0,0,-1
463,1,514,281,178,121,-1,0,0,-1
463,2,1507,379,210,160,-1,0,0,-1
463,3,1115,422,782,190,-1,0,0,-1
464,1,514,281,178,121,-1,0,0,-1
464,2,1507,379,210,160,-1,0,0,-1
464,3,1115,422,782,190,-1,0,0,-1
465,1,514,281,178,121,-1,0,0,-1
465,2,1507,379,210,160,-1,0,0,-1
465,3,1115,422,782,190,-1,0,0,-1
466,1,514,281,178,121,-1,0,0,-1
466,2,1507,379,210,160,-1,0,0,-1
466,3,1115,422,782,190,-1,0,0,-1
467,1,514,281,178,121,-1,0,0,-1
467,2,1507,379,210,160,-1,0,0,-1
467,3,1115,422,782,190,-1,0,0,-1
468,1,514,281,178,121,-1,0,0,-1
468,2,1507,379,210,160,-1,0,0,-1
468,3,1115,422,782,190,-1,0,0,-1
469,1,514,281,178,121,-1,0,0,-1
469,2,1507,379,210,160,-1,0,0,-1
469,3,1115,422,782,190,-1,0,0,-1
470,1,514,281,178,121,-1,0,0,-1
470,2,1507,379,210,160,-1,0,0,-1
470,3,1115,422,782,190,-1,0,0,-1
471,1,514,281,178,121,-1,0,0,-1
471,2,1507,379,210,160,-1,0,0,-1
471,3,1115,422,782,190,-1,0,0,-1
472,1,514,281,178,121,-1,0,0,-1
472,2,1507,379,210,160,-1,0,0,-1
472,3,1115,422,782,190,-1,0,0,-1
473,1,514,281,178,121,-1,0,0,-1
473,2,1507,379,210,160,-1,0,0,-1
473,3,1115,422,782,190,-1,0,0,-1
474,1,514,281,178,121,-1,0,0,-1
474,2,1507,379,210,160,-1,0,0,-1
474,3,1115,422,782,190,-1,0,0,-1
475,1,514,281,178,121,-1,0,0,-1
475,2,1507,379,210,160,-1,0,0,-1
475,3,1115,422,782,190,-1,0,0,-1
476,1,514,281,178,121,-1,0,0,-1
476,2,1507,379,210,160,-1,0,0,-1
476,3,1115,422,783,190,-1,0,0,-1
477,1,514,281,178,121,-1,0,0,-1
477,2,1507,379,210,160,-1,0,0,-1
477,3,1115,422,782,190,-1,0,0,-1
