1,1,127,98,1793,417,-1,0,0,-1
1,2,84,332,416,130,-1,0,0,-1
2,1,127,98,1793,417,-1,0,0,-1
2,2,85,332,416,130,-1,0,0,-1
3,1,128,98,1792,417,-1,0,0,-1
3,2,86,332,415,130,-1,0,0,-1
4,1,128,98,1793,417,-1,0,0,-1
4,2,86,332,415,130,-1,0,0,-1
5,1,127,98,1794,417,-1,0,0,-1
5,2,87,332,414,129,-1,0,0,-1
6,1,136,98,1785,417,-1,0,0,-1
6,2,89,333,413,129,-1,0,0,-1
7,1,136,98,1784,417,-1,0,0,-1
7,2,88,332,414,129,-1,0,0,-1
8,1,137,98,1784,417,-1,0,0,-1
8,2,91,332,415,130,-1,0,0,-1
9,1,137,98,1783,417,-1,0,0,-1
9,2,93,333,416,127,-1,0,0,-1
10,1,138,98,1783,417,-1,0,0,-1
10,2,94,333,416,127,-1,0,0,-1
11,1,138,98,1782,417,-1,0,0,-1
11,2,94,333,415,127,-1,0,0,-1
12,1,139,99,1782,416,-1,0,0,-1
12,2,95,333,415,127,-1,0,0,-1
13,1,139,98,1784,418,-1,0,0,-1
13,2,96,333,415,127,-1,0,0,-1
14,1,139,98,1781,418,-1,0,0,-1
14,2,99,333,415,127,-1,0,0,-1
15,1,139,98,1781,418,-1,0,0,-1
15,2,100,334,410,125,-1,0,0,-1
16,1,145,98,1775,418,-1,0,0,-1
16,2,102,334,413,124,-1,0,0,-1
17,1,145,98,1775,418,-1,0,0,-1
17,2,103,334,413,124,-1,0,0,-1
18,1,145,98,1775,418,-1,0,0,-1
18,2,104,334,412,124,-1,0,0,-1
19,1,146,98,1774,418,-1,0,0,-1
19,2,104,334,412,124,-1,0,0,-1
20,1,149,98,1771,418,-1,0,0,-1
20,2,105,334,412,124,-1,0,0,-1
21,1,149,98,1771,418,-1,0,0,-1
21,2,109,334,411,124,-1,0,0,-1
22,1,153,98,1767,418,-1,0,0,-1
22,2,111,335,405,122,-1,0,0,-1
23,1,153,98,1767,418,-1,0,0,-1
23,2,111,335,412,124,-1,0,0,-1
24,1,154,98,1767,418,-1,0,0,-1
24,2,112,335,411,123,-1,0,0,-1
25,1,154,98,1767,418,-1,0,0,-1
25,2,115,335,411,122,-1,0,0,-1
26,1,153,98,1768,418,-1,0,0,-1
26,2,116,335,411,122,-1,0,0,-1
27,1,161,98,1759,418,-1,0,0,-1
27,2,117,335,410,122,-1,0,0,-1
28,1,161,98,1759,418,-1,0,0,-1
28,2,118,335,410,122,-1,0,0,-1
29,1,162,98,1758,418,-1,0,0,-1
29,2,119,335,411,122,-1,0,0,-1
30,1,162,98,1758,418,-1,0,0,-1
30,2,120,335,411,122,-1,0,0,-1
31,1,166,98,1754,418,-1,0,0,-1
31,2,121,335,410,122,-1,0,0,-1
32,1,166,98,1754,418,-1,0,0,-1
32,2,122,335,410,122,-1,0,0,-1
33,1,168,98,1752,418,-1,0,0,-1
33,2,123,335,414,122,-1,0,0,-1
34,1,168,98,1752,418,-1,0,0,-1
34,2,124,335,414,122,-1,0,0,-1
35,1,169,98,1751,418,-1,0,0,-1
35,2,125,335,413,122,-1,0,0,-1
36,1,169,98,1751,418,-1,0,0,-1
36,2,126,335,413,122,-1,0,0,-1
37,1,176,98,1744,418,-1,0,0,-1
37,2,130,336,412,121,-1,0,0,-1
38,1,176,98,1744,418,-1,0,0,-1
38,2,131,336,412,121,-1,0,0,-1
39,1,179,98,1741,418,-1,0,0,-1
39,2,132,336,411,121,-1,0,0,-1
40,1,179,98,1741,418,-1,0,0,-1
40,2,133,336,411,121,-1,0,0,-1
41,1,179,98,1742,418,-1,0,0,-1
41,2,135,336,411,120,-1,0,0,-1
42,1,180,98,1741,418,-1,0,0,-1
42,2,136,336,411,120,-1,0,0,-1
43,1,181,98,1740,418,-1,0,0,-1
43,2,138,336,410,120,-1,0,0,-1
44,1,187,98,1735,418,-1,0,0,-1
44,2,138,336,414,120,-1,0,0,-1
45,1,187,98,1733,418,-1,0,0,-1
45,2,139,336,413,120,-1,0,0,-1
46,1,187,98,1733,418,-1,0,0,-1
46,2,140,336,413,120,-1,0,0,-1
47,1,193,98,1727,418,-1,0,0,-1
47,2,142,337,411,119,-1,0,0,-1
48,1,193,98,1727,418,-1,0,0,-1
48,2,144,337,408,118,-1,0,0,-1
49,1,194,98,1727,418,-1,0,0,-1
49,2,146,337,413,120,-1,0,0,-1
50,1,194,98,1726,418,-1,0,0,-1
50,2,148,337,411,119,-1,0,0,-1
51,1,201,99,1720,416,-1,0,0,-1
51,2,150,337,413,120,-1,0,0,-1
52,1,203,100,1720,416,-1,0,0,-1
52,2,152,337,412,119,-1,0,0,-1
53,1,200,97,1724,419,-1,0,0,-1
53,2,157,337,408,119,-1,0,0,-1
54,1,200,97,1720,419,-1,0,0,-1
54,2,158,337,408,119,-1,0,0,-1
55,1,206,97,1715,419,-1,0,0,-1
55,2,159,337,407,119,-1,0,0,-1
56,1,207,97,1713,419,-1,0,0,-1
56,2,161,338,406,118,-1,0,0,-1
57,1,206,97,1715,419,-1,0,0,-1
57,2,164,337,407,119,-1,0,0,-1
58,1,210,98,1710,418,-1,0,0,-1
58,2,166,338,407,119,-1,0,0,-1
59,1,212,98,1708,418,-1,0,0,-1
59,2,168,338,406,119,-1,0,0,-1
60,1,212,98,1708,418,-1,0,0,-1
60,2,170,338,406,118,-1,0,0,-1
61,1,213,98,1707,418,-1,0,0,-1
61,2,172,338,406,118,-1,0,0,-1
62,1,212,98,1710,419,-1,0,0,-1
62,2,173,338,406,118,-1,0,0,-1
63,1,217,98,1703,418,-1,0,0,-1
63,2,175,338,406,118,-1,0,0,-1
64,1,217,98,1703,418,-1,0,0,-1
64,2,177,338,406,118,-1,0,0,-1
65,1,217,98,1703,418,-1,0,0,-1
65,2,179,338,405,118,-1,0,0,-1
66,1,225,98,1696,418,-1,0,0,-1
66,2,181,338,405,118,-1,0,0,-1
67,1,225,98,1695,418,-1,0,0,-1
67,2,183,338,405,118,-1,0,0,-1
68,1,225,98,1695,418,-1,0,0,-1
68,2,185,339,404,118,-1,0,0,-1
69,1,231,98,1689,418,-1,0,0,-1
69,2,187,339,404,118,-1,0,0,-1
70,1,231,98,1689,418,-1,0,0,-1
70,2,189,339,404,118,-1,0,0,-1
71,1,234,98,1687,418,-1,0,0,-1
71,2,191,339,404,118,-1,0,0,-1
72,1,234,98,1686,418,-1,0,0,-1
72,2,193,339,403,118,-1,0,0,-1
73,1,241,98,1679,418,-1,0,0,-1
73,2,195,339,403,118,-1,0,0,-1
74,1,241,98,1679,418,-1,0,0,-1
74,2,197,339,403,117,-1,0,0,-1
75,1,243,98,1678,418,-1,0,0,-1
75,2,199,339,403,118,-1,0,0,-1
76,1,243,98,1677,418,-1,0,0,-1
76,2,201,340,403,117,-1,0,0,-1
77,1,243,98,1677,418,-1,0,0,-1
77,2,204,340,402,117,-1,0,0,-1
78,1,243,98,1678,418,-1,0,0,-1
78,2,206,340,402,117,-1,0,0,-1
79,1,249,98,1673,418,-1,0,0,-1
79,2,208,340,402,117,-1,0,0,-1
80,1,249,98,1671,418,-1,0,0,-1
80,2,210,340,402,117,-1,0,0,-1
81,1,249,98,1672,418,-1,0,0,-1
81,2,212,340,401,117,-1,0,0,-1
82,1,257,98,1664,418,-1,0,0,-1
82,2,214,340,402,117,-1,0,0,-1
83,1,257,98,1663,418,-1,0,0,-1
83,2,216,340,401,117,-1,0,0,-1
84,1,258,98,1662,418,-1,0,0,-1
84,2,219,341,400,117,-1,0,0,-1
85,1,265,98,1656,418,-1,0,0,-1
85,2,221,341,400,117,-1,0,0,-1
86,1,265,98,1655,418,-1,0,0,-1
86,2,223,341,400,117,-1,0,0,-1
87,1,265,98,1655,418,-1,0,0,-1
87,2,225,341,400,117,-1,0,0,-1
88,1,273,98,1647,418,-1,0,0,-1
88,2,227,341,400,117,-1,0,0,-1
89,1,274,98,1647,418,-1,0,0,-1
89,2,230,341,399,116,-1,0,0,-1
90,1,274,98,1647,418,-1,0,0,-1
90,2,232,341,399,116,-1,0,0,-1
91,1,276,99,1644,417,-1,0,0,-1
91,2,234,341,399,116,-1,0,0,-1
92,1,276,99,1644,417,-1,0,0,-1
92,2,235,341,398,116,-1,0,0,-1
93,1,282,99,1639,417,-1,0,0,-1
93,2,237,341,398,116,-1,0,0,-1
94,1,282,99,1638,417,-1,0,0,-1
94,2,241,342,394,115,-1,0,0,-1
95,1,286,99,1634,417,-1,0,0,-1
95,2,244,342,390,113,-1,0,0,-1
96,1,286,99,1634,417,-1,0,0,-1
96,2,245,342,398,116,-1,0,0,-1
97,1,291,99,1629,417,-1,0,0,-1
97,2,247,342,397,115,-1,0,0,-1
98,1,291,99,1629,417,-1,0,0,-1
98,2,250,342,397,115,-1,0,0,-1
99,1,296,99,1624,417,-1,0,0,-1
99,2,252,342,397,115,-1,0,0,-1
100,1,296,99,1624,417,-1,0,0,-1
100,2,254,342,397,115,-1,0,0,-1
101,1,299,99,1622,417,-1,0,0,-1
101,2,256,342,397,115,-1,0,0,-1
102,1,299,99,1621,417,-1,0,0,-1
102,2,258,342,396,115,-1,0,0,-1
103,1,299,99,1621,417,-1,0,0,-1
103,2,261,342,396,115,-1,0,0,-1
104,1,306,99,1615,417,-1,0,0,-1
104,2,263,342,396,115,-1,0,0,-1
105,1,306,99,1614,417,-1,0,0,-1
105,2,265,343,396,115,-1,0,0,-1
106,1,312,99,1608,417,-1,0,0,-1
106,2,268,343,395,115,-1,0,0,-1
107,1,312,99,1608,417,-1,0,0,-1
107,2,270,343,395,115,-1,0,0,-1
108,1,312,99,1609,417,-1,0,0,-1
108,2,272,343,394,115,-1,0,0,-1
109,1,316,111,1604,405,-1,0,0,-1
109,2,275,343,394,115,-1,0,0,-1
110,1,316,111,1604,405,-1,0,0,-1
110,2,277,343,394,115,-1,0,0,-1
111,1,321,111,1600,405,-1,0,0,-1
111,2,279,343,394,115,-1,0,0,-1
112,1,321,111,1599,405,-1,0,0,-1
112,2,282,343,394,114,-1,0,0,-1
113,1,326,111,1595,405,-1,0,0,-1
113,2,284,344,393,114,-1,0,0,-1
114,1,326,111,1594,405,-1,0,0,-1
114,2,286,344,393,114,-1,0,0,-1
115,1,332,111,1588,405,-1,0,0,-1
115,2,289,344,392,114,-1,0,0,-1
116,1,332,111,1588,405,-1,0,0,-1
116,2,291,344,392,114,-1,0,0,-1
117,1,337,111,1583,405,-1,0,0,-1
117,2,293,344,392,114,-1,0,0,-1
118,1,337,111,1583,405,-1,0,0,-1
118,2,296,344,392,114,-1,0,0,-1
119,1,338,111,1582,405,-1,0,0,-1
119,2,298,344,391,114,-1,0,0,-1
120,1,343,111,1577,405,-1,0,0,-1
120,2,300,345,391,114,-1,0,0,-1
121,1,347,111,1573,405,-1,0,0,-1
121,2,302,345,391,114,-1,0,0,-1
122,1,347,111,1573,405,-1,0,0,-1
122,2,305,345,391,114,-1,0,0,-1
123,1,347,111,1574,405,-1,0,0,-1
123,2,307,345,392,114,-1,0,0,-1
124,1,354,111,1567,405,-1,0,0,-1
124,2,310,345,390,113,-1,0,0,-1
125,1,354,111,1566,405,-1,0,0,-1
125,2,312,345,390,113,-1,0,0,-1
126,1,358,111,1562,405,-1,0,0,-1
126,2,314,345,390,113,-1,0,0,-1
127,1,358,111,1562,405,-1,0,0,-1
127,2,317,346,389,113,-1,0,0,-1
128,1,362,111,1559,405,-1,0,0,-1
128,2,319,346,389,113,-1,0,0,-1
129,1,362,111,1558,405,-1,0,0,-1
129,2,322,346,388,113,-1,0,0,-1
130,1,365,111,1556,405,-1,0,0,-1
130,2,324,346,388,113,-1,0,0,-1
131,1,365,111,1555,405,-1,0,0,-1
131,2,326,346,389,113,-1,0,0,-1
132,1,370,111,1551,405,-1,0,0,-1
132,2,328,346,388,113,-1,0,0,-1
133,1,370,111,1550,405,-1,0,0,-1
133,2,330,346,388,113,-1,0,0,-1
134,1,370,111,1550,405,-1,0,0,-1
134,2,334,346,387,113,-1,0,0,-1
135,1,376,112,1544,404,-1,0,0,-1
135,2,336,347,387,112,-1,0,0,-1
136,1,376,112,1544,404,-1,0,0,-1
136,2,338,347,386,112,-1,0,0,-1
137,1,376,112,1545,404,-1,0,0,-1
137,2,341,347,386,112,-1,0,0,-1
138,1,387,112,1534,404,-1,0,0,-1
138,2,343,347,386,112,-1,0,0,-1
139,1,387,112,1533,404,-1,0,0,-1
139,2,345,347,386,112,-1,0,0,-1
140,1,388,112,1532,404,-1,0,0,-1
140,2,348,347,385,112,-1,0,0,-1
141,1,395,112,1531,405,-1,0,0,-1
141,2,351,348,384,112,-1,0,0,-1
142,1,395,112,1525,405,-1,0,0,-1
142,2,354,348,383,111,-1,0,0,-1
143,1,395,112,1525,405,-1,0,0,-1
143,2,355,348,384,112,-1,0,0,-1
144,1,400,112,1522,405,-1,0,0,-1
144,2,357,348,384,112,-1,0,0,-1
145,1,400,112,1520,405,-1,0,0,-1
145,2,360,348,384,112,-1,0,0,-1
146,1,401,112,1519,405,-1,0,0,-1
146,2,362,348,383,111,-1,0,0,-1
147,1,408,113,1512,404,-1,0,0,-1
147,2,364,348,384,112,-1,0,0,-1
148,1,408,113,1512,404,-1,0,0,-1
148,2,367,349,382,111,-1,0,0,-1
149,1,408,113,1513,404,-1,0,0,-1
149,2,369,349,383,111,-1,0,0,-1
150,1,413,113,1508,404,-1,0,0,-1
150,2,372,349,382,111,-1,0,0,-1
151,1,414,113,1507,404,-1,0,0,-1
151,2,374,349,381,111,-1,0,0,-1
152,1,414,113,1506,404,-1,0,0,-1
152,2,377,349,380,111,-1,0,0,-1
153,1,421,114,1499,403,-1,0,0,-1
153,2,378,349,382,111,-1,0,0,-1
154,1,421,114,1499,403,-1,0,0,-1
154,2,380,349,382,111,-1,0,0,-1
155,1,422,114,1500,403,-1,0,0,-1
155,2,383,349,381,111,-1,0,0,-1
156,1,426,115,1493,402,-1,0,0,-1
156,2,385,349,381,111,-1,0,0,-1
157,1,426,115,1493,402,-1,0,0,-1
157,2,387,349,380,111,-1,0,0,-1
158,1,431,115,1490,402,-1,0,0,-1
158,2,389,349,379,110,-1,0,0,-1
159,1,431,115,1489,402,-1,0,0,-1
159,2,392,349,380,111,-1,0,0,-1
160,1,434,115,1486,402,-1,0,0,-1
160,2,394,350,380,111,-1,0,0,-1
161,1,435,115,1485,402,-1,0,0,-1
161,2,396,350,380,111,-1,0,0,-1
162,1,441,115,1480,402,-1,0,0,-1
162,2,398,350,380,111,-1,0,0,-1
163,1,441,115,1479,402,-1,0,0,-1
163,2,400,350,380,111,-1,0,0,-1
164,1,444,115,1476,402,-1,0,0,-1
164,2,403,350,379,110,-1,0,0,-1
165,1,444,115,1476,402,-1,0,0,-1
165,2,405,350,379,110,-1,0,0,-1
166,1,449,115,1471,402,-1,0,0,-1
166,2,407,350,379,110,-1,0,0,-1
167,1,450,115,1471,402,-1,0,0,-1
167,2,409,350,378,110,-1,0,0,-1
168,1,453,115,1468,402,-1,0,0,-1
168,2,411,350,378,110,-1,0,0,-1
169,1,453,115,1467,402,-1,0,0,-1
169,2,413,351,378,110,-1,0,0,-1
170,1,453,115,1467,402,-1,0,0,-1
170,2,416,351,378,110,-1,0,0,-1
171,1,460,115,1461,402,-1,0,0,-1
171,2,418,351,378,110,-1,0,0,-1
172,1,460,115,1460,402,-1,0,0,-1
172,2,420,351,377,110,-1,0,0,-1
173,1,466,115,1455,402,-1,0,0,-1
173,2,422,351,377,110,-1,0,0,-1
174,1,466,115,1454,402,-1,0,0,-1
174,2,424,351,377,110,-1,0,0,-1
175,1,468,115,1452,402,-1,0,0,-1
175,2,426,351,377,110,-1,0,0,-1
176,1,468,115,1452,402,-1,0,0,-1
176,2,428,351,377,110,-1,0,0,-1
177,1,473,115,1447,402,-1,0,0,-1
177,2,430,351,377,110,-1,0,0,-1
178,1,473,115,1447,402,-1,0,0,-1
178,2,433,352,376,110,-1,0,0,-1
179,1,475,115,1445,402,-1,0,0,-1
179,2,435,352,376,110,-1,0,0,-1
180,1,475,115,1445,402,-1,0,0,-1
180,2,437,352,375,109,-1,0,0,-1
181,1,481,115,1439,402,-1,0,0,-1
181,2,439,352,375,109,-1,0,0,-1
182,1,481,115,1439,402,-1,0,0,-1
182,2,441,352,375,109,-1,0,0,-1
183,1,485,115,1435,402,-1,0,0,-1
183,2,443,352,375,109,-1,0,0,-1
184,1,486,115,1435,402,-1,0,0,-1
184,2,445,352,375,109,-1,0,0,-1
185,1,489,115,1431,402,-1,0,0,-1
185,2,447,353,374,109,-1,0,0,-1
186,1,490,115,1431,402,-1,0,0,-1
186,2,450,353,373,109,-1,0,0,-1
187,1,490,115,1430,402,-1,0,0,-1
187,2,451,353,374,109,-1,0,0,-1
188,1,492,116,1428,401,-1,0,0,-1
188,2,453,353,374,109,-1,0,0,-1
189,1,495,116,1425,400,-1,0,0,-1
189,2,455,353,374,109,-1,0,0,-1
190,1,489,115,1432,402,-1,0,0,-1
190,2,457,353,374,109,-1,0,0,-1
191,1,497,113,1430,405,-1,0,0,-1
191,2,459,353,373,109,-1,0,0,-1
192,1,497,113,1423,405,-1,0,0,-1
192,2,461,353,373,109,-1,0,0,-1
193,1,504,113,1416,405,-1,0,0,-1
193,2,463,353,373,109,-1,0,0,-1
194,1,504,113,1416,405,-1,0,0,-1
194,2,465,353,373,109,-1,0,0,-1
195,1,507,113,1413,405,-1,0,0,-1
195,2,468,354,372,108,-1,0,0,-1
196,1,507,113,1413,405,-1,0,0,-1
196,2,469,354,372,108,-1,0,0,-1
197,1,513,113,1408,405,-1,0,0,-1
197,2,471,354,372,108,-1,0,0,-1
198,1,513,113,1407,405,-1,0,0,-1
198,2,473,354,372,108,-1,0,0,-1
199,1,514,113,1407,405,-1,0,0,-1
199,2,475,354,372,108,-1,0,0,-1
200,1,515,113,1406,405,-1,0,0,-1
200,2,477,354,371,108,-1,0,0,-1
201,1,520,112,1406,406,-1,0,0,-1
201,2,479,354,371,108,-1,0,0,-1
202,1,520,112,1400,406,-1,0,0,-1
202,2,481,354,371,108,-1,0,0,-1
203,1,521,112,1400,406,-1,0,0,-1
203,2,482,354,373,109,-1,0,0,-1
204,1,521,112,1399,406,-1,0,0,-1
204,2,485,355,371,108,-1,0,0,-1
205,1,522,112,1399,406,-1,0,0,-1
205,2,487,355,370,108,-1,0,0,-1
206,1,530,112,1391,406,-1,0,0,-1
206,2,490,355,369,107,-1,0,0,-1
207,1,530,112,1390,406,-1,0,0,-1
207,2,492,355,368,107,-1,0,0,-1
208,1,533,112,1388,406,-1,0,0,-1
208,2,493,355,368,107,-1,0,0,-1
209,1,533,112,1387,406,-1,0,0,-1
209,2,495,355,369,107,-1,0,0,-1
210,1,538,112,1383,406,-1,0,0,-1
210,2,497,355,369,107,-1,0,0,-1
211,1,538,112,1382,406,-1,0,0,-1
211,2,499,356,368,107,-1,0,0,-1
212,1,539,112,1382,406,-1,0,0,-1
212,2,500,355,371,108,-1,0,0,-1
213,1,538,112,1382,406,-1,0,0,-1
213,2,503,356,368,107,-1,0,0,-1
214,1,545,124,1376,394,-1,0,0,-1
214,2,504,356,368,107,-1,0,0,-1
215,1,545,124,1375,394,-1,0,0,-1
215,2,507,356,367,107,-1,0,0,-1
216,1,548,124,1373,394,-1,0,0,-1
216,2,509,356,367,107,-1,0,0,-1
217,1,548,124,1372,394,-1,0,0,-1
217,2,510,356,368,107,-1,0,0,-1
218,1,553,129,1369,389,-1,0,0,-1
218,2,513,356,366,107,-1,0,0,-1
219,1,554,129,1367,389,-1,0,0,-1
219,2,514,356,365,107,-1,0,0,-1
220,1,556,129,1365,389,-1,0,0,-1
220,2,516,356,365,107,-1,0,0,-1
221,1,557,129,1364,389,-1,0,0,-1
221,2,519,356,365,107,-1,0,0,-1
222,1,563,134,1358,384,-1,0,0,-1
222,2,521,356,365,107,-1,0,0,-1
223,1,563,134,1357,384,-1,0,0,-1
223,2,522,357,365,107,-1,0,0,-1
224,1,563,134,1357,384,-1,0,0,-1
224,2,524,357,365,107,-1,0,0,-1
225,1,563,134,1358,384,-1,0,0,-1
225,2,526,357,365,107,-1,0,0,-1
226,1,569,134,1353,385,-1,0,0,-1
226,2,528,357,364,107,-1,0,0,-1
227,1,569,134,1351,385,-1,0,0,-1
227,2,530,357,364,106,-1,0,0,-1
228,1,570,134,1351,385,-1,0,0,-1
228,2,532,357,364,106,-1,0,0,-1
229,1,570,134,1350,385,-1,0,0,-1
229,2,534,357,364,106,-1,0,0,-1
230,1,574,134,1346,385,-1,0,0,-1
230,2,536,357,363,106,-1,0,0,-1
231,1,575,134,1346,385,-1,0,0,-1
231,2,538,358,364,106,-1,0,0,-1
232,1,577,134,1344,385,-1,0,0,-1
232,2,539,358,363,106,-1,0,0,-1
233,1,577,134,1343,385,-1,0,0,-1
233,2,541,358,363,106,-1,0,0,-1
234,1,581,134,1340,385,-1,0,0,-1
234,2,543,358,363,106,-1,0,0,-1
235,1,581,134,1339,385,-1,0,0,-1
235,2,545,358,363,106,-1,0,0,-1
236,1,587,134,1334,385,-1,0,0,-1
236,2,547,358,362,106,-1,0,0,-1
237,1,587,134,1333,385,-1,0,0,-1
237,2,549,358,362,106,-1,0,0,-1
238,1,592,134,1329,385,-1,0,0,-1
238,2,550,358,362,106,-1,0,0,-1
239,1,592,134,1328,385,-1,0,0,-1
239,2,552,358,362,106,-1,0,0,-1
240,1,596,134,1324,385,-1,0,0,-1
240,2,554,359,362,106,-1,0,0,-1
241,1,596,134,1324,385,-1,0,0,-1
241,2,556,359,362,106,-1,0,0,-1
242,1,597,134,1324,385,-1,0,0,-1
242,2,558,359,361,106,-1,0,0,-1
243,1,598,134,1323,385,-1,0,0,-1
243,2,560,359,361,106,-1,0,0,-1
244,1,596,133,1327,386,-1,0,0,-1
244,2,562,359,361,105,-1,0,0,-1
245,1,604,134,1317,385,-1,0,0,-1
245,2,563,359,361,106,-1,0,0,-1
246,1,604,134,1316,385,-1,0,0,-1
246,2,565,359,361,105,-1,0,0,-1
247,1,605,134,1315,385,-1,0,0,-1
247,2,567,359,360,105,-1,0,0,-1
248,1,607,134,1314,385,-1,0,0,-1
248,2,569,359,360,105,-1,0,0,-1
249,1,608,134,1313,385,-1,0,0,-1
249,2,571,359,360,105,-1,0,0,-1
250,1,611,134,1309,385,-1,0,0,-1
250,2,573,360,360,105,-1,0,0,-1
251,1,612,134,1309,385,-1,0,0,-1
251,2,575,360,360,105,-1,0,0,-1
252,1,612,134,1308,385,-1,0,0,-1
252,2,577,360,359,105,-1,0,0,-1
253,1,618,134,1304,385,-1,0,0,-1
253,2,578,360,359,105,-1,0,0,-1
254,1,618,134,1302,385,-1,0,0,-1
254,2,581,360,358,105,-1,0,0,-1
255,1,619,134,1301,385,-1,0,0,-1
255,2,582,360,359,105,-1,0,0,-1
256,1,623,134,1297,385,-1,0,0,-1
256,2,584,360,359,105,-1,0,0,-1
257,1,623,134,1297,385,-1,0,0,-1
257,2,586,360,360,105,-1,0,0,-1
258,1,623,134,1297,385,-1,0,0,-1
258,2,588,360,358,105,-1,0,0,-1
259,1,629,134,1291,385,-1,0,0,-1
259,2,590,361,358,105,-1,0,0,-1
260,1,629,134,1291,385,-1,0,0,-1
260,2,592,361,358,105,-1,0,0,-1
261,1,629,134,1292,385,-1,0,0,-1
261,2,594,361,358,105,-1,0,0,-1
262,1,634,134,1287,385,-1,0,0,-1
262,2,596,361,358,105,-1,0,0,-1
263,1,634,134,1286,385,-1,0,0,-1
263,2,598,361,356,104,-1,0,0,-1
264,1,634,134,1287,385,-1,0,0,-1
264,2,599,361,357,104,-1,0,0,-1
265,1,640,134,1281,384,-1,0,0,-1
265,2,601,361,357,104,-1,0,0,-1
266,1,640,134,1280,384,-1,0,0,-1
266,2,603,361,357,104,-1,0,0,-1
267,1,640,134,1281,384,-1,0,0,-1
267,2,605,362,357,104,-1,0,0,-1
268,1,648,134,1273,384,-1,0,0,-1
268,2,607,362,356,104,-1,0,0,-1
269,1,649,134,1271,384,-1,0,0,-1
269,2,609,362,356,104,-1,0,0,-1
270,1,649,134,1272,384,-1,0,0,-1
270,2,611,362,356,104,-1,0,0,-1
271,1,653,134,1268,384,-1,0,0,-1
271,2,613,362,356,104,-1,0,0,-1
272,1,654,134,1267,384,-1,0,0,-1
272,2,615,362,355,104,-1,0,0,-1
273,1,655,134,1266,384,-1,0,0,-1
273,2,617,362,355,104,-1,0,0,-1
274,1,656,135,1265,383,-1,0,0,-1
274,2,619,362,355,104,-1,0,0,-1
275,1,659,133,1263,385,-1,0,0,-1
275,2,621,362,355,104,-1,0,0,-1
276,1,659,133,1261,385,-1,0,0,-1
276,2,623,363,355,104,-1,0,0,-1
277,1,660,133,1261,385,-1,0,0,-1
277,2,624,363,355,104,-1,0,0,-1
278,1,662,134,1259,384,-1,0,0,-1
278,2,626,363,355,104,-1,0,0,-1
279,1,666,132,1257,386,-1,0,0,-1
279,2,629,363,353,103,-1,0,0,-1
280,1,667,132,1254,386,-1,0,0,-1
280,2,631,363,354,104,-1,0,0,-1
281,1,667,132,1254,386,-1,0,0,-1
281,2,632,363,354,104,-1,0,0,-1
282,1,673,132,1248,386,-1,0,0,-1
282,2,634,363,354,103,-1,0,0,-1
283,1,673,132,1247,386,-1,0,0,-1
283,2,636,363,354,103,-1,0,0,-1
284,1,673,132,1248,386,-1,0,0,-1
284,2,638,363,353,103,-1,0,0,-1
284,3,67,211,694,177,-1,0,0,-1
285,1,673,132,1247,386,-1,0,0,-1
285,2,627,363,363,109,-1,0,0,-1
285,3,67,211,694,177,-1,0,0,-1
286,1,673,132,1248,386,-1,0,0,-1
286,2,628,363,363,109,-1,0,0,-1
286,3,67,211,694,177,-1,0,0,-1
287,1,673,132,1249,387,-1,0,0,-1
287,2,630,363,362,109,-1,0,0,-1
287,3,67,211,694,177,-1,0,0,-1
288,1,680,134,1239,384,-1,0,0,-1
288,2,631,363,362,109,-1,0,0,-1
288,3,67,211,694,177,-1,0,0,-1
289,1,684,134,1241,384,-1,0,0,-1
289,2,634,363,363,109,-1,0,0,-1
289,3,67,211,694,177,-1,0,0,-1
290,1,685,134,1240,384,-1,0,0,-1
290,2,637,364,365,112,-1,0,0,-1
290,3,67,211,694,177,-1,0,0,-1
291,1,686,134,1240,384,-1,0,0,-1
291,2,638,364,365,112,-1,0,0,-1
291,3,67,211,694,177,-1,0,0,-1
292,1,688,134,1239,383,-1,0,0,-1
292,2,640,364,364,112,-1,0,0,-1
292,3,67,211,694,177,-1,0,0,-1
293,1,696,135,1232,383,-1,0,0,-1
293,2,640,364,367,113,-1,0,0,-1
293,3,67,211,694,177,-1,0,0,-1
294,1,696,135,1224,383,-1,0,0,-1
294,2,646,365,357,110,-1,0,0,-1
294,3,67,211,694,177,-1,0,0,-1
295,1,696,135,1225,383,-1,0,0,-1
295,2,647,365,363,111,-1,0,0,-1
295,3,67,211,694,177,-1,0,0,-1
296,1,699,136,1221,382,-1,0,0,-1
296,2,648,365,363,111,-1,0,0,-1
296,3,67,211,694,177,-1,0,0,-1
297,1,704,137,1217,381,-1,0,0,-1
297,2,650,365,362,111,-1,0,0,-1
297,3,67,211,694,177,-1,0,0,-1
298,1,705,137,1216,381,-1,0,0,-1
298,2,651,365,362,111,-1,0,0,-1
298,3,67,211,694,177,-1,0,0,-1
299,1,705,137,1216,381,-1,0,0,-1
299,2,652,365,361,111,-1,0,0,-1
299,3,67,211,694,177,-1,0,0,-1
300,1,707,137,1215,381,-1,0,0,-1
300,2,657,366,358,110,-1,0,0,-1
300,3,67,211,694,177,-1,0,0,-1
301,1,713,136,1211,383,-1,0,0,-1
301,2,658,366,361,111,-1,0,0,-1
301,3,67,211,694,177,-1,0,0,-1
302,1,713,136,1207,383,-1,0,0,-1
302,2,660,366,361,111,-1,0,0,-1
302,3,67,211,694,177,-1,0,0,-1
303,1,713,136,1208,383,-1,0,0,-1
303,2,662,366,361,111,-1,0,0,-1
303,3,67,211,694,177,-1,0,0,-1
304,1,719,136,1202,382,-1,0,0,-1
304,2,664,366,361,111,-1,0,0,-1
304,3,67,211,694,177,-1,0,0,-1
305,1,720,136,1201,382,-1,0,0,-1
305,2,666,366,360,110,-1,0,0,-1
305,3,67,211,694,177,-1,0,0,-1
306,1,719,136,1202,382,-1,0,0,-1
306,2,668,366,360,110,-1,0,0,-1
306,3,67,211,694,177,-1,0,0,-1
307,1,719,136,1202,382,-1,0,0,-1
307,2,670,366,360,110,-1,0,0,-1
307,3,67,211,694,177,-1,0,0,-1
308,1,719,135,1205,383,-1,0,0,-1
308,2,672,366,363,110,-1,0,0,-1
308,3,67,211,694,177,-1,0,0,-1
309,1,720,136,1202,382,-1,0,0,-1
309,2,673,366,362,110,-1,0,0,-1
309,3,67,211,694,177,-1,0,0,-1
310,1,729,134,1200,385,-1,0,0,-1
310,2,675,366,362,110,-1,0,0,-1
310,3,67,211,694,177,-1,0,0,-1
311,1,730,134,1191,385,-1,0,0,-1
311,2,675,366,365,111,-1,0,0,-1
311,3,67,211,694,177,-1,0,0,-1
312,1,735,134,1185,385,-1,0,0,-1
312,2,679,366,363,110,-1,0,0,-1
312,3,67,211,694,177,-1,0,0,-1
313,1,735,134,1185,385,-1,0,0,-1
313,2,682,367,362,110,-1,0,0,-1
313,3,67,211,694,177,-1,0,0,-1
314,1,739,134,1181,384,-1,0,0,-1
314,2,684,367,362,110,-1,0,0,-1
314,3,67,211,694,177,-1,0,0,-1
315,1,739,134,1181,384,-1,0,0,-1
315,2,686,367,362,110,-1,0,0,-1
315,3,67,211,694,177,-1,0,0,-1
316,1,740,134,1180,384,-1,0,0,-1
316,2,688,367,362,110,-1,0,0,-1
316,3,67,211,694,177,-1,0,0,-1
317,1,739,134,1183,385,-1,0,0,-1
317,2,690,367,361,109,-1,0,0,-1
317,3,67,211,694,177,-1,0,0,-1
318,1,746,133,1177,385,-1,0,0,-1
318,2,692,367,361,109,-1,0,0,-1
318,3,67,211,694,177,-1,0,0,-1
319,1,747,133,1174,385,-1,0,0,-1
319,2,694,367,361,109,-1,0,0,-1
319,3,67,211,694,177,-1,0,0,-1
320,1,753,133,1168,385,-1,0,0,-1
320,2,696,367,360,109,-1,0,0,-1
320,3,67,211,694,177,-1,0,0,-1
321,1,754,133,1167,385,-1,0,0,-1
321,2,698,368,360,109,-1,0,0,-1
321,3,67,211,694,177,-1,0,0,-1
322,1,754,133,1166,385,-1,0,0,-1
322,2,700,368,360,109,-1,0,0,-1
322,3,67,211,694,177,-1,0,0,-1
323,1,757,134,1163,384,-1,0,0,-1
323,2,702,368,360,109,-1,0,0,-1
323,3,67,211,694,177,-1,0,0,-1
324,1,761,133,1159,385,-1,0,0,-1
324,2,704,368,359,109,-1,0,0,-1
324,3,67,211,742,177,-1,0,0,-1
325,1,761,133,1159,385,-1,0,0,-1
325,2,706,368,360,109,-1,0,0,-1
325,3,67,211,742,177,-1,0,0,-1
326,1,761,133,1160,385,-1,0,0,-1
326,2,708,368,359,109,-1,0,0,-1
326,3,67,211,742,177,-1,0,0,-1
327,1,764,134,1157,384,-1,0,0,-1
327,2,710,368,359,109,-1,0,0,-1
327,3,67,211,742,177,-1,0,0,-1
328,1,768,135,1153,383,-1,0,0,-1
328,2,712,368,359,109,-1,0,0,-1
328,3,67,211,742,177,-1,0,0,-1
329,1,772,135,1150,382,-1,0,0,-1
329,2,714,368,359,109,-1,0,0,-1
329,3,67,211,742,177,-1,0,0,-1
330,1,760,132,1164,387,-1,0,0,-1
330,2,716,369,358,109,-1,0,0,-1
330,3,67,211,742,177,-1,0,0,-1
331,1,759,131,1169,388,-1,0,0,-1
331,2,718,369,358,109,-1,0,0,-1
331,3,67,211,742,177,-1,0,0,-1
332,1,759,130,1171,389,-1,0,0,-1
332,2,720,369,358,108,-1,0,0,-1
332,3,67,211,742,177,-1,0,0,-1
333,1,777,131,1150,388,-1,0,0,-1
333,2,722,369,358,108,-1,0,0,-1
333,3,67,211,797,177,-1,0,0,-1
334,1,777,131,1143,388,-1,0,0,-1
334,2,724,369,358,108,-1,0,0,-1
334,3,67,211,797,177,-1,0,0,-1
335,1,778,131,1143,388,-1,0,0,-1
335,2,726,369,358,108,-1,0,0,-1
335,3,67,211,797,177,-1,0,0,-1
336,1,780,132,1141,387,-1,0,0,-1
336,2,728,369,357,108,-1,0,0,-1
336,3,67,211,797,177,-1,0,0,-1
337,1,784,133,1136,386,-1,0,0,-1
337,2,729,369,357,108,-1,0,0,-1
337,3,67,211,797,177,-1,0,0,-1
338,1,787,132,1139,386,-1,0,0,-1
338,2,731,370,357,108,-1,0,0,-1
338,3,67,211,797,177,-1,0,0,-1
339,1,788,133,1137,386,-1,0,0,-1
339,2,733,370,357,108,-1,0,0,-1
339,3,67,211,797,177,-1,0,0,-1
340,1,790,133,1137,386,-1,0,0,-1
340,2,736,370,356,108,-1,0,0,-1
340,3,67,211,797,177,-1,0,0,-1
341,1,793,134,1134,385,-1,0,0,-1
341,2,738,370,356,108,-1,0,0,-1
341,3,67,211,797,177,-1,0,0,-1
342,1,795,134,1132,384,-1,0,0,-1
342,2,739,370,356,108,-1,0,0,-1
342,3,67,211,797,177,-1,0,0,-1
343,1,798,135,1130,383,-1,0,0,-1
343,2,741,370,356,108,-1,0,0,-1
343,3,67,211,797,177,-1,0,0,-1
344,1,799,135,1130,384,-1,0,0,-1
344,2,744,370,355,108,-1,0,0,-1
344,3,67,211,797,177,-1,0,0,-1
345,1,801,135,1130,384,-1,0,0,-1
345,2,746,371,355,108,-1,0,0,-1
345,3,67,211,797,177,-1,0,0,-1
346,1,802,135,1130,384,-1,0,0,-1
346,2,743,369,356,112,-1,0,0,-1
346,3,67,211,797,177,-1,0,0,-1
347,1,804,135,1128,383,-1,0,0,-1
347,2,744,369,356,112,-1,0,0,-1
347,3,67,211,797,177,-1,0,0,-1
348,1,807,136,1127,382,-1,0,0,-1
348,2,745,369,355,112,-1,0,0,-1
348,3,67,211,797,177,-1,0,0,-1
349,1,809,136,1125,382,-1,0,0,-1
349,2,749,369,354,112,-1,0,0,-1
349,3,67,211,797,177,-1,0,0,-1
350,1,812,137,1122,381,-1,0,0,-1
350,2,752,370,350,110,-1,0,0,-1
350,3,67,211,797,177,-1,0,0,-1
351,1,813,137,1123,381,-1,0,0,-1
351,2,754,370,351,111,-1,0,0,-1
351,3,67,211,797,177,-1,0,0,-1
352,1,815,137,1123,381,-1,0,0,-1
352,2,755,370,355,112,-1,0,0,-1
352,3,67,211,797,177,-1,0,0,-1
353,1,817,137,1122,381,-1,0,0,-1
353,2,757,370,354,111,-1,0,0,-1
353,3,67,211,797,177,-1,0,0,-1
354,1,819,138,1121,380,-1,0,0,-1
354,2,759,370,355,112,-1,0,0,-1
354,3,67,211,797,177,-1,0,0,-1
355,1,821,138,1119,380,-1,0,0,-1
355,2,761,370,354,111,-1,0,0,-1
355,3,67,211,797,177,-1,0,0,-1
356,1,821,138,1119,380,-1,0,0,-1
356,2,763,370,357,111,-1,0,0,-1
356,3,67,211,797,177,-1,0,0,-1
357,1,821,138,1119,380,-1,0,0,-1
357,2,764,370,357,111,-1,0,0,-1
357,3,67,211,797,177,-1,0,0,-1
358,1,827,139,1118,379,-1,0,0,-1
358,2,765,370,356,111,-1,0,0,-1
358,3,67,211,854,177,-1,0,0,-1
359,1,827,139,1118,379,-1,0,0,-1
359,2,767,370,356,111,-1,0,0,-1
359,3,67,211,854,177,-1,0,0,-1
360,1,832,138,1113,379,-1,0,0,-1
360,2,771,370,356,111,-1,0,0,-1
360,3,67,211,854,177,-1,0,0,-1
361,1,833,138,1088,379,-1,0,0,-1
361,2,774,371,351,109,-1,0,0,-1
361,3,67,211,854,177,-1,0,0,-1
362,1,833,138,1087,379,-1,0,0,-1
362,2,775,371,356,111,-1,0,0,-1
362,3,67,211,854,177,-1,0,0,-1
363,1,835,138,1087,379,-1,0,0,-1
363,2,777,371,356,111,-1,0,0,-1
363,3,67,211,854,177,-1,0,0,-1
364,1,839,140,1082,377,-1,0,0,-1
364,2,779,371,356,111,-1,0,0,-1
364,3,67,211,854,177,-1,0,0,-1
365,1,833,137,1094,381,-1,0,0,-1
365,2,781,371,355,111,-1,0,0,-1
365,3,67,167,910,221,-1,0,0,-1
366,1,844,140,1082,377,-1,0,0,-1
366,2,783,371,355,110,-1,0,0,-1
366,3,67,167,910,221,-1,0,0,-1
367,1,845,140,1081,377,-1,0,0,-1
367,2,785,371,355,110,-1,0,0,-1
367,3,67,167,910,221,-1,0,0,-1
368,1,847,141,1079,376,-1,0,0,-1
368,2,787,371,354,110,-1,0,0,-1
368,3,67,167,910,221,-1,0,0,-1
369,1,849,141,1079,376,-1,0,0,-1
369,2,789,372,354,110,-1,0,0,-1
369,3,67,167,910,221,-1,0,0,-1
370,1,852,141,1077,375,-1,0,0,-1
370,2,791,372,354,110,-1,0,0,-1
370,3,67,167,910,221,-1,0,0,-1
371,1,855,142,1074,374,-1,0,0,-1
371,2,793,372,354,110,-1,0,0,-1
371,3,67,167,910,221,-1,0,0,-1
372,1,856,142,1075,374,-1,0,0,-1
372,2,795,372,354,110,-1,0,0,-1
372,3,67,167,910,221,-1,0,0,-1
373,1,858,142,1075,374,-1,0,0,-1
373,2,797,372,354,110,-1,0,0,-1
373,3,67,167,910,221,-1,0,0,-1
374,1,860,142,1073,374,-1,0,0,-1
374,2,799,372,354,110,-1,0,0,-1
374,3,67,167,910,221,-1,0,0,-1
375,1,861,143,1072,373,-1,0,0,-1
375,2,801,369,353,113,-1,0,0,-1
375,3,67,167,910,221,-1,0,0,-1
376,1,863,143,1072,373,-1,0,0,-1
376,2,802,369,353,113,-1,0,0,-1
376,3,67,167,910,221,-1,0,0,-1
377,1,867,144,1068,372,-1,0,0,-1
377,2,803,369,352,113,-1,0,0,-1
377,3,67,167,910,221,-1,0,0,-1
378,1,869,144,1067,372,-1,0,0,-1
378,2,806,370,351,112,-1,0,0,-1
378,3,67,167,910,221,-1,0,0,-1
379,1,870,144,1067,372,-1,0,0,-1
379,2,810,370,345,110,-1,0,0,-1
379,3,67,167,918,221,-1,0,0,-1
380,1,871,144,1068,372,-1,0,0,-1
380,2,811,370,352,113,-1,0,0,-1
380,3,67,167,918,221,-1,0,0,-1
381,1,874,145,1066,371,-1,0,0,-1
381,2,813,370,352,113,-1,0,0,-1
381,3,67,167,918,221,-1,0,0,-1
382,1,877,145,1064,371,-1,0,0,-1
382,2,815,370,352,113,-1,0,0,-1
382,3,67,167,918,221,-1,0,0,-1
383,1,879,146,1060,369,-1,0,0,-1
383,2,817,370,352,113,-1,0,0,-1
383,3,67,167,918,221,-1,0,0,-1
384,1,881,146,1060,369,-1,0,0,-1
384,2,819,370,352,113,-1,0,0,-1
384,3,67,167,918,221,-1,0,0,-1
385,1,881,146,1060,369,-1,0,0,-1
385,2,821,370,351,112,-1,0,0,-1
385,3,67,167,918,221,-1,0,0,-1
386,1,881,146,1060,369,-1,0,0,-1
386,2,823,370,351,112,-1,0,0,-1
386,3,67,167,918,221,-1,0,0,-1
387,1,887,146,1054,369,-1,0,0,-1
387,2,825,371,351,112,-1,0,0,-1
387,3,67,167,918,221,-1,0,0,-1
388,1,888,146,1032,369,-1,0,0,-1
388,2,827,371,351,112,-1,0,0,-1
388,3,67,167,918,221,-1,0,0,-1
389,1,889,146,1032,369,-1,0,0,-1
389,2,829,371,350,112,-1,0,0,-1
389,3,67,167,918,221,-1,0,0,-1
390,1,890,146,1032,369,-1,0,0,-1
390,2,830,371,350,112,-1,0,0,-1
390,3,67,167,918,221,-1,0,0,-1
391,1,890,146,1030,369,-1,0,0,-1
391,2,832,371,350,112,-1,0,0,-1
391,3,67,167,918,221,-1,0,0,-1
392,1,890,146,1030,369,-1,0,0,-1
392,2,833,371,350,112,-1,0,0,-1
392,3,67,167,918,221,-1,0,0,-1
393,1,891,146,1030,369,-1,0,0,-1
393,2,834,371,349,112,-1,0,0,-1
393,3,67,167,918,221,-1,0,0,-1
394,1,893,147,1028,368,-1,0,0,-1
394,2,838,371,349,112,-1,0,0,-1
394,3,67,167,918,221,-1,0,0,-1
395,1,899,148,1022,366,-1,0,0,-1
395,2,841,372,345,110,-1,0,0,-1
395,3,67,167,918,221,-1,0,0,-1
396,1,901,148,1023,366,-1,0,0,-1
396,2,842,372,349,112,-1,0,0,-1
396,3,67,167,918,221,-1,0,0,-1
397,1,902,148,1024,367,-1,0,0,-1
397,2,844,372,349,112,-1,0,0,-1
397,3,67,167,918,221,-1,0,0,-1
398,1,904,148,1023,366,-1,0,0,-1
398,2,846,372,349,112,-1,0,0,-1
398,3,67,167,918,221,-1,0,0,-1
399,1,906,149,1022,366,-1,0,0,-1
399,2,848,372,349,112,-1,0,0,-1
399,3,67,167,918,221,-1,0,0,-1
400,1,913,149,1015,365,-1,0,0,-1
400,2,850,372,348,112,-1,0,0,-1
400,3,67,167,918,221,-1,0,0,-1
401,1,914,149,1007,365,-1,0,0,-1
401,2,852,372,348,111,-1,0,0,-1
401,3,67,167,918,221,-1,0,0,-1
402,1,915,149,1007,365,-1,0,0,-1
402,2,854,372,348,111,-1,0,0,-1
402,3,67,167,918,221,-1,0,0,-1
403,1,916,148,1007,366,-1,0,0,-1
403,2,856,372,348,111,-1,0,0,-1
403,3,67,167,918,221,-1,0,0,-1
404,1,920,148,1000,366,-1,0,0,-1
404,2,858,373,348,111,-1,0,0,-1
404,3,67,167,918,221,-1,0,0,-1
405,1,920,148,1000,366,-1,0,0,-1
405,2,860,373,347,111,-1,0,0,-1
405,3,67,167,918,221,-1,0,0,-1
406,1,922,148,999,366,-1,0,0,-1
406,2,861,373,347,111,-1,0,0,-1
406,3,67,167,923,225,-1,0,0,-1
407,1,923,148,998,366,-1,0,0,-1
407,2,863,373,347,111,-1,0,0,-1
407,3,67,167,923,225,-1,0,0,-1
408,1,929,148,992,366,-1,0,0,-1
408,2,865,373,347,111,-1,0,0,-1
408,3,67,167,923,225,-1,0,0,-1
409,1,930,148,991,366,-1,0,0,-1
409,2,867,373,347,111,-1,0,0,-1
409,3,67,167,923,225,-1,0,0,-1
410,1,931,148,990,366,-1,0,0,-1
410,2,869,373,347,111,-1,0,0,-1
410,3,67,167,923,225,-1,0,0,-1
411,1,931,148,990,366,-1,0,0,-1
411,2,871,373,346,111,-1,0,0,-1
411,3,67,167,923,225,-1,0,0,-1
412,1,932,148,990,367,-1,0,0,-1
412,2,873,374,346,111,-1,0,0,-1
412,3,67,167,923,225,-1,0,0,-1
413,1,938,148,983,367,-1,0,0,-1
413,2,876,374,346,111,-1,0,0,-1
413,3,67,167,923,225,-1,0,0,-1
414,1,939,148,982,367,-1,0,0,-1
414,2,877,374,346,111,-1,0,0,-1
414,3,67,167,923,225,-1,0,0,-1
415,1,942,148,978,367,-1,0,0,-1
415,2,879,374,345,111,-1,0,0,-1
415,3,67,167,923,225,-1,0,0,-1
416,1,943,148,978,367,-1,0,0,-1
416,2,881,374,345,111,-1,0,0,-1
416,3,67,167,923,225,-1,0,0,-1
417,1,947,148,974,367,-1,0,0,-1
417,2,883,374,345,110,-1,0,0,-1
417,3,67,167,923,225,-1,0,0,-1
418,1,948,148,973,367,-1,0,0,-1
418,2,885,374,345,110,-1,0,0,-1
418,3,67,167,923,225,-1,0,0,-1
419,1,949,148,971,367,-1,0,0,-1
419,2,887,375,345,110,-1,0,0,-1
419,3,67,167,923,225,-1,0,0,-1
420,1,950,148,971,367,-1,0,0,-1
420,2,890,375,344,110,-1,0,0,-1
420,3,67,167,923,225,-1,0,0,-1
421,1,952,148,968,367,-1,0,0,-1
421,2,891,375,344,110,-1,0,0,-1
421,3,67,167,923,225,-1,0,0,-1
422,1,952,148,968,367,-1,0,0,-1
422,2,893,375,344,110,-1,0,0,-1
422,3,67,167,923,225,-1,0,0,-1
423,1,956,148,965,367,-1,0,0,-1
423,2,895,375,344,110,-1,0,0,-1
423,3,67,167,923,225,-1,0,0,-1
424,1,957,148,964,367,-1,0,0,-1
424,2,897,375,344,110,-1,0,0,-1
424,3,67,167,923,225,-1,0,0,-1
425,1,960,148,961,367,-1,0,0,-1
425,2,899,375,344,110,-1,0,0,-1
425,3,67,167,923,225,-1,0,0,-1
426,1,960,148,960,367,-1,0,0,-1
426,2,901,376,343,110,-1,0,0,-1
426,3,67,167,923,225,-1,0,0,-1
427,1,965,148,956,367,-1,0,0,-1
427,2,903,376,343,110,-1,0,0,-1
427,3,67,167,923,225,-1,0,0,-1
428,1,966,148,955,367,-1,0,0,-1
428,2,905,376,343,110,-1,0,0,-1
428,3,67,167,923,225,-1,0,0,-1
429,1,970,148,950,367,-1,0,0,-1
429,2,907,376,343,110,-1,0,0,-1
429,3,67,167,923,225,-1,0,0,-1
430,1,971,148,950,367,-1,0,0,-1
430,2,909,376,343,110,-1,0,0,-1
430,3,67,167,923,225,-1,0,0,-1
431,1,974,148,947,367,-1,0,0,-1
431,2,911,376,342,110,-1,0,0,-1
431,3,67,167,923,225,-1,0,0,-1
432,1,974,148,946,367,-1,0,0,-1
432,2,913,376,342,109,-1,0,0,-1
432,3,67,167,923,225,-1,0,0,-1
433,1,979,148,942,367,-1,0,0,-1
433,2,915,376,342,109,-1,0,0,-1
433,3,67,167,923,225,-1,0,0,-1
434,1,979,148,941,367,-1,0,0,-1
434,2,918,377,341,109,-1,0,0,-1
434,3,67,167,923,225,-1,0,0,-1
435,1,985,148,936,367,-1,0,0,-1
435,2,919,377,342,109,-1,0,0,-1
435,3,67,167,923,225,-1,0,0,-1
436,1,985,148,935,367,-1,0,0,-1
436,2,921,377,341,109,-1,0,0,-1
436,3,67,167,923,225,-1,0,0,-1
437,1,992,148,928,367,-1,0,0,-1
437,2,923,377,341,109,-1,0,0,-1
437,3,67,167,923,225,-1,0,0,-1
438,1,993,148,928,367,-1,0,0,-1
438,2,925,377,341,109,-1,0,0,-1
438,3,67,167,923,225,-1,0,0,-1
439,1,994,148,927,367,-1,0,0,-1
439,2,927,377,341,109,-1,0,0,-1
439,3,67,167,923,225,-1,0,0,-1
440,1,992,147,930,368,-1,0,0,-1
440,2,930,378,340,109,-1,0,0,-1
440,3,67,167,923,225,-1,0,0,-1
441,1,1000,150,923,365,-1,0,0,-1
441,2,931,378,340,109,-1,0,0,-1
441,3,67,167,949,225,-1,0,0,-1
442,1,997,163,929,353,-1,0,0,-1
442,2,934,378,340,109,-1,0,0,-1
442,3,67,167,949,225,-1,0,0,-1
443,1,998,163,923,353,-1,0,0,-1
443,2,935,378,340,109,-1,0,0,-1
443,3,67,167,949,225,-1,0,0,-1
444,1,999,163,922,353,-1,0,0,-1
444,2,936,378,339,109,-1,0,0,-1
444,3,67,167,949,225,-1,0,0,-1
445,1,1002,162,921,354,-1,0,0,-1
445,2,938,378,339,109,-1,0,0,-1
445,3,67,167,949,225,-1,0,0,-1
446,1,1003,162,918,354,-1,0,0,-1
446,2,942,379,339,109,-1,0,0,-1
446,3,67,167,949,225,-1,0,0,-1
447,1,1008,162,913,354,-1,0,0,-1
447,2,944,379,339,109,-1,0,0,-1
447,3,67,167,949,225,-1,0,0,-1
448,1,1009,162,912,354,-1,0,0,-1
448,2,946,379,339,109,-1,0,0,-1
448,3,67,167,949,225,-1,0,0,-1
449,1,1016,162,905,354,-1,0,0,-1
449,2,948,379,339,109,-1,0,0,-1
449,3,67,167,949,225,-1,0,0,-1
450,1,1016,162,904,354,-1,0,0,-1
450,2,950,379,339,109,-1,0,0,-1
450,3,67,167,949,225,-1,0,0,-1
451,1,1018,162,903,354,-1,0,0,-1
451,2,952,379,338,109,-1,0,0,-1
451,3,67,167,949,225,-1,0,0,-1
452,1,1019,163,902,353,-1,0,0,-1
452,2,954,379,338,108,-1,0,0,-1
452,3,67,167,949,225,-1,0,0,-1
453,1,1024,164,898,352,-1,0,0,-1
453,2,956,379,338,108,-1,0,0,-1
453,3,67,167,972,225,-1,0,0,-1
454,1,1026,164,899,352,-1,0,0,-1
454,2,958,380,338,108,-1,0,0,-1
454,3,67,167,972,225,-1,0,0,-1
455,1,1027,164,899,352,-1,0,0,-1
455,2,960,380,338,108,-1,0,0,-1
455,3,67,167,972,225,-1,0,0,-1
456,1,1029,164,897,351,-1,0,0,-1
456,2,961,380,337,108,-1,0,0,-1
456,3,67,167,972,225,-1,0,0,-1
457,1,1031,165,895,351,-1,0,0,-1
457,2,963,380,337,108,-1,0,0,-1
457,3,67,167,972,225,-1,0,0,-1
458,1,1034,165,894,350,-1,0,0,-1
458,2,960,380,342,108,-1,0,0,-1
458,3,67,167,972,225,-1,0,0,-1
459,1,1036,166,893,350,-1,0,0,-1
459,2,961,380,342,108,-1,0,0,-1
459,3,67,167,972,225,-1,0,0,-1
460,1,1038,166,892,349,-1,0,0,-1
460,2,962,380,341,108,-1,0,0,-1
460,3,67,167,972,225,-1,0,0,-1
461,1,1040,166,891,349,-1,0,0,-1
461,2,961,380,343,108,-1,0,0,-1
461,3,67,167,972,225,-1,0,0,-1
462,1,1042,166,891,349,-1,0,0,-1
462,2,968,381,334,105,-1,0,0,-1
462,3,67,167,972,225,-1,0,0,-1
463,1,1043,167,890,348,-1,0,0,-1
463,2,969,381,341,108,-1,0,0,-1
463,3,67,167,972,225,-1,0,0,-1
464,1,1045,167,889,348,-1,0,0,-1
464,2,971,381,341,108,-1,0,0,-1
464,3,67,167,987,225,-1,0,0,-1
465,1,1049,168,885,347,-1,0,0,-1
465,2,973,381,341,108,-1,0,0,-1
465,3,67,167,987,225,-1,0,0,-1
466,1,1050,168,885,346,-1,0,0,-1
466,2,975,381,341,108,-1,0,0,-1
466,3,67,167,987,225,-1,0,0,-1
467,1,1052,169,884,346,-1,0,0,-1
467,2,977,381,340,108,-1,0,0,-1
467,3,67,167,987,225,-1,0,0,-1
468,1,1054,169,883,346,-1,0,0,-1
468,2,979,381,340,107,-1,0,0,-1
468,3,67,167,987,225,-1,0,0,-1
469,1,1054,169,883,346,-1,0,0,-1
469,2,981,381,340,107,-1,0,0,-1
469,3,67,167,987,225,-1,0,0,-1
470,1,1054,169,883,346,-1,0,0,-1
470,2,983,381,340,107,-1,0,0,-1
470,3,67,167,987,225,-1,0,0,-1
471,1,1054,169,883,346,-1,0,0,-1
471,2,985,382,340,107,-1,0,0,-1
471,3,67,167,987,225,-1,0,0,-1
472,1,1058,169,879,346,-1,0,0,-1
472,2,987,382,339,107,-1,0,0,-1
472,3,67,167,987,225,-1,0,0,-1
473,1,1058,169,862,346,-1,0,0,-1
473,2,989,382,339,107,-1,0,0,-1
473,3,67,167,987,225,-1,0,0,-1
474,1,1059,169,862,346,-1,0,0,-1
474,2,990,382,339,107,-1,0,0,-1
474,3,67,167,987,225,-1,0,0,-1
475,1,1064,169,857,346,-1,0,0,-1
475,2,992,382,339,107,-1,0,0,-1
475,3,67,167,987,225,-1,0,0,-1
476,1,1065,169,856,346,-1,0,0,-1
476,2,994,382,339,107,-1,0,0,-1
476,3,67,167,987,225,-1,0,0,-1
477,1,1066,169,855,346,-1,0,0,-1
477,2,996,382,339,107,-1,0,0,-1
477,3,67,167,987,225,-1,0,0,-1
478,1,1068,169,854,347,-1,0,0,-1
478,2,998,382,339,107,-1,0,0,-1
478,3,67,167,987,225,-1,0,0,-1
479,1,1069,169,852,347,-1,0,0,-1
479,2,1000,383,338,107,-1,0,0,-1
479,3,67,167,987,225,-1,0,0,-1
480,1,1073,169,848,347,-1,0,0,-1
480,2,1002,383,338,107,-1,0,0,-1
480,3,67,167,987,225,-1,0,0,-1
481,1,1073,169,847,347,-1,0,0,-1
481,2,1003,383,338,107,-1,0,0,-1
481,3,67,167,987,225,-1,0,0,-1
482,1,1075,169,846,347,-1,0,0,-1
482,2,1005,383,338,107,-1,0,0,-1
482,3,67,167,990,225,-1,0,0,-1
483,1,1080,169,842,348,-1,0,0,-1
483,2,1007,383,338,107,-1,0,0,-1
483,3,67,167,990,225,-1,0,0,-1
484,1,1081,169,840,348,-1,0,0,-1
484,2,1009,383,338,107,-1,0,0,-1
484,3,67,167,990,225,-1,0,0,-1
485,1,1081,169,840,348,-1,0,0,-1
485,2,1011,383,337,106,-1,0,0,-1
485,3,67,167,990,225,-1,0,0,-1
486,1,1084,168,838,349,-1,0,0,-1
486,2,1013,383,337,106,-1,0,0,-1
486,3,67,167,990,225,-1,0,0,-1
487,1,1085,168,836,349,-1,0,0,-1
487,2,1014,384,337,106,-1,0,0,-1
487,3,67,167,990,225,-1,0,0,-1
488,1,1086,168,835,349,-1,0,0,-1
488,2,1016,384,337,106,-1,0,0,-1
488,3,67,167,990,225,-1,0,0,-1
489,1,1089,168,832,350,-1,0,0,-1
489,2,1018,384,337,106,-1,0,0,-1
489,3,67,167,990,225,-1,0,0,-1
490,1,1090,168,831,350,-1,0,0,-1
490,2,1020,384,337,106,-1,0,0,-1
490,3,67,167,990,225,-1,0,0,-1
491,1,1092,168,828,350,-1,0,0,-1
491,2,1022,384,336,106,-1,0,0,-1
491,3,67,167,990,225,-1,0,0,-1
492,1,1092,168,828,350,-1,0,0,-1
492,2,1023,384,336,106,-1,0,0,-1
492,3,67,167,990,225,-1,0,0,-1
493,1,1098,168,823,350,-1,0,0,-1
493,2,1025,384,336,106,-1,0,0,-1
493,3,67,167,990,225,-1,0,0,-1
494,1,1099,168,822,350,-1,0,0,-1
494,2,1027,384,336,106,-1,0,0,-1
494,3,67,167,990,225,-1,0,0,-1
495,1,1099,168,821,350,-1,0,0,-1
495,2,1029,384,336,106,-1,0,0,-1
495,3,67,167,990,225,-1,0,0,-1
496,1,1101,169,821,349,-1,0,0,-1
496,2,1031,385,335,106,-1,0,0,-1
496,3,67,167,990,225,-1,0,0,-1
497,1,1103,169,818,348,-1,0,0,-1
497,2,1032,385,335,106,-1,0,0,-1
497,3,67,167,990,225,-1,0,0,-1
498,1,1108,170,816,347,-1,0,0,-1
498,2,1034,385,335,106,-1,0,0,-1
498,3,67,167,990,225,-1,0,0,-1
499,1,1108,177,818,342,-1,0,0,-1
499,2,1036,385,335,106,-1,0,0,-1
499,3,67,167,990,225,-1,0,0,-1
500,1,1108,177,812,342,-1,0,0,-1
500,2,1037,385,335,106,-1,0,0,-1
500,3,67,167,990,225,-1,0,0,-1
501,1,1113,177,808,342,-1,0,0,-1
501,2,1038,385,334,106,-1,0,0,-1
501,3,67,167,990,225,-1,0,0,-1
502,1,1113,177,807,342,-1,0,0,-1
502,2,1040,385,334,106,-1,0,0,-1
502,3,67,167,990,225,-1,0,0,-1
503,1,1114,177,807,342,-1,0,0,-1
503,2,1044,386,331,105,-1,0,0,-1
503,3,67,167,990,225,-1,0,0,-1
504,1,1116,178,805,341,-1,0,0,-1
504,2,1045,386,334,106,-1,0,0,-1
504,3,67,167,990,225,-1,0,0,-1
505,1,1121,179,799,340,-1,0,0,-1
505,2,1046,386,334,106,-1,0,0,-1
505,3,67,167,990,225,-1,0,0,-1
506,1,1122,179,799,340,-1,0,0,-1
506,2,1048,386,334,106,-1,0,0,-1
506,3,67,167,990,225,-1,0,0,-1
507,1,1124,180,796,339,-1,0,0,-1
507,2,1050,386,334,106,-1,0,0,-1
507,3,67,167,990,225,-1,0,0,-1
508,1,1124,179,797,341,-1,0,0,-1
508,2,1052,386,334,106,-1,0,0,-1
508,3,67,167,990,225,-1,0,0,-1
509,1,1125,179,796,341,-1,0,0,-1
509,2,1053,386,334,106,-1,0,0,-1
509,3,67,167,990,225,-1,0,0,-1
510,1,1131,179,789,341,-1,0,0,-1
510,2,1054,386,334,106,-1,0,0,-1
510,3,67,167,990,225,-1,0,0,-1
511,1,1132,179,789,341,-1,0,0,-1
511,2,1055,386,333,106,-1,0,0,-1
511,3,67,167,990,225,-1,0,0,-1
512,1,1132,179,789,341,-1,0,0,-1
512,2,1055,386,338,107,-1,0,0,-1
512,3,67,167,990,225,-1,0,0,-1
513,1,1134,179,787,341,-1,0,0,-1
513,2,1060,387,333,106,-1,0,0,-1
513,3,67,167,990,225,-1,0,0,-1
514,1,1135,179,786,341,-1,0,0,-1
514,2,1062,387,333,106,-1,0,0,-1
514,3,67,167,990,225,-1,0,0,-1
515,1,1137,179,783,341,-1,0,0,-1
515,2,1064,387,333,106,-1,0,0,-1
515,3,67,167,990,225,-1,0,0,-1
516,1,1138,179,783,341,-1,0,0,-1
516,2,1066,387,333,106,-1,0,0,-1
516,3,67,167,990,225,-1,0,0,-1
517,1,1142,179,778,341,-1,0,0,-1
517,2,1067,387,333,106,-1,0,0,-1
517,3,67,167,990,225,-1,0,0,-1
518,1,1143,179,778,341,-1,0,0,-1
518,2,1069,387,333,106,-1,0,0,-1
518,3,67,167,990,225,-1,0,0,-1
519,1,1146,179,774,341,-1,0,0,-1
519,2,1071,387,333,106,-1,0,0,-1
519,3,67,167,990,225,-1,0,0,-1
520,1,1146,179,774,341,-1,0,0,-1
520,2,1073,387,332,105,-1,0,0,-1
520,3,67,167,990,225,-1,0,0,-1
521,1,1147,179,773,341,-1,0,0,-1
521,2,1074,388,332,105,-1,0,0,-1
521,3,67,167,990,225,-1,0,0,-1
522,1,1152,179,769,341,-1,0,0,-1
522,2,1076,388,332,105,-1,0,0,-1
522,3,67,167,990,225,-1,0,0,-1
523,1,1153,179,768,341,-1,0,0,-1
523,2,1078,388,332,105,-1,0,0,-1
523,3,67,167,990,225,-1,0,0,-1
524,1,1154,179,767,341,-1,0,0,-1
524,2,1079,388,332,105,-1,0,0,-1
524,3,67,167,990,225,-1,0,0,-1
525,1,1152,179,769,341,-1,0,0,-1
525,2,1081,388,332,105,-1,0,0,-1
525,3,67,167,990,225,-1,0,0,-1
526,1,1158,181,763,339,-1,0,0,-1
526,2,1083,388,332,105,-1,0,0,-1
526,3,67,167,990,225,-1,0,0,-1
527,1,1162,181,759,339,-1,0,0,-1
527,2,1084,388,332,105,-1,0,0,-1
527,3,67,167,990,225,-1,0,0,-1
528,1,1163,181,758,339,-1,0,0,-1
528,2,1085,388,331,105,-1,0,0,-1
528,3,67,167,990,225,-1,0,0,-1
529,1,1163,181,757,339,-1,0,0,-1
529,2,1086,388,331,105,-1,0,0,-1
529,3,67,167,990,225,-1,0,0,-1
530,1,1165,182,756,338,-1,0,0,-1
530,2,1090,389,328,104,-1,0,0,-1
530,3,67,167,990,225,-1,0,0,-1
531,1,1163,181,759,340,-1,0,0,-1
531,2,1091,389,331,105,-1,0,0,-1
531,3,67,167,990,225,-1,0,0,-1
532,1,1163,180,760,340,-1,0,0,-1
532,2,1093,389,331,105,-1,0,0,-1
532,3,67,167,990,225,-1,0,0,-1
533,1,1172,183,752,336,-1,0,0,-1
533,2,1095,389,331,105,-1,0,0,-1
533,3,67,167,990,225,-1,0,0,-1
534,1,1174,183,751,336,-1,0,0,-1
534,2,1097,389,331,105,-1,0,0,-1
534,3,67,167,990,225,-1,0,0,-1
535,1,1176,184,750,335,-1,0,0,-1
535,2,1098,389,331,105,-1,0,0,-1
535,3,67,167,990,225,-1,0,0,-1
536,1,1178,184,749,335,-1,0,0,-1
536,2,1100,389,331,105,-1,0,0,-1
536,3,67,167,990,225,-1,0,0,-1
537,1,1179,185,747,334,-1,0,0,-1
537,2,1102,389,331,105,-1,0,0,-1
537,3,67,167,990,225,-1,0,0,-1
538,1,1183,186,744,333,-1,0,0,-1
538,2,1103,389,330,104,-1,0,0,-1
538,3,67,167,990,225,-1,0,0,-1
539,1,1184,186,744,333,-1,0,0,-1
539,2,1105,390,330,104,-1,0,0,-1
539,3,67,167,990,225,-1,0,0,-1
540,1,1185,186,745,333,-1,0,0,-1
540,2,1107,390,330,104,-1,0,0,-1
540,3,67,167,990,225,-1,0,0,-1
541,1,1187,186,744,333,-1,0,0,-1
541,2,1108,390,330,104,-1,0,0,-1
541,3,67,167,990,225,-1,0,0,-1
542,1,1188,186,744,333,-1,0,0,-1
542,2,1110,390,330,104,-1,0,0,-1
542,3,67,167,990,225,-1,0,0,-1
543,1,1190,186,743,332,-1,0,0,-1
543,2,1112,390,330,104,-1,0,0,-1
543,3,67,167,990,225,-1,0,0,-1
544,1,1192,186,740,332,-1,0,0,-1
544,2,1114,390,330,104,-1,0,0,-1
544,3,67,167,990,225,-1,0,0,-1
545,1,1193,186,727,332,-1,0,0,-1
545,2,1115,390,330,104,-1,0,0,-1
545,3,67,167,990,225,-1,0,0,-1
546,1,1194,186,727,332,-1,0,0,-1
546,2,1116,390,330,104,-1,0,0,-1
546,3,67,167,990,225,-1,0,0,-1
547,1,1195,187,726,331,-1,0,0,-1
547,2,1119,391,328,103,-1,0,0,-1
547,3,67,167,990,225,-1,0,0,-1
548,1,1197,186,725,333,-1,0,0,-1
548,2,1122,391,326,103,-1,0,0,-1
548,3,67,167,990,225,-1,0,0,-1
549,1,1198,186,722,333,-1,0,0,-1
549,2,1123,391,329,104,-1,0,0,-1
549,3,67,167,990,225,-1,0,0,-1
550,1,1201,186,720,333,-1,0,0,-1
550,2,1124,391,329,104,-1,0,0,-1
550,3,67,167,990,225,-1,0,0,-1
551,1,1202,186,719,333,-1,0,0,-1
551,2,1126,391,329,104,-1,0,0,-1
551,3,67,167,990,225,-1,0,0,-1
552,1,1203,187,717,332,-1,0,0,-1
552,2,1128,391,329,104,-1,0,0,-1
552,3,67,167,990,225,-1,0,0,-1
553,1,1204,187,717,332,-1,0,0,-1
553,2,1130,391,329,104,-1,0,0,-1
553,3,67,167,990,225,-1,0,0,-1
554,1,1211,186,711,333,-1,0,0,-1
554,2,1131,391,329,104,-1,0,0,-1
554,3,67,167,990,225,-1,0,0,-1
555,1,1212,186,709,333,-1,0,0,-1
555,2,1133,391,328,103,-1,0,0,-1
555,3,67,167,990,225,-1,0,0,-1
556,1,1212,186,708,333,-1,0,0,-1
556,2,1135,391,328,103,-1,0,0,-1
556,3,67,167,990,225,-1,0,0,-1
557,1,1216,186,705,333,-1,0,0,-1
557,2,1137,392,328,103,-1,0,0,-1
557,3,67,167,990,225,-1,0,0,-1
558,1,1217,186,703,333,-1,0,0,-1
558,2,1138,392,328,103,-1,0,0,-1
558,3,67,167,990,225,-1,0,0,-1
559,1,1217,186,703,333,-1,0,0,-1
559,2,1140,392,328,103,-1,0,0,-1
559,3,67,167,990,225,-1,0,0,-1
560,1,1220,187,700,331,-1,0,0,-1
560,2,1142,392,328,103,-1,0,0,-1
560,3,67,167,990,225,-1,0,0,-1
561,1,1220,185,702,334,-1,0,0,-1
561,2,1144,392,328,103,-1,0,0,-1
561,3,67,167,990,225,-1,0,0,-1
562,1,1225,185,696,334,-1,0,0,-1
562,2,1146,392,328,103,-1,0,0,-1
562,3,67,167,990,225,-1,0,0,-1
563,1,1226,185,694,334,-1,0,0,-1
563,2,1147,392,328,103,-1,0,0,-1
563,3,67,167,990,225,-1,0,0,-1
564,1,1227,185,694,333,-1,0,0,-1
564,2,1149,393,327,103,-1,0,0,-1
564,3,67,167,990,225,-1,0,0,-1
565,1,1230,185,691,335,-1,0,0,-1
565,2,1151,393,327,103,-1,0,0,-1
565,3,67,167,990,225,-1,0,0,-1
566,1,1231,185,690,335,-1,0,0,-1
566,2,1153,393,327,103,-1,0,0,-1
566,3,67,167,990,225,-1,0,0,-1
567,1,1234,185,687,334,-1,0,0,-1
567,2,1155,393,327,103,-1,0,0,-1
567,3,67,167,990,225,-1,0,0,-1
568,1,1235,185,686,334,-1,0,0,-1
568,2,1157,393,327,103,-1,0,0,-1
568,3,67,167,990,225,-1,0,0,-1
569,1,1236,185,685,333,-1,0,0,-1
569,2,1158,393,326,103,-1,0,0,-1
569,3,67,167,990,225,-1,0,0,-1
570,1,1238,186,682,332,-1,0,0,-1
570,2,1160,393,326,103,-1,0,0,-1
570,3,67,167,990,225,-1,0,0,-1
571,1,1240,185,682,334,-1,0,0,-1
571,2,1162,393,326,103,-1,0,0,-1
571,3,67,167,990,225,-1,0,0,-1
572,1,1244,185,677,334,-1,0,0,-1
572,2,1164,393,326,103,-1,0,0,-1
572,3,67,167,990,225,-1,0,0,-1
573,1,1244,185,676,334,-1,0,0,-1
573,2,1166,394,326,103,-1,0,0,-1
573,3,67,167,990,225,-1,0,0,-1
574,1,1248,185,673,334,-1,0,0,-1
574,2,1168,394,325,103,-1,0,0,-1
574,3,67,167,990,225,-1,0,0,-1
575,1,1249,185,672,334,-1,0,0,-1
575,2,1170,394,325,102,-1,0,0,-1
575,3,67,167,990,225,-1,0,0,-1
576,1,1250,185,671,333,-1,0,0,-1
576,2,1172,394,325,102,-1,0,0,-1
576,3,67,167,990,225,-1,0,0,-1
577,1,1253,185,668,335,-1,0,0,-1
577,2,1173,394,325,102,-1,0,0,-1
577,3,67,167,990,225,-1,0,0,-1
578,1,1254,185,667,335,-1,0,0,-1
578,2,1176,394,324,102,-1,0,0,-1
578,3,67,167,990,225,-1,0,0,-1
579,1,1256,186,664,334,-1,0,0,-1
579,2,1177,395,324,102,-1,0,0,-1
579,3,67,167,990,225,-1,0,0,-1
580,1,1258,186,664,334,-1,0,0,-1
580,2,1179,395,324,102,-1,0,0,-1
580,3,67,167,990,225,-1,0,0,-1
581,1,1259,186,661,334,-1,0,0,-1
581,2,1180,395,323,102,-1,0,0,-1
581,3,67,167,990,225,-1,0,0,-1
582,1,1264,186,657,334,-1,0,0,-1
582,2,1181,395,323,102,-1,0,0,-1
582,3,67,167,990,225,-1,0,0,-1
583,1,1265,186,656,334,-1,0,0,-1
583,2,1183,395,323,102,-1,0,0,-1
583,3,67,167,990,225,-1,0,0,-1
584,1,1268,186,653,334,-1,0,0,-1
584,2,1187,396,320,101,-1,0,0,-1
584,3,67,167,990,225,-1,0,0,-1
585,1,1268,186,652,334,-1,0,0,-1
585,2,1188,396,323,102,-1,0,0,-1
585,3,67,167,990,225,-1,0,0,-1
586,1,1269,186,652,334,-1,0,0,-1
586,2,1190,396,323,102,-1,0,0,-1
586,3,67,167,990,225,-1,0,0,-1
587,1,1271,187,650,333,-1,0,0,-1
587,2,1192,396,323,102,-1,0,0,-1
587,3,67,167,990,225,-1,0,0,-1
588,1,1275,188,645,331,-1,0,0,-1
588,2,1194,396,323,102,-1,0,0,-1
588,3,67,167,990,225,-1,0,0,-1
589,1,1278,189,643,329,-1,0,0,-1
589,2,1196,396,322,101,-1,0,0,-1
589,3,67,167,990,225,-1,0,0,-1
590,1,1280,189,643,329,-1,0,0,-1
590,2,1198,397,322,101,-1,0,0,-1
590,3,67,167,990,225,-1,0,0,-1
591,1,1281,189,644,330,-1,0,0,-1
591,2,1200,397,322,101,-1,0,0,-1
591,3,67,167,990,225,-1,0,0,-1
592,1,1283,189,643,329,-1,0,0,-1
592,2,1202,397,322,101,-1,0,0,-1
592,3,67,167,990,225,-1,0,0,-1
593,1,1286,190,641,329,-1,0,0,-1
593,2,1204,397,321,101,-1,0,0,-1
593,3,67,167,990,225,-1,0,0,-1
594,1,1288,191,639,327,-1,0,0,-1
594,2,1206,397,321,101,-1,0,0,-1
594,3,67,167,990,225,-1,0,0,-1
595,1,1290,190,640,328,-1,0,0,-1
595,2,1208,397,321,101,-1,0,0,-1
595,3,67,167,990,225,-1,0,0,-1
596,1,1292,191,639,327,-1,0,0,-1
596,2,1210,397,320,101,-1,0,0,-1
596,3,67,167,990,225,-1,0,0,-1
597,1,1294,192,637,326,-1,0,0,-1
597,2,1212,398,320,101,-1,0,0,-1
597,3,67,167,990,225,-1,0,0,-1
598,1,1296,192,636,326,-1,0,0,-1
598,2,1214,398,320,101,-1,0,0,-1
598,3,67,167,990,225,-1,0,0,-1
599,1,1297,192,635,325,-1,0,0,-1
599,2,1216,398,319,101,-1,0,0,-1
599,3,67,167,990,225,-1,0,0,-1
600,1,1300,193,633,324,-1,0,0,-1
600,2,1218,398,319,100,-1,0,0,-1
600,3,67,167,990,225,-1,0,0,-1
601,1,1302,193,632,324,-1,0,0,-1
601,2,1220,398,319,100,-1,0,0,-1
601,3,67,167,990,225,-1,0,0,-1
602,1,1302,193,632,324,-1,0,0,-1
602,2,1222,398,319,100,-1,0,0,-1
602,3,67,167,990,225,-1,0,0,-1
603,1,1308,193,627,324,-1,0,0,-1
603,2,1224,399,317,100,-1,0,0,-1
603,3,67,167,990,225,-1,0,0,-1
604,1,1309,193,611,324,-1,0,0,-1
604,2,1226,399,318,100,-1,0,0,-1
604,3,67,167,990,225,-1,0,0,-1
605,1,1310,194,611,323,-1,0,0,-1
605,2,1228,399,317,100,-1,0,0,-1
605,3,67,167,990,225,-1,0,0,-1
606,1,1312,195,608,322,-1,0,0,-1
606,2,1230,399,316,100,-1,0,0,-1
606,3,67,167,990,225,-1,0,0,-1
607,1,1314,195,607,321,-1,0,0,-1
607,2,1232,399,317,100,-1,0,0,-1
607,3,67,167,990,225,-1,0,0,-1
608,1,1318,196,604,320,-1,0,0,-1
608,2,1234,400,316,99,-1,0,0,-1
608,3,67,167,990,225,-1,0,0,-1
609,1,1319,196,605,320,-1,0,0,-1
609,2,1236,400,315,99,-1,0,0,-1
609,3,67,167,990,225,-1,0,0,-1
610,1,1321,197,602,319,-1,0,0,-1
610,2,1238,400,315,99,-1,0,0,-1
610,3,67,167,990,225,-1,0,0,-1
611,1,1323,197,600,318,-1,0,0,-1
611,2,1239,400,316,100,-1,0,0,-1
611,3,67,167,990,225,-1,0,0,-1
612,1,1322,197,605,319,-1,0,0,-1
612,2,1241,400,315,99,-1,0,0,-1
612,3,67,167,990,225,-1,0,0,-1
613,1,1323,197,598,319,-1,0,0,-1
613,2,1244,400,315,99,-1,0,0,-1
613,3,67,167,990,225,-1,0,0,-1
614,1,1323,197,597,318,-1,0,0,-1
614,2,1244,400,315,99,-1,0,0,-1
614,3,67,167,990,225,-1,0,0,-1
615,1,1328,197,593,319,-1,0,0,-1
615,2,1247,401,314,99,-1,0,0,-1
615,3,67,167,990,225,-1,0,0,-1
616,1,1329,197,592,319,-1,0,0,-1
616,2,1249,401,314,99,-1,0,0,-1
616,3,67,167,990,225,-1,0,0,-1
617,1,1329,197,591,319,-1,0,0,-1
617,2,1251,401,313,99,-1,0,0,-1
617,3,67,167,990,225,-1,0,0,-1
618,1,1331,198,590,318,-1,0,0,-1
618,2,1253,401,313,99,-1,0,0,-1
618,3,67,167,990,225,-1,0,0,-1
619,1,1332,198,589,318,-1,0,0,-1
619,2,1254,401,313,99,-1,0,0,-1
619,3,67,167,990,225,-1,0,0,-1
620,1,1332,198,588,318,-1,0,0,-1
620,2,1257,402,312,98,-1,0,0,-1
620,3,67,167,990,225,-1,0,0,-1
621,1,1335,198,586,319,-1,0,0,-1
621,2,1258,402,312,98,-1,0,0,-1
621,3,67,167,990,225,-1,0,0,-1
622,1,1336,198,585,319,-1,0,0,-1
622,2,1260,402,312,98,-1,0,0,-1
622,3,67,167,990,225,-1,0,0,-1
623,1,1338,199,583,318,-1,0,0,-1
623,2,1262,402,312,98,-1,0,0,-1
623,3,67,167,990,225,-1,0,0,-1
624,1,1344,199,577,318,-1,0,0,-1
624,2,1263,402,312,98,-1,0,0,-1
624,3,67,167,990,225,-1,0,0,-1
625,1,1345,199,575,318,-1,0,0,-1
625,2,1266,402,311,98,-1,0,0,-1
625,3,67,167,990,225,-1,0,0,-1
626,1,1346,199,575,317,-1,0,0,-1
626,2,1267,402,311,98,-1,0,0,-1
626,3,67,167,990,225,-1,0,0,-1
627,1,1347,200,574,317,-1,0,0,-1
627,2,1269,403,311,98,-1,0,0,-1
627,3,67,167,990,225,-1,0,0,-1
628,1,1350,201,570,315,-1,0,0,-1
628,2,1271,403,309,97,-1,0,0,-1
628,3,67,167,990,225,-1,0,0,-1
629,1,1354,202,567,313,-1,0,0,-1
629,2,1273,403,310,98,-1,0,0,-1
629,3,67,167,990,225,-1,0,0,-1
630,1,1353,202,568,314,-1,0,0,-1
630,2,1274,403,310,98,-1,0,0,-1
630,3,67,167,990,225,-1,0,0,-1
631,1,1357,203,566,312,-1,0,0,-1
631,2,1276,403,309,97,-1,0,0,-1
631,3,67,167,990,225,-1,0,0,-1
632,1,1358,202,568,314,-1,0,0,-1
632,2,1278,404,308,97,-1,0,0,-1
632,3,67,167,990,225,-1,0,0,-1
633,1,1359,203,568,313,-1,0,0,-1
633,2,1277,402,310,98,-1,0,0,-1
633,3,67,167,990,225,-1,0,0,-1
634,1,1360,203,561,313,-1,0,0,-1
634,2,1278,402,309,98,-1,0,0,-1
634,3,67,167,990,225,-1,0,0,-1
635,1,1361,203,560,312,-1,0,0,-1
635,2,1279,402,309,98,-1,0,0,-1
635,3,67,167,990,225,-1,0,0,-1
636,1,1361,204,560,312,-1,0,0,-1
636,2,1281,402,309,98,-1,0,0,-1
636,3,67,167,990,225,-1,0,0,-1
637,1,1364,210,557,306,-1,0,0,-1
637,2,1282,402,309,98,-1,0,0,-1
637,3,67,167,990,225,-1,0,0,-1
638,1,1365,210,556,306,-1,0,0,-1
638,2,1283,402,309,98,-1,0,0,-1
638,3,67,167,990,225,-1,0,0,-1
639,1,1366,210,555,305,-1,0,0,-1
639,2,1284,402,309,98,-1,0,0,-1
639,3,67,167,990,225,-1,0,0,-1
640,1,1366,211,554,305,-1,0,0,-1
640,2,1287,402,307,97,-1,0,0,-1
640,3,67,167,990,225,-1,0,0,-1
641,1,1370,211,551,304,-1,0,0,-1
641,2,1287,402,310,98,-1,0,0,-1
641,3,67,167,990,225,-1,0,0,-1
642,1,1371,211,550,304,-1,0,0,-1
642,2,1290,403,308,98,-1,0,0,-1
642,3,67,167,990,225,-1,0,0,-1
643,1,1371,211,549,303,-1,0,0,-1
643,2,1292,403,307,97,-1,0,0,-1
643,3,67,167,990,225,-1,0,0,-1
644,1,1373,212,547,302,-1,0,0,-1
644,2,1294,403,307,97,-1,0,0,-1
644,3,67,167,990,225,-1,0,0,-1
645,1,1378,215,543,301,-1,0,0,-1
645,2,1295,403,307,97,-1,0,0,-1
645,3,67,167,990,225,-1,0,0,-1
646,1,1379,215,541,301,-1,0,0,-1
646,2,1298,404,304,96,-1,0,0,-1
646,3,67,167,990,225,-1,0,0,-1
647,1,1380,215,541,300,-1,0,0,-1
647,2,1299,403,307,97,-1,0,0,-1
647,3,67,167,990,225,-1,0,0,-1
648,1,1381,216,540,300,-1,0,0,-1
648,2,1300,403,307,97,-1,0,0,-1
648,3,67,167,990,225,-1,0,0,-1
649,1,1385,217,536,298,-1,0,0,-1
649,2,1302,404,306,97,-1,0,0,-1
649,3,67,167,990,225,-1,0,0,-1
650,1,1386,218,535,297,-1,0,0,-1
650,2,1305,404,299,95,-1,0,0,-1
650,3,67,167,990,225,-1,0,0,-1
651,1,1388,217,536,298,-1,0,0,-1
651,2,1305,404,306,97,-1,0,0,-1
651,3,67,167,990,225,-1,0,0,-1
652,1,1389,218,534,297,-1,0,0,-1
652,2,1307,404,305,97,-1,0,0,-1
652,3,67,167,990,225,-1,0,0,-1
653,1,1391,218,535,297,-1,0,0,-1
653,2,1308,404,305,97,-1,0,0,-1
653,3,67,167,990,225,-1,0,0,-1
654,1,1392,218,534,296,-1,0,0,-1
654,2,1310,404,306,97,-1,0,0,-1
654,3,67,167,990,225,-1,0,0,-1
655,1,1394,218,534,297,-1,0,0,-1
655,2,1312,404,304,97,-1,0,0,-1
655,3,67,167,990,225,-1,0,0,-1
656,1,1395,219,533,296,-1,0,0,-1
656,2,1313,405,304,96,-1,0,0,-1
656,3,67,167,990,225,-1,0,0,-1
657,1,1397,219,532,295,-1,0,0,-1
657,2,1315,405,304,97,-1,0,0,-1
657,3,67,167,990,225,-1,0,0,-1
658,1,1399,220,530,294,-1,0,0,-1
658,2,1317,405,304,96,-1,0,0,-1
658,3,67,167,990,225,-1,0,0,-1
659,1,1401,220,529,294,-1,0,0,-1
659,2,1319,405,303,96,-1,0,0,-1
659,3,67,167,990,225,-1,0,0,-1
660,1,1403,220,528,293,-1,0,0,-1
660,2,1320,405,303,96,-1,0,0,-1
660,3,67,167,990,225,-1,0,0,-1
661,1,1404,220,529,294,-1,0,0,-1
661,2,1322,405,303,96,-1,0,0,-1
661,3,67,167,990,225,-1,0,0,-1
662,1,1406,221,527,293,-1,0,0,-1
662,2,1323,405,303,96,-1,0,0,-1
662,3,67,167,990,225,-1,0,0,-1
663,1,1408,221,526,292,-1,0,0,-1
663,2,1325,406,302,96,-1,0,0,-1
663,3,67,167,990,225,-1,0,0,-1
664,1,1410,222,525,291,-1,0,0,-1
664,2,1327,406,302,96,-1,0,0,-1
664,3,67,167,990,225,-1,0,0,-1
665,1,1411,222,524,291,-1,0,0,-1
665,2,1328,406,302,96,-1,0,0,-1
665,3,67,167,990,225,-1,0,0,-1
666,1,1412,222,523,291,-1,0,0,-1
666,2,1330,406,302,96,-1,0,0,-1
666,3,67,167,990,225,-1,0,0,-1
667,1,1413,223,523,290,-1,0,0,-1
667,2,1331,406,302,96,-1,0,0,-1
667,3,67,167,990,225,-1,0,0,-1
668,1,1416,222,520,289,-1,0,0,-1
668,2,1333,406,301,96,-1,0,0,-1
668,3,67,167,990,225,-1,0,0,-1
669,1,1416,222,519,288,-1,0,0,-1
669,2,1335,406,301,96,-1,0,0,-1
669,3,67,167,990,225,-1,0,0,-1
670,1,1417,223,519,288,-1,0,0,-1
670,2,1336,406,301,95,-1,0,0,-1
670,3,67,167,990,225,-1,0,0,-1
671,1,1422,224,518,287,-1,0,0,-1
671,2,1339,407,300,95,-1,0,0,-1
671,3,67,167,990,225,-1,0,0,-1
672,1,1422,224,520,289,-1,0,0,-1
672,2,1341,407,299,95,-1,0,0,-1
672,3,67,167,990,225,-1,0,0,-1
673,1,1423,224,519,288,-1,0,0,-1
673,2,1341,407,300,95,-1,0,0,-1
673,3,67,167,990,225,-1,0,0,-1
674,1,1426,225,515,286,-1,0,0,-1
674,2,1343,407,300,95,-1,0,0,-1
674,3,67,167,990,225,-1,0,0,-1
675,1,1425,222,528,293,-1,0,0,-1
675,2,1346,408,298,94,-1,0,0,-1
675,3,67,167,990,225,-1,0,0,-1
