1,1,272,285,263,187,-1,0,0,-1
1,2,870,201,578,358,-1,0,0,-1
1,3,510,2,1410,481,-1,0,0,-1
2,1,272,285,263,187,-1,0,0,-1
2,2,870,201,578,358,-1,0,0,-1
2,3,510,2,1410,481,-1,0,0,-1
3,1,272,285,263,187,-1,0,0,-1
3,2,870,201,578,358,-1,0,0,-1
3,3,510,2,1410,481,-1,0,0,-1
4,1,272,285,263,187,-1,0,0,-1
4,2,870,201,578,358,-1,0,0,-1
4,3,510,2,1410,481,-1,0,0,-1
5,1,272,285,263,187,-1,0,0,-1
5,2,870,201,578,358,-1,0,0,-1
5,3,510,2,1410,481,-1,0,0,-1
6,1,272,285,263,187,-1,0,0,-1
6,2,870,201,578,358,-1,0,0,-1
6,3,510,2,1410,481,-1,0,0,-1
7,1,272,285,263,187,-1,0,0,-1
7,2,870,201,578,358,-1,0,0,-1
7,3,510,2,1410,481,-1,0,0,-1
8,1,272,285,263,187,-1,0,0,-1
8,2,870,201,578,358,-1,0,0,-1
8,3,510,2,1410,481,-1,0,0,-1
9,1,272,285,263,187,-1,0,0,-1
9,2,870,202,578,358,-1,0,0,-1
9,3,510,2,1410,481,-1,0,0,-1
10,1,272,285,263,187,-1,0,0,-1
10,2,870,202,578,358,-1,0,0,-1
10,3,510,2,1410,481,-1,0,0,-1
11,1,272,285,263,187,-1,0,0,-1
11,2,870,202,578,358,-1,0,0,-1
11,3,511,2,1409,481,-1,0,0,-1
12,1,272,285,263,187,-1,0,0,-1
12,2,870,202,578,358,-1,0,0,-1
12,3,510,2,1410,481,-1,0,0,-1
13,1,272,285,263,187,-1,0,0,-1
13,2,870,202,578,358,-1,0,0,-1
13,3,510,2,1410,481,-1,0,0,-1
14,1,272,285,263,187,-1,0,0,-1
14,2,871,202,577,358,-1,0,0,-1
14,3,510,2,1410,481,-1,0,0,-1
15,1,272,285,263,187,-1,0,0,-1
15,2,871,202,577,357,-1,0,0,-1
15,3,510,2,1410,481,-1,0,0,-1
16,1,272,285,263,187,-1,0,0,-1
16,2,870,201,578,358,-1,0,0,-1
16,3,510,2,1410,481,-1,0,0,-1
17,1,272,285,263,187,-1,0,0,-1
17,2,870,202,577,358,-1,0,0,-1
17,3,510,2,1410,481,-1,0,0,-1
18,1,272,285,263,187,-1,0,0,-1
18,2,870,202,577,357,-1,0,0,-1
18,3,510,3,1410,481,-1,0,0,-1
19,1,272,285,263,187,-1,0,0,-1
19,2,871,202,577,357,-1,0,0,-1
19,3,510,2,1410,481,-1,0,0,-1
20,1,272,285,263,187,-1,0,0,-1
20,2,870,201,578,358,-1,0,0,-1
20,3,510,2,1410,481,-1,0,0,-1
21,1,272,285,263,187,-1,0,0,-1
21,2,870,202,577,358,-1,0,0,-1
21,3,510,2,1410,481,-1,0,0,-1
22,1,272,285,263,187,-1,0,0,-1
22,2,870,202,577,357,-1,0,0,-1
22,3,510,3,1410,481,-1,0,0,-1
23,1,272,285,263,187,-1,0,0,-1
23,2,870,203,577,357,-1,0,0,-1
23,3,510,2,1410,481,-1,0,0,-1
24,1,272,285,263,187,-1,0,0,-1
24,2,871,203,577,357,-1,0,0,-1
24,3,510,3,1409,481,-1,0,0,-1
25,1,272,285,263,187,-1,0,0,-1
25,2,871,203,577,357,-1,0,0,-1
25,3,510,2,1410,481,-1,0,0,-1
26,1,272,285,263,187,-1,0,0,-1
26,2,870,202,577,357,-1,0,0,-1
26,3,510,2,1410,481,-1,0,0,-1
27,1,272,285,263,187,-1,0,0,-1
27,2,870,202,577,357,-1,0,0,-1
27,3,510,2,1410,481,-1,0,0,-1
28,1,272,285,263,187,-1,0,0,-1
28,2,871,203,577,357,-1,0,0,-1
28,3,510,2,1411,481,-1,0,0,-1
29,1,272,285,263,187,-1,0,0,-1
29,2,870,201,578,358,-1,0,0,-1
29,3,510,3,1411,481,-1,0,0,-1
30,1,272,285,263,187,-1,0,0,-1
30,2,870,201,578,358,-1,0,0,-1
30,3,510,2,1411,481,-1,0,0,-1
31,1,272,285,263,187,-1,0,0,-1
31,2,871,203,576,357,-1,0,0,-1
31,3,510,2,1410,481,-1,0,0,-1
32,1,272,285,263,187,-1,0,0,-1
32,2,870,201,578,358,-1,0,0,-1
32,3,510,2,1410,481,-1,0,0,-1
33,1,272,285,263,187,-1,0,0,-1
33,2,870,202,578,358,-1,0,0,-1
33,3,510,3,1411,481,-1,0,0,-1
34,1,272,285,263,187,-1,0,0,-1
34,2,870,201,578,358,-1,0,0,-1
34,3,510,2,1410,481,-1,0,0,-1
35,1,272,285,263,187,-1,0,0,-1
35,2,870,201,578,358,-1,0,0,-1
35,3,509,4,1412,482,-1,0,0,-1
36,1,272,285,263,187,-1,0,0,-1
36,2,870,201,578,358,-1,0,0,-1
36,3,509,4,1412,482,-1,0,0,-1
37,1,272,285,263,187,-1,0,0,-1
37,2,871,204,576,357,-1,0,0,-1
37,3,510,2,1411,481,-1,0,0,-1
38,1,272,285,263,187,-1,0,0,-1
38,2,871,202,577,357,-1,0,0,-1
38,3,510,2,1410,481,-1,0,0,-1
39,1,272,285,263,187,-1,0,0,-1
39,2,870,201,577,358,-1,0,0,-1
39,3,510,2,1410,481,-1,0,0,-1
40,1,272,285,263,187,-1,0,0,-1
40,2,870,201,578,358,-1,0,0,-1
40,3,510,2,1410,481,-1,0,0,-1
41,1,272,285,263,187,-1,0,0,-1
41,2,870,201,578,358,-1,0,0,-1
41,3,510,2,1410,481,-1,0,0,-1
42,1,272,285,263,187,-1,0,0,-1
42,2,870,201,578,358,-1,0,0,-1
42,3,510,2,1410,481,-1,0,0,-1
43,1,272,285,263,187,-1,0,0,-1
43,2,870,201,578,358,-1,0,0,-1
43,3,510,2,1410,481,-1,0,0,-1
44,1,272,285,263,187,-1,0,0,-1
44,2,870,202,577,358,-1,0,0,-1
44,3,510,2,1410,481,-1,0,0,-1
45,1,272,285,263,187,-1,0,0,-1
45,2,870,201,578,358,-1,0,0,-1
45,3,510,2,1410,481,-1,0,0,-1
46,1,272,285,263,187,-1,0,0,-1
46,2,870,201,578,358,-1,0,0,-1
46,3,510,2,1410,481,-1,0,0,-1
47,1,272,285,263,187,-1,0,0,-1
47,2,872,205,575,356,-1,0,0,-1
47,3,510,2,1410,481,-1,0,0,-1
48,1,272,285,263,187,-1,0,0,-1
48,2,870,201,578,358,-1,0,0,-1
48,3,510,2,1410,481,-1,0,0,-1
49,1,272,285,263,187,-1,0,0,-1
49,2,870,201,578,358,-1,0,0,-1
49,3,510,2,1410,481,-1,0,0,-1
50,1,272,285,263,187,-1,0,0,-1
50,2,870,201,578,358,-1,0,0,-1
50,3,509,2,1411,481,-1,0,0,-1
51,1,272,285,263,187,-1,0,0,-1
51,2,870,201,578,358,-1,0,0,-1
51,3,510,2,1410,481,-1,0,0,-1
52,1,272,285,263,187,-1,0,0,-1
52,2,870,201,578,358,-1,0,0,-1
52,3,510,2,1410,481,-1,0,0,-1
53,1,272,285,263,187,-1,0,0,-1
53,2,870,201,578,358,-1,0,0,-1
53,3,510,2,1410,481,-1,0,0,-1
54,1,272,285,263,187,-1,0,0,-1
54,2,870,202,577,357,-1,0,0,-1
54,3,510,2,1410,481,-1,0,0,-1
55,1,272,285,263,187,-1,0,0,-1
55,2,872,205,574,356,-1,0,0,-1
55,3,510,2,1410,481,-1,0,0,-1
56,1,272,285,263,187,-1,0,0,-1
56,2,870,201,578,358,-1,0,0,-1
56,3,510,2,1410,481,-1,0,0,-1
57,1,272,285,263,187,-1,0,0,-1
57,2,870,201,578,358,-1,0,0,-1
57,3,510,2,1410,481,-1,0,0,-1
58,1,272,285,263,187,-1,0,0,-1
58,2,870,201,578,358,-1,0,0,-1
58,3,510,2,1410,481,-1,0,0,-1
59,1,272,285,263,187,-1,0,0,-1
59,2,870,201,578,358,-1,0,0,-1
59,3,510,2,1410,481,-1,0,0,-1
60,1,272,285,263,187,-1,0,0,-1
60,2,870,201,578,358,-1,0,0,-1
60,3,510,2,1410,481,-1,0,0,-1
61,1,272,285,263,187,-1,0,0,-1
61,2,870,201,578,358,-1,0,0,-1
61,3,510,2,1410,481,-1,0,0,-1
62,1,272,285,263,187,-1,0,0,-1
62,2,870,201,578,358,-1,0,0,-1
62,3,510,2,1410,481,-1,0,0,-1
63,1,272,285,263,187,-1,0,0,-1
63,2,870,201,578,358,-1,0,0,-1
63,3,510,2,1410,481,-1,0,0,-1
64,1,272,285,263,187,-1,0,0,-1
64,2,870,201,578,358,-1,0,0,-1
64,3,510,2,1410,481,-1,0,0,-1
65,1,272,285,263,187,-1,0,0,-1
65,2,870,201,578,358,-1,0,0,-1
65,3,510,2,1410,481,-1,0,0,-1
66,1,272,285,263,187,-1,0,0,-1
66,2,870,201,578,358,-1,0,0,-1
66,3,510,2,1410,481,-1,0,0,-1
67,1,272,285,263,187,-1,0,0,-1
67,2,870,201,578,358,-1,0,0,-1
67,3,510,2,1410,481,-1,0,0,-1
68,1,272,285,263,187,-1,0,0,-1
68,2,870,201,578,358,-1,0,0,-1
68,3,510,2,1410,481,-1,0,0,-1
69,1,272,285,263,187,-1,0,0,-1
69,2,870,201,578,358,-1,0,0,-1
69,3,510,2,1410,481,-1,0,0,-1
70,1,272,285,263,187,-1,0,0,-1
70,2,870,201,578,358,-1,0,0,-1
70,3,510,2,1410,481,-1,0,0,-1
71,1,272,285,263,187,-1,0,0,-1
71,2,870,201,578,358,-1,0,0,-1
71,3,510,2,1410,481,-1,0,0,-1
72,1,272,285,263,187,-1,0,0,-1
72,2,870,201,578,358,-1,0,0,-1
72,3,510,2,1410,481,-1,0,0,-1
73,1,272,285,263,187,-1,0,0,-1
73,2,870,208,578,351,-1,0,0,-1
73,3,510,2,1410,481,-1,0,0,-1
74,1,272,285,263,187,-1,0,0,-1
74,2,870,208,578,351,-1,0,0,-1
74,3,510,2,1410,481,-1,0,0,-1
75,1,272,285,263,187,-1,0,0,-1
75,2,870,208,578,351,-1,0,0,-1
75,3,512,2,1408,480,-1,0,0,-1
76,1,272,285,263,187,-1,0,0,-1
76,2,870,208,578,351,-1,0,0,-1
76,3,510,2,1410,481,-1,0,0,-1
77,1,272,285,263,187,-1,0,0,-1
77,2,870,208,578,351,-1,0,0,-1
77,3,510,2,1410,481,-1,0,0,-1
78,1,272,285,263,187,-1,0,0,-1
78,2,870,208,578,351,-1,0,0,-1
78,3,510,2,1410,481,-1,0,0,-1
79,1,272,285,263,187,-1,0,0,-1
79,2,870,208,578,351,-1,0,0,-1
79,3,510,2,1410,481,-1,0,0,-1
80,1,272,285,263,187,-1,0,0,-1
80,2,870,208,578,351,-1,0,0,-1
80,3,510,2,1410,481,-1,0,0,-1
81,1,272,285,263,187,-1,0,0,-1
81,2,870,208,578,351,-1,0,0,-1
81,3,510,2,1410,481,-1,0,0,-1
82,1,272,285,263,187,-1,0,0,-1
82,2,870,209,578,351,-1,0,0,-1
82,3,510,2,1410,481,-1,0,0,-1
83,1,272,285,263,187,-1,0,0,-1
83,2,870,209,578,351,-1,0,0,-1
83,3,510,2,1410,481,-1,0,0,-1
84,1,272,285,263,187,-1,0,0,-1
84,2,871,217,577,342,-1,0,0,-1
84,3,510,2,1410,481,-1,0,0,-1
85,1,272,285,263,187,-1,0,0,-1
85,2,871,217,577,342,-1,0,0,-1
85,3,510,2,1410,481,-1,0,0,-1
86,1,272,285,263,187,-1,0,0,-1
86,2,871,217,577,342,-1,0,0,-1
86,3,510,2,1410,481,-1,0,0,-1
87,1,272,285,263,187,-1,0,0,-1
87,2,871,217,577,342,-1,0,0,-1
87,3,510,2,1410,481,-1,0,0,-1
88,1,272,285,263,187,-1,0,0,-1
88,2,871,217,577,342,-1,0,0,-1
88,3,510,2,1410,481,-1,0,0,-1
89,1,272,285,263,187,-1,0,0,-1
89,2,871,217,577,342,-1,0,0,-1
89,3,510,2,1410,481,-1,0,0,-1
90,1,272,285,263,187,-1,0,0,-1
90,2,871,217,577,342,-1,0,0,-1
90,3,510,2,1410,481,-1,0,0,-1
91,1,272,285,263,187,-1,0,0,-1
91,2,871,217,577,342,-1,0,0,-1
91,3,510,2,1410,481,-1,0,0,-1
92,1,272,285,263,187,-1,0,0,-1
92,2,871,217,577,342,-1,0,0,-1
92,3,510,2,1410,481,-1,0,0,-1
93,1,272,285,263,187,-1,0,0,-1
93,2,871,217,577,342,-1,0,0,-1
93,3,510,2,1410,481,-1,0,0,-1
94,1,272,285,263,187,-1,0,0,-1
94,2,871,218,577,342,-1,0,0,-1
94,3,510,2,1410,481,-1,0,0,-1
95,1,272,285,263,187,-1,0,0,-1
95,2,871,218,576,342,-1,0,0,-1
95,3,510,2,1410,481,-1,0,0,-1
96,1,272,285,263,187,-1,0,0,-1
96,2,871,218,576,342,-1,0,0,-1
96,3,510,2,1410,481,-1,0,0,-1
97,1,272,285,263,187,-1,0,0,-1
97,2,871,218,576,342,-1,0,0,-1
97,3,510,2,1410,481,-1,0,0,-1
98,1,272,285,263,187,-1,0,0,-1
98,2,871,217,577,342,-1,0,0,-1
98,3,510,2,1410,481,-1,0,0,-1
99,1,272,285,263,187,-1,0,0,-1
99,2,871,218,576,342,-1,0,0,-1
99,3,510,2,1409,481,-1,0,0,-1
100,1,272,285,263,187,-1,0,0,-1
100,2,871,218,576,342,-1,0,0,-1
100,3,510,2,1409,481,-1,0,0,-1
101,1,272,285,263,187,-1,0,0,-1
101,2,871,218,576,341,-1,0,0,-1
101,3,510,2,1410,481,-1,0,0,-1
102,1,272,285,263,187,-1,0,0,-1
102,2,871,218,576,341,-1,0,0,-1
102,3,511,2,1409,481,-1,0,0,-1
103,1,272,285,263,187,-1,0,0,-1
103,2,871,218,576,341,-1,0,0,-1
103,3,511,2,1409,481,-1,0,0,-1
104,1,272,285,263,187,-1,0,0,-1
104,2,871,218,576,342,-1,0,0,-1
104,3,510,2,1410,481,-1,0,0,-1
105,1,272,285,263,187,-1,0,0,-1
105,2,872,218,576,341,-1,0,0,-1
105,3,510,2,1410,481,-1,0,0,-1
106,1,272,285,263,187,-1,0,0,-1
106,2,871,218,576,341,-1,0,0,-1
106,3,510,2,1410,481,-1,0,0,-1
107,1,272,285,263,187,-1,0,0,-1
107,2,871,218,576,341,-1,0,0,-1
107,3,510,2,1410,481,-1,0,0,-1
108,1,272,285,263,187,-1,0,0,-1
108,2,871,217,577,342,-1,0,0,-1
108,3,510,2,1410,481,-1,0,0,-1
109,1,272,285,263,187,-1,0,0,-1
109,2,872,219,576,341,-1,0,0,-1
109,3,510,2,1410,481,-1,0,0,-1
110,1,272,285,263,187,-1,0,0,-1
110,2,872,218,576,341,-1,0,0,-1
110,3,510,2,1410,481,-1,0,0,-1
111,1,272,285,263,187,-1,0,0,-1
111,2,872,219,576,341,-1,0,0,-1
111,3,510,2,1410,481,-1,0,0,-1
112,1,272,285,263,187,-1,0,0,-1
112,2,872,219,575,341,-1,0,0,-1
112,3,510,2,1410,481,-1,0,0,-1
113,1,272,285,263,187,-1,0,0,-1
113,2,872,219,575,341,-1,0,0,-1
113,3,510,2,1410,481,-1,0,0,-1
114,1,272,285,263,187,-1,0,0,-1
114,2,872,219,575,341,-1,0,0,-1
114,3,510,2,1410,481,-1,0,0,-1
115,1,272,285,263,187,-1,0,0,-1
115,2,871,217,577,342,-1,0,0,-1
115,3,510,2,1410,481,-1,0,0,-1
116,1,272,285,263,187,-1,0,0,-1
116,2,872,219,575,341,-1,0,0,-1
116,3,510,2,1410,481,-1,0,0,-1
117,1,272,285,263,187,-1,0,0,-1
117,2,871,217,577,342,-1,0,0,-1
117,3,510,2,1410,481,-1,0,0,-1
118,1,272,285,263,187,-1,0,0,-1
118,2,872,220,575,341,-1,0,0,-1
118,3,510,2,1410,481,-1,0,0,-1
119,1,272,285,263,187,-1,0,0,-1
119,2,871,217,577,342,-1,0,0,-1
119,3,510,2,1410,481,-1,0,0,-1
120,1,272,285,263,187,-1,0,0,-1
120,2,872,220,574,340,-1,0,0,-1
120,3,510,2,1410,481,-1,0,0,-1
121,1,272,285,263,187,-1,0,0,-1
121,2,871,219,577,342,-1,0,0,-1
121,3,510,2,1410,481,-1,0,0,-1
122,1,272,285,263,187,-1,0,0,-1
122,2,871,219,577,342,-1,0,0,-1
122,3,510,2,1410,481,-1,0,0,-1
123,1,272,285,263,187,-1,0,0,-1
123,2,871,219,577,342,-1,0,0,-1
123,3,510,2,1410,481,-1,0,0,-1
124,1,272,285,263,187,-1,0,0,-1
124,2,871,219,577,342,-1,0,0,-1
124,3,510,2,1410,481,-1,0,0,-1
125,1,272,285,263,187,-1,0,0,-1
125,2,871,219,577,342,-1,0,0,-1
125,3,510,2,1410,481,-1,0,0,-1
126,1,272,285,263,187,-1,0,0,-1
126,2,871,219,577,342,-1,0,0,-1
126,3,510,2,1409,481,-1,0,0,-1
127,1,272,285,263,187,-1,0,0,-1
127,2,871,219,577,342,-1,0,0,-1
127,3,510,2,1409,481,-1,0,0,-1
128,1,272,285,263,187,-1,0,0,-1
128,2,871,219,577,342,-1,0,0,-1
128,3,510,2,1409,481,-1,0,0,-1
129,1,272,285,263,187,-1,0,0,-1
129,2,871,219,577,342,-1,0,0,-1
129,3,510,2,1409,481,-1,0,0,-1
130,1,272,285,263,187,-1,0,0,-1
130,2,871,223,577,338,-1,0,0,-1
130,3,510,2,1409,481,-1,0,0,-1
131,1,272,285,263,187,-1,0,0,-1
131,2,871,223,577,338,-1,0,0,-1
131,3,510,2,1409,481,-1,0,0,-1
132,1,272,285,263,187,-1,0,0,-1
132,2,871,223,577,338,-1,0,0,-1
132,3,510,2,1409,481,-1,0,0,-1
133,1,272,285,263,187,-1,0,0,-1
133,2,871,223,577,338,-1,0,0,-1
133,3,510,2,1410,481,-1,0,0,-1
134,1,272,285,263,187,-1,0,0,-1
134,2,871,223,577,330,-1,0,0,-1
134,3,510,2,1410,481,-1,0,0,-1
135,1,272,285,263,187,-1,0,0,-1
135,2,871,223,577,330,-1,0,0,-1
135,3,510,2,1410,481,-1,0,0,-1
136,1,272,285,263,187,-1,0,0,-1
136,2,871,221,577,331,-1,0,0,-1
136,3,510,2,1410,481,-1,0,0,-1
137,1,272,285,263,187,-1,0,0,-1
137,2,871,221,577,331,-1,0,0,-1
137,3,510,2,1410,481,-1,0,0,-1
138,1,272,285,263,187,-1,0,0,-1
138,2,871,221,577,331,-1,0,0,-1
138,3,510,2,1410,481,-1,0,0,-1
139,1,272,285,263,187,-1,0,0,-1
139,2,871,221,577,331,-1,0,0,-1
139,3,510,2,1410,481,-1,0,0,-1
140,1,272,285,263,187,-1,0,0,-1
140,2,871,221,577,331,-1,0,0,-1
140,3,510,2,1410,481,-1,0,0,-1
141,1,272,285,263,187,-1,0,0,-1
141,2,871,221,577,331,-1,0,0,-1
141,3,510,2,1410,481,-1,0,0,-1
142,1,272,285,263,187,-1,0,0,-1
142,2,871,221,577,331,-1,0,0,-1
142,3,510,2,1410,481,-1,0,0,-1
143,1,272,285,263,187,-1,0,0,-1
143,2,871,221,577,331,-1,0,0,-1
143,3,510,2,1410,481,-1,0,0,-1
144,1,272,285,263,187,-1,0,0,-1
144,2,871,221,577,331,-1,0,0,-1
144,3,510,2,1410,481,-1,0,0,-1
145,1,272,285,263,187,-1,0,0,-1
145,2,871,222,576,331,-1,0,0,-1
145,3,510,2,1410,481,-1,0,0,-1
146,1,272,285,263,187,-1,0,0,-1
146,2,871,222,576,331,-1,0,0,-1
146,3,510,2,1410,481,-1,0,0,-1
147,1,272,285,263,187,-1,0,0,-1
147,2,871,222,576,331,-1,0,0,-1
147,3,510,2,1410,481,-1,0,0,-1
148,1,272,285,263,187,-1,0,0,-1
148,2,871,222,576,331,-1,0,0,-1
148,3,510,2,1410,481,-1,0,0,-1
149,1,272,285,263,187,-1,0,0,-1
149,2,871,222,576,331,-1,0,0,-1
149,3,510,2,1410,481,-1,0,0,-1
150,1,272,285,263,187,-1,0,0,-1
150,2,871,222,576,331,-1,0,0,-1
150,3,510,2,1410,481,-1,0,0,-1
151,1,272,285,263,187,-1,0,0,-1
151,2,871,222,576,331,-1,0,0,-1
151,3,510,2,1410,481,-1,0,0,-1
152,1,272,285,263,187,-1,0,0,-1
152,2,871,222,576,330,-1,0,0,-1
152,3,510,2,1410,481,-1,0,0,-1
153,1,272,285,263,187,-1,0,0,-1
153,2,871,222,576,330,-1,0,0,-1
153,3,510,2,1410,481,-1,0,0,-1
154,1,272,285,263,187,-1,0,0,-1
154,2,871,222,576,330,-1,0,0,-1
154,3,510,2,1410,481,-1,0,0,-1
155,1,272,285,263,187,-1,0,0,-1
155,2,871,222,576,330,-1,0,0,-1
155,3,510,2,1410,481,-1,0,0,-1
156,1,272,285,263,187,-1,0,0,-1
156,2,871,222,576,330,-1,0,0,-1
156,3,511,2,1409,481,-1,0,0,-1
157,1,272,285,263,187,-1,0,0,-1
157,2,871,222,576,330,-1,0,0,-1
157,3,510,2,1410,481,-1,0,0,-1
158,1,272,285,263,187,-1,0,0,-1
158,2,871,222,576,331,-1,0,0,-1
158,3,510,2,1410,481,-1,0,0,-1
159,1,272,285,263,187,-1,0,0,-1
159,2,872,223,576,330,-1,0,0,-1
159,3,510,2,1410,481,-1,0,0,-1
160,1,272,285,263,187,-1,0,0,-1
160,2,872,223,575,330,-1,0,0,-1
160,3,510,2,1410,481,-1,0,0,-1
161,1,272,285,263,187,-1,0,0,-1
161,2,872,227,575,326,-1,0,0,-1
161,3,510,2,1410,481,-1,0,0,-1
162,1,272,285,263,187,-1,0,0,-1
162,2,872,227,575,326,-1,0,0,-1
162,3,510,2,1410,481,-1,0,0,-1
163,1,272,285,263,187,-1,0,0,-1
163,2,872,227,575,326,-1,0,0,-1
163,3,510,2,1410,481,-1,0,0,-1
164,1,272,285,263,187,-1,0,0,-1
164,2,872,227,575,326,-1,0,0,-1
164,3,510,2,1410,481,-1,0,0,-1
165,1,272,285,263,187,-1,0,0,-1
165,2,872,227,575,326,-1,0,0,-1
165,3,510,2,1410,481,-1,0,0,-1
166,1,272,285,263,187,-1,0,0,-1
166,2,872,227,575,326,-1,0,0,-1
166,3,510,2,1410,481,-1,0,0,-1
167,1,272,285,263,187,-1,0,0,-1
167,2,872,227,575,326,-1,0,0,-1
167,3,510,2,1410,481,-1,0,0,-1
168,1,272,285,263,187,-1,0,0,-1
168,2,872,228,575,326,-1,0,0,-1
168,3,510,2,1410,481,-1,0,0,-1
169,1,272,285,263,187,-1,0,0,-1
169,2,872,228,575,326,-1,0,0,-1
169,3,510,2,1410,481,-1,0,0,-1
170,1,272,285,263,187,-1,0,0,-1
170,2,872,227,575,326,-1,0,0,-1
170,3,510,2,1410,481,-1,0,0,-1
171,1,272,285,263,187,-1,0,0,-1
171,2,872,228,574,326,-1,0,0,-1
171,3,510,2,1410,481,-1,0,0,-1
172,1,272,285,263,187,-1,0,0,-1
172,2,872,228,574,326,-1,0,0,-1
172,3,510,2,1410,481,-1,0,0,-1
173,1,272,285,263,187,-1,0,0,-1
173,2,872,228,574,326,-1,0,0,-1
173,3,510,2,1410,481,-1,0,0,-1
174,1,272,285,263,187,-1,0,0,-1
174,2,872,228,574,326,-1,0,0,-1
174,3,510,2,1410,481,-1,0,0,-1
175,1,272,285,263,187,-1,0,0,-1
175,2,872,228,574,326,-1,0,0,-1
175,3,510,2,1410,481,-1,0,0,-1
176,1,272,285,263,187,-1,0,0,-1
176,2,872,228,574,326,-1,0,0,-1
176,3,510,2,1410,481,-1,0,0,-1
177,1,272,285,263,187,-1,0,0,-1
177,2,872,228,574,326,-1,0,0,-1
177,3,510,2,1410,481,-1,0,0,-1
178,1,272,285,263,187,-1,0,0,-1
178,2,872,228,574,326,-1,0,0,-1
178,3,510,2,1410,481,-1,0,0,-1
179,1,272,285,263,187,-1,0,0,-1
179,2,872,228,574,325,-1,0,0,-1
179,3,510,2,1410,481,-1,0,0,-1
180,1,272,285,263,187,-1,0,0,-1
180,2,872,228,574,326,-1,0,0,-1
180,3,510,2,1410,481,-1,0,0,-1
181,1,272,285,263,187,-1,0,0,-1
181,2,872,228,574,326,-1,0,0,-1
181,3,510,2,1410,481,-1,0,0,-1
182,1,272,285,263,187,-1,0,0,-1
182,2,872,228,574,325,-1,0,0,-1
182,3,510,2,1410,481,-1,0,0,-1
183,1,272,285,263,187,-1,0,0,-1
183,2,872,228,574,325,-1,0,0,-1
183,3,510,2,1410,481,-1,0,0,-1
184,1,272,285,263,187,-1,0,0,-1
184,2,872,227,575,326,-1,0,0,-1
184,3,510,2,1409,481,-1,0,0,-1
185,1,272,285,263,187,-1,0,0,-1
185,2,873,229,574,325,-1,0,0,-1
185,3,510,2,1409,481,-1,0,0,-1
186,1,272,285,263,187,-1,0,0,-1
186,2,873,228,574,325,-1,0,0,-1
186,3,510,2,1409,481,-1,0,0,-1
187,1,272,285,263,187,-1,0,0,-1
187,2,872,228,574,325,-1,0,0,-1
187,3,510,2,1409,481,-1,0,0,-1
188,1,272,285,263,187,-1,0,0,-1
188,2,873,229,574,325,-1,0,0,-1
188,3,510,2,1409,481,-1,0,0,-1
189,1,272,285,263,187,-1,0,0,-1
189,2,873,229,573,325,-1,0,0,-1
189,3,510,2,1409,481,-1,0,0,-1
190,1,272,285,263,187,-1,0,0,-1
190,2,873,229,574,325,-1,0,0,-1
190,3,510,2,1409,481,-1,0,0,-1
191,1,272,285,263,187,-1,0,0,-1
191,2,873,229,574,325,-1,0,0,-1
191,3,510,2,1409,481,-1,0,0,-1
192,1,272,285,263,187,-1,0,0,-1
192,2,872,229,574,325,-1,0,0,-1
192,3,510,2,1409,481,-1,0,0,-1
193,1,272,285,263,187,-1,0,0,-1
193,2,872,229,574,325,-1,0,0,-1
193,3,510,2,1409,481,-1,0,0,-1
194,1,272,285,263,187,-1,0,0,-1
194,2,873,229,574,325,-1,0,0,-1
194,3,510,2,1409,481,-1,0,0,-1
195,1,272,285,263,187,-1,0,0,-1
195,2,872,228,574,325,-1,0,0,-1
195,3,510,2,1409,481,-1,0,0,-1
196,1,272,285,263,187,-1,0,0,-1
196,2,872,227,575,326,-1,0,0,-1
196,3,510,2,1409,481,-1,0,0,-1
197,1,272,285,263,187,-1,0,0,-1
197,2,873,229,574,325,-1,0,0,-1
197,3,510,2,1409,481,-1,0,0,-1
198,1,272,285,263,187,-1,0,0,-1
198,2,872,228,574,325,-1,0,0,-1
198,3,510,2,1409,481,-1,0,0,-1
199,1,272,285,263,187,-1,0,0,-1
199,2,873,229,574,325,-1,0,0,-1
199,3,510,2,1409,481,-1,0,0,-1
200,1,272,285,263,187,-1,0,0,-1
200,2,872,227,575,326,-1,0,0,-1
200,3,510,2,1410,481,-1,0,0,-1
201,1,272,285,263,187,-1,0,0,-1
201,2,872,227,575,326,-1,0,0,-1
201,3,510,2,1410,481,-1,0,0,-1
202,1,272,285,263,187,-1,0,0,-1
202,2,872,228,574,325,-1,0,0,-1
202,3,510,2,1410,481,-1,0,0,-1
203,1,272,285,263,187,-1,0,0,-1
203,2,872,228,574,325,-1,0,0,-1
203,3,510,2,1410,481,-1,0,0,-1
204,1,272,285,263,187,-1,0,0,-1
204,2,872,228,574,325,-1,0,0,-1
204,3,510,2,1410,481,-1,0,0,-1
205,1,272,285,263,187,-1,0,0,-1
205,2,872,228,574,326,-1,0,0,-1
205,3,510,2,1410,481,-1,0,0,-1
206,1,272,285,263,187,-1,0,0,-1
206,2,872,227,575,326,-1,0,0,-1
206,3,510,2,1410,481,-1,0,0,-1
207,1,272,285,263,187,-1,0,0,-1
207,2,873,229,572,324,-1,0,0,-1
207,3,510,2,1410,481,-1,0,0,-1
208,1,272,285,263,187,-1,0,0,-1
208,2,873,229,573,325,-1,0,0,-1
208,3,510,2,1410,481,-1,0,0,-1
209,1,272,285,263,187,-1,0,0,-1
209,2,872,229,574,325,-1,0,0,-1
209,3,510,2,1410,481,-1,0,0,-1
210,1,272,285,263,187,-1,0,0,-1
210,2,872,229,574,325,-1,0,0,-1
210,3,510,2,1410,481,-1,0,0,-1
211,1,272,285,263,187,-1,0,0,-1
211,2,872,227,575,326,-1,0,0,-1
211,3,510,2,1410,481,-1,0,0,-1
212,1,272,285,263,187,-1,0,0,-1
212,2,872,228,574,325,-1,0,0,-1
212,3,510,2,1410,481,-1,0,0,-1
213,1,272,285,263,187,-1,0,0,-1
213,2,872,228,574,325,-1,0,0,-1
213,3,510,2,1410,481,-1,0,0,-1
214,1,272,285,263,187,-1,0,0,-1
214,2,872,228,574,325,-1,0,0,-1
214,3,510,2,1410,481,-1,0,0,-1
215,1,272,285,263,187,-1,0,0,-1
215,2,872,228,574,325,-1,0,0,-1
215,3,510,2,1410,481,-1,0,0,-1
216,1,272,285,263,187,-1,0,0,-1
216,2,872,231,575,322,-1,0,0,-1
216,3,510,2,1410,481,-1,0,0,-1
217,1,272,285,263,187,-1,0,0,-1
217,2,872,231,575,322,-1,0,0,-1
217,3,510,2,1410,481,-1,0,0,-1
218,1,272,285,263,187,-1,0,0,-1
218,2,872,231,575,322,-1,0,0,-1
218,3,510,2,1410,481,-1,0,0,-1
219,1,272,285,263,187,-1,0,0,-1
219,2,872,231,575,322,-1,0,0,-1
219,3,510,2,1410,481,-1,0,0,-1
220,1,272,285,263,187,-1,0,0,-1
220,2,872,231,575,322,-1,0,0,-1
220,3,510,2,1410,481,-1,0,0,-1
221,1,272,285,263,187,-1,0,0,-1
221,2,872,231,575,322,-1,0,0,-1
221,3,510,2,1410,481,-1,0,0,-1
222,1,272,285,263,187,-1,0,0,-1
222,2,872,231,575,322,-1,0,0,-1
222,3,510,2,1410,481,-1,0,0,-1
223,1,272,285,263,187,-1,0,0,-1
223,2,872,231,575,322,-1,0,0,-1
223,3,510,2,1410,481,-1,0,0,-1
224,1,272,285,263,187,-1,0,0,-1
224,2,872,231,575,322,-1,0,0,-1
224,3,510,2,1410,481,-1,0,0,-1
225,1,272,285,263,187,-1,0,0,-1
225,2,872,231,575,322,-1,0,0,-1
225,3,510,2,1410,481,-1,0,0,-1
226,1,272,285,263,187,-1,0,0,-1
226,2,872,231,575,322,-1,0,0,-1
226,3,510,2,1410,481,-1,0,0,-1
227,1,272,285,263,187,-1,0,0,-1
227,2,872,231,575,322,-1,0,0,-1
227,3,510,2,1410,481,-1,0,0,-1
228,1,272,285,263,187,-1,0,0,-1
228,2,872,231,575,322,-1,0,0,-1
228,3,510,2,1410,481,-1,0,0,-1
229,1,272,285,263,187,-1,0,0,-1
229,2,872,231,575,322,-1,0,0,-1
229,3,511,2,1408,480,-1,0,0,-1
230,1,272,285,263,187,-1,0,0,-1
230,2,872,231,575,322,-1,0,0,-1
230,3,511,2,1408,480,-1,0,0,-1
231,1,272,285,263,187,-1,0,0,-1
231,2,872,231,575,322,-1,0,0,-1
231,3,510,2,1410,481,-1,0,0,-1
232,1,272,285,263,187,-1,0,0,-1
232,2,872,231,575,322,-1,0,0,-1
232,3,510,2,1410,481,-1,0,0,-1
233,1,272,285,263,187,-1,0,0,-1
233,2,872,231,575,322,-1,0,0,-1
233,3,510,2,1410,481,-1,0,0,-1
234,1,272,285,263,187,-1,0,0,-1
234,2,872,233,575,320,-1,0,0,-1
234,3,510,2,1410,481,-1,0,0,-1
235,1,272,285,263,187,-1,0,0,-1
235,2,872,233,575,320,-1,0,0,-1
235,3,510,2,1410,481,-1,0,0,-1
236,1,272,285,263,187,-1,0,0,-1
236,2,872,233,575,320,-1,0,0,-1
236,3,510,2,1410,481,-1,0,0,-1
237,1,272,285,263,187,-1,0,0,-1
237,2,872,233,575,320,-1,0,0,-1
237,3,510,2,1410,481,-1,0,0,-1
238,1,272,285,263,187,-1,0,0,-1
238,2,872,233,575,320,-1,0,0,-1
238,3,510,2,1410,481,-1,0,0,-1
239,1,272,285,263,187,-1,0,0,-1
239,2,872,233,575,320,-1,0,0,-1
239,3,510,2,1410,481,-1,0,0,-1
240,1,272,285,263,187,-1,0,0,-1
240,2,872,233,575,320,-1,0,0,-1
240,3,510,2,1410,481,-1,0,0,-1
241,1,272,285,263,187,-1,0,0,-1
241,2,872,233,575,320,-1,0,0,-1
241,3,510,2,1410,481,-1,0,0,-1
242,1,272,285,263,187,-1,0,0,-1
242,2,872,233,575,320,-1,0,0,-1
242,3,510,2,1410,481,-1,0,0,-1
243,1,272,285,263,187,-1,0,0,-1
243,2,872,233,575,320,-1,0,0,-1
243,3,510,2,1410,481,-1,0,0,-1
244,1,272,285,263,187,-1,0,0,-1
244,2,872,233,575,320,-1,0,0,-1
244,3,510,2,1410,481,-1,0,0,-1
245,1,272,285,263,187,-1,0,0,-1
245,2,874,233,573,320,-1,0,0,-1
245,3,510,2,1410,481,-1,0,0,-1
246,1,272,285,263,187,-1,0,0,-1
246,2,874,233,573,320,-1,0,0,-1
246,3,510,2,1410,481,-1,0,0,-1
247,1,272,285,263,187,-1,0,0,-1
247,2,874,233,573,320,-1,0,0,-1
247,3,510,2,1410,481,-1,0,0,-1
248,1,272,285,263,187,-1,0,0,-1
248,2,874,233,573,320,-1,0,0,-1
248,3,510,2,1410,481,-1,0,0,-1
249,1,272,285,263,187,-1,0,0,-1
249,2,874,233,573,320,-1,0,0,-1
249,3,510,2,1410,481,-1,0,0,-1
250,1,272,285,263,187,-1,0,0,-1
250,2,874,233,573,320,-1,0,0,-1
250,3,510,2,1410,481,-1,0,0,-1
251,1,272,285,263,187,-1,0,0,-1
251,2,874,233,573,320,-1,0,0,-1
251,3,510,2,1410,481,-1,0,0,-1
252,1,272,285,263,187,-1,0,0,-1
252,2,874,233,573,320,-1,0,0,-1
252,3,510,2,1410,481,-1,0,0,-1
253,1,272,285,263,187,-1,0,0,-1
253,2,874,233,573,320,-1,0,0,-1
253,3,510,2,1410,481,-1,0,0,-1
254,1,272,285,263,187,-1,0,0,-1
254,2,874,233,573,320,-1,0,0,-1
254,3,510,2,1410,481,-1,0,0,-1
255,1,272,285,263,187,-1,0,0,-1
255,2,874,233,573,320,-1,0,0,-1
255,3,510,2,1410,481,-1,0,0,-1
256,1,272,285,263,187,-1,0,0,-1
256,2,874,233,573,320,-1,0,0,-1
256,3,510,2,1410,481,-1,0,0,-1
257,1,272,285,263,187,-1,0,0,-1
257,2,874,233,573,320,-1,0,0,-1
257,3,510,2,1410,481,-1,0,0,-1
258,1,272,285,263,187,-1,0,0,-1
258,2,874,233,573,320,-1,0,0,-1
258,3,510,2,1410,481,-1,0,0,-1
259,1,272,285,263,187,-1,0,0,-1
259,2,874,233,573,320,-1,0,0,-1
259,3,510,2,1410,481,-1,0,0,-1
260,1,272,285,263,187,-1,0,0,-1
260,2,874,233,573,320,-1,0,0,-1
260,3,510,2,1410,481,-1,0,0,-1
261,1,272,285,263,187,-1,0,0,-1
261,2,874,233,573,320,-1,0,0,-1
261,3,510,2,1410,481,-1,0,0,-1
262,1,272,285,263,187,-1,0,0,-1
262,2,874,233,573,320,-1,0,0,-1
262,3,510,2,1410,481,-1,0,0,-1
263,1,272,285,263,187,-1,0,0,-1
263,2,874,233,573,320,-1,0,0,-1
263,3,510,2,1410,481,-1,0,0,-1
264,1,272,285,263,187,-1,0,0,-1
264,2,874,233,573,320,-1,0,0,-1
264,3,510,2,1410,481,-1,0,0,-1
265,1,272,285,263,187,-1,0,0,-1
265,2,874,233,573,320,-1,0,0,-1
265,3,510,2,1410,481,-1,0,0,-1
266,1,272,285,263,187,-1,0,0,-1
266,2,874,233,573,320,-1,0,0,-1
266,3,510,2,1410,481,-1,0,0,-1
267,1,272,285,263,187,-1,0,0,-1
267,2,874,233,573,320,-1,0,0,-1
267,3,510,2,1410,481,-1,0,0,-1
268,1,272,285,263,187,-1,0,0,-1
268,2,874,233,573,320,-1,0,0,-1
268,3,510,2,1410,481,-1,0,0,-1
269,1,272,285,263,187,-1,0,0,-1
269,2,874,233,573,320,-1,0,0,-1
269,3,510,2,1410,481,-1,0,0,-1
270,1,272,285,263,187,-1,0,0,-1
270,2,874,233,573,320,-1,0,0,-1
270,3,510,2,1410,481,-1,0,0,-1
271,1,272,285,263,187,-1,0,0,-1
271,2,874,233,573,320,-1,0,0,-1
271,3,510,2,1410,481,-1,0,0,-1
272,1,272,285,263,187,-1,0,0,-1
272,2,874,233,573,320,-1,0,0,-1
272,3,510,2,1410,481,-1,0,0,-1
273,1,272,285,263,187,-1,0,0,-1
273,2,874,233,573,320,-1,0,0,-1
273,3,510,2,1410,481,-1,0,0,-1
274,1,272,285,263,187,-1,0,0,-1
274,2,874,233,573,320,-1,0,0,-1
274,3,510,2,1410,481,-1,0,0,-1
275,1,272,285,263,187,-1,0,0,-1
275,2,874,233,573,320,-1,0,0,-1
275,3,510,2,1410,481,-1,0,0,-1
276,1,272,285,263,187,-1,0,0,-1
276,2,874,233,573,320,-1,0,0,-1
276,3,510,2,1410,481,-1,0,0,-1
277,1,272,285,263,187,-1,0,0,-1
277,2,874,233,573,320,-1,0,0,-1
277,3,510,2,1410,481,-1,0,0,-1
278,1,272,285,263,187,-1,0,0,-1
278,2,874,233,573,320,-1,0,0,-1
278,3,510,2,1410,481,-1,0,0,-1
279,1,272,285,263,187,-1,0,0,-1
279,2,874,233,573,320,-1,0,0,-1
279,3,510,2,1410,481,-1,0,0,-1
280,1,272,285,263,187,-1,0,0,-1
280,2,874,233,573,320,-1,0,0,-1
280,3,510,2,1410,481,-1,0,0,-1
281,1,272,285,263,187,-1,0,0,-1
281,2,874,233,573,320,-1,0,0,-1
281,3,510,2,1410,481,-1,0,0,-1
282,1,272,285,263,187,-1,0,0,-1
282,2,874,234,572,320,-1,0,0,-1
282,3,510,2,1410,481,-1,0,0,-1
283,1,272,285,263,187,-1,0,0,-1
283,2,874,234,573,320,-1,0,0,-1
283,3,510,2,1410,481,-1,0,0,-1
284,1,272,285,263,187,-1,0,0,-1
284,2,875,234,572,319,-1,0,0,-1
284,3,510,2,1410,481,-1,0,0,-1
285,1,272,285,263,187,-1,0,0,-1
285,2,874,234,572,320,-1,0,0,-1
285,3,510,2,1410,481,-1,0,0,-1
286,1,272,285,263,187,-1,0,0,-1
286,2,875,234,572,319,-1,0,0,-1
286,3,510,2,1410,481,-1,0,0,-1
287,1,272,285,263,187,-1,0,0,-1
287,2,875,234,572,319,-1,0,0,-1
287,3,510,2,1410,481,-1,0,0,-1
288,1,272,285,263,187,-1,0,0,-1
288,2,875,234,572,319,-1,0,0,-1
288,3,510,2,1410,481,-1,0,0,-1
289,1,272,285,263,187,-1,0,0,-1
289,2,875,234,572,320,-1,0,0,-1
289,3,510,2,1410,481,-1,0,0,-1
290,1,272,285,263,187,-1,0,0,-1
290,2,875,234,572,319,-1,0,0,-1
290,3,510,2,1410,481,-1,0,0,-1
291,1,272,285,263,187,-1,0,0,-1
291,2,875,234,572,319,-1,0,0,-1
291,3,510,2,1410,481,-1,0,0,-1
292,1,272,285,263,187,-1,0,0,-1
292,2,875,234,572,319,-1,0,0,-1
292,3,510,2,1410,481,-1,0,0,-1
293,1,272,285,263,187,-1,0,0,-1
293,2,875,234,572,319,-1,0,0,-1
293,3,510,2,1410,481,-1,0,0,-1
294,1,272,285,263,187,-1,0,0,-1
294,2,875,234,572,319,-1,0,0,-1
294,3,510,2,1410,481,-1,0,0,-1
295,1,272,285,263,187,-1,0,0,-1
295,2,875,234,572,319,-1,0,0,-1
295,3,510,2,1410,481,-1,0,0,-1
296,1,272,285,263,187,-1,0,0,-1
296,2,875,235,572,319,-1,0,0,-1
296,3,510,2,1410,481,-1,0,0,-1
297,1,272,285,263,187,-1,0,0,-1
297,2,875,235,571,319,-1,0,0,-1
297,3,510,2,1410,481,-1,0,0,-1
298,1,272,285,263,187,-1,0,0,-1
298,2,875,234,572,319,-1,0,0,-1
298,3,510,2,1410,481,-1,0,0,-1
299,1,272,285,263,187,-1,0,0,-1
299,2,875,234,572,319,-1,0,0,-1
299,3,510,2,1410,481,-1,0,0,-1
300,1,272,285,263,187,-1,0,0,-1
300,2,874,233,573,320,-1,0,0,-1
300,3,510,2,1410,481,-1,0,0,-1
301,1,272,285,263,187,-1,0,0,-1
301,2,874,233,573,320,-1,0,0,-1
301,3,510,2,1410,481,-1,0,0,-1
302,1,272,285,263,187,-1,0,0,-1
302,2,875,235,571,319,-1,0,0,-1
302,3,510,2,1410,481,-1,0,0,-1
303,1,272,285,263,187,-1,0,0,-1
303,2,875,235,571,319,-1,0,0,-1
303,3,510,2,1410,481,-1,0,0,-1
304,1,272,285,263,187,-1,0,0,-1
304,2,874,233,573,320,-1,0,0,-1
304,3,510,2,1409,481,-1,0,0,-1
305,1,272,285,263,187,-1,0,0,-1
305,2,874,233,573,320,-1,0,0,-1
305,3,510,2,1409,481,-1,0,0,-1
306,1,272,285,263,187,-1,0,0,-1
306,2,875,235,571,319,-1,0,0,-1
306,3,510,2,1409,481,-1,0,0,-1
307,1,272,285,263,187,-1,0,0,-1
307,2,875,235,571,319,-1,0,0,-1
307,3,510,2,1409,481,-1,0,0,-1
308,1,272,285,263,187,-1,0,0,-1
308,2,875,235,571,319,-1,0,0,-1
308,3,510,2,1410,481,-1,0,0,-1
309,1,272,285,263,187,-1,0,0,-1
309,2,874,234,573,320,-1,0,0,-1
309,3,510,2,1410,481,-1,0,0,-1
310,1,272,285,263,187,-1,0,0,-1
310,2,874,233,573,320,-1,0,0,-1
310,3,510,2,1410,481,-1,0,0,-1
311,1,272,285,263,187,-1,0,0,-1
311,2,874,233,573,320,-1,0,0,-1
311,3,510,2,1410,481,-1,0,0,-1
312,1,272,285,263,187,-1,0,0,-1
312,2,874,233,573,320,-1,0,0,-1
312,3,510,2,1410,481,-1,0,0,-1
313,1,272,285,263,187,-1,0,0,-1
313,2,875,236,571,319,-1,0,0,-1
313,3,510,2,1410,481,-1,0,0,-1
314,1,272,285,263,187,-1,0,0,-1
314,2,874,233,572,320,-1,0,0,-1
314,3,510,2,1410,481,-1,0,0,-1
315,1,272,285,263,187,-1,0,0,-1
315,2,874,233,573,320,-1,0,0,-1
315,3,510,2,1410,481,-1,0,0,-1
316,1,272,285,263,187,-1,0,0,-1
316,2,874,233,573,320,-1,0,0,-1
316,3,510,2,1410,481,-1,0,0,-1
317,1,272,285,263,187,-1,0,0,-1
317,2,874,233,573,320,-1,0,0,-1
317,3,510,2,1410,481,-1,0,0,-1
318,1,272,285,263,187,-1,0,0,-1
318,2,875,234,572,319,-1,0,0,-1
318,3,510,2,1410,481,-1,0,0,-1
319,1,272,285,263,187,-1,0,0,-1
319,2,875,237,571,319,-1,0,0,-1
319,3,510,2,1410,481,-1,0,0,-1
320,1,272,285,263,187,-1,0,0,-1
320,2,875,236,570,319,-1,0,0,-1
320,3,510,2,1410,481,-1,0,0,-1
321,1,272,285,263,187,-1,0,0,-1
321,2,874,233,573,320,-1,0,0,-1
321,3,510,2,1410,481,-1,0,0,-1
322,1,272,285,263,187,-1,0,0,-1
322,2,874,233,573,320,-1,0,0,-1
322,3,510,2,1410,481,-1,0,0,-1
323,1,272,285,263,187,-1,0,0,-1
323,2,874,233,573,320,-1,0,0,-1
323,3,510,2,1410,481,-1,0,0,-1
324,1,272,285,263,187,-1,0,0,-1
324,2,874,234,572,320,-1,0,0,-1
324,3,510,2,1410,481,-1,0,0,-1
325,1,272,285,263,187,-1,0,0,-1
325,2,874,233,573,320,-1,0,0,-1
325,3,510,2,1410,481,-1,0,0,-1
326,1,272,285,263,187,-1,0,0,-1
326,2,874,233,573,320,-1,0,0,-1
326,3,510,2,1410,481,-1,0,0,-1
327,1,272,285,263,187,-1,0,0,-1
327,2,874,233,573,320,-1,0,0,-1
327,3,510,2,1410,481,-1,0,0,-1
328,1,272,285,263,187,-1,0,0,-1
328,2,874,233,573,320,-1,0,0,-1
328,3,510,2,1410,481,-1,0,0,-1
329,1,272,285,263,187,-1,0,0,-1
329,2,876,238,570,319,-1,0,0,-1
329,3,510,2,1410,481,-1,0,0,-1
330,1,272,285,263,187,-1,0,0,-1
330,2,876,238,570,318,-1,0,0,-1
330,3,510,2,1410,481,-1,0,0,-1
331,1,272,285,263,187,-1,0,0,-1
331,2,874,242,573,311,-1,0,0,-1
331,3,510,2,1410,481,-1,0,0,-1
332,1,272,285,263,187,-1,0,0,-1
332,2,874,242,573,311,-1,0,0,-1
332,3,510,2,1410,481,-1,0,0,-1
333,1,272,285,263,187,-1,0,0,-1
333,2,874,242,573,311,-1,0,0,-1
333,3,510,2,1410,481,-1,0,0,-1
334,1,272,285,263,187,-1,0,0,-1
334,2,874,242,573,311,-1,0,0,-1
334,3,510,2,1410,481,-1,0,0,-1
335,1,272,285,263,187,-1,0,0,-1
335,2,874,242,573,311,-1,0,0,-1
335,3,510,2,1410,481,-1,0,0,-1
336,1,272,285,263,187,-1,0,0,-1
336,2,874,242,573,311,-1,0,0,-1
336,3,510,2,1410,481,-1,0,0,-1
337,1,272,285,263,187,-1,0,0,-1
337,2,874,242,573,311,-1,0,0,-1
337,3,510,2,1410,481,-1,0,0,-1
338,1,272,285,263,187,-1,0,0,-1
338,2,874,242,573,311,-1,0,0,-1
338,3,510,2,1410,481,-1,0,0,-1
339,1,272,285,263,187,-1,0,0,-1
339,2,874,243,573,311,-1,0,0,-1
339,3,510,2,1410,481,-1,0,0,-1
340,1,272,285,263,187,-1,0,0,-1
340,2,874,243,573,311,-1,0,0,-1
340,3,510,2,1410,481,-1,0,0,-1
341,1,272,285,263,187,-1,0,0,-1
341,2,874,243,573,311,-1,0,0,-1
341,3,510,2,1410,481,-1,0,0,-1
342,1,272,285,263,187,-1,0,0,-1
342,2,874,243,573,311,-1,0,0,-1
342,3,510,2,1410,481,-1,0,0,-1
343,1,272,285,263,187,-1,0,0,-1
343,2,874,243,572,311,-1,0,0,-1
343,3,510,2,1410,481,-1,0,0,-1
344,1,272,285,263,187,-1,0,0,-1
344,2,874,243,573,311,-1,0,0,-1
344,3,510,2,1410,481,-1,0,0,-1
345,1,272,285,263,187,-1,0,0,-1
345,2,874,243,573,311,-1,0,0,-1
345,3,510,2,1410,481,-1,0,0,-1
346,1,272,285,263,187,-1,0,0,-1
346,2,874,243,572,311,-1,0,0,-1
346,3,510,2,1410,481,-1,0,0,-1
347,1,272,285,263,187,-1,0,0,-1
347,2,874,243,572,311,-1,0,0,-1
347,3,510,2,1410,481,-1,0,0,-1
348,1,272,285,263,187,-1,0,0,-1
348,2,874,243,572,311,-1,0,0,-1
348,3,510,2,1410,481,-1,0,0,-1
349,1,272,285,263,187,-1,0,0,-1
349,2,874,243,572,310,-1,0,0,-1
349,3,510,2,1410,481,-1,0,0,-1
350,1,272,285,263,187,-1,0,0,-1
350,2,874,243,572,311,-1,0,0,-1
350,3,510,2,1410,481,-1,0,0,-1
351,1,272,285,263,187,-1,0,0,-1
351,2,875,243,572,310,-1,0,0,-1
351,3,510,2,1410,481,-1,0,0,-1
352,1,272,285,263,187,-1,0,0,-1
352,2,875,243,572,310,-1,0,0,-1
352,3,510,2,1410,481,-1,0,0,-1
353,1,272,285,263,187,-1,0,0,-1
353,2,874,242,573,311,-1,0,0,-1
353,3,510,2,1410,481,-1,0,0,-1
354,1,272,285,263,187,-1,0,0,-1
354,2,875,243,572,310,-1,0,0,-1
354,3,510,2,1410,481,-1,0,0,-1
355,1,272,285,263,187,-1,0,0,-1
355,2,875,244,572,310,-1,0,0,-1
355,3,510,2,1410,481,-1,0,0,-1
356,1,272,285,263,187,-1,0,0,-1
356,2,875,244,571,310,-1,0,0,-1
356,3,510,2,1410,481,-1,0,0,-1
357,1,272,285,263,187,-1,0,0,-1
357,2,875,244,572,310,-1,0,0,-1
357,3,510,2,1410,481,-1,0,0,-1
358,1,272,285,263,187,-1,0,0,-1
358,2,874,243,572,310,-1,0,0,-1
358,3,510,2,1410,481,-1,0,0,-1
359,1,272,285,263,187,-1,0,0,-1
359,2,875,244,571,310,-1,0,0,-1
359,3,510,2,1410,481,-1,0,0,-1
360,1,272,285,263,187,-1,0,0,-1
360,2,874,242,573,311,-1,0,0,-1
360,3,510,2,1410,481,-1,0,0,-1
361,1,272,285,263,187,-1,0,0,-1
361,2,875,244,571,310,-1,0,0,-1
361,3,510,2,1410,481,-1,0,0,-1
362,1,272,285,263,187,-1,0,0,-1
362,2,875,244,571,310,-1,0,0,-1
362,3,510,2,1410,481,-1,0,0,-1
363,1,272,285,263,187,-1,0,0,-1
363,2,874,242,573,311,-1,0,0,-1
363,3,510,2,1410,481,-1,0,0,-1
364,1,272,285,263,187,-1,0,0,-1
364,2,875,245,571,310,-1,0,0,-1
364,3,510,2,1410,481,-1,0,0,-1
365,1,272,285,263,187,-1,0,0,-1
365,2,875,243,572,310,-1,0,0,-1
365,3,510,2,1410,481,-1,0,0,-1
366,1,272,285,263,187,-1,0,0,-1
366,2,875,244,571,310,-1,0,0,-1
366,3,510,2,1410,481,-1,0,0,-1
367,1,272,285,263,187,-1,0,0,-1
367,2,875,244,571,310,-1,0,0,-1
367,3,510,2,1410,481,-1,0,0,-1
368,1,272,285,263,187,-1,0,0,-1
368,2,874,242,573,311,-1,0,0,-1
368,3,510,2,1410,481,-1,0,0,-1
369,1,272,285,263,187,-1,0,0,-1
369,2,875,245,571,310,-1,0,0,-1
369,3,510,2,1410,481,-1,0,0,-1
370,1,272,285,263,187,-1,0,0,-1
370,2,875,244,571,310,-1,0,0,-1
370,3,510,2,1410,481,-1,0,0,-1
371,1,272,285,263,187,-1,0,0,-1
371,2,874,242,573,311,-1,0,0,-1
371,3,510,2,1410,481,-1,0,0,-1
372,1,272,285,263,187,-1,0,0,-1
372,2,874,242,573,311,-1,0,0,-1
372,3,510,2,1410,481,-1,0,0,-1
373,1,272,285,263,187,-1,0,0,-1
373,2,874,242,573,311,-1,0,0,-1
373,3,510,2,1410,481,-1,0,0,-1
374,1,272,285,263,187,-1,0,0,-1
374,2,874,242,573,311,-1,0,0,-1
374,3,510,2,1410,481,-1,0,0,-1
375,1,272,285,263,187,-1,0,0,-1
375,2,876,246,570,310,-1,0,0,-1
375,3,510,2,1410,481,-1,0,0,-1
376,1,272,285,263,187,-1,0,0,-1
376,2,874,242,573,311,-1,0,0,-1
376,3,510,2,1410,481,-1,0,0,-1
377,1,272,285,263,187,-1,0,0,-1
377,2,874,242,573,311,-1,0,0,-1
377,3,510,2,1410,481,-1,0,0,-1
378,1,272,285,263,187,-1,0,0,-1
378,2,874,242,573,311,-1,0,0,-1
378,3,510,2,1409,481,-1,0,0,-1
379,1,272,285,263,187,-1,0,0,-1
379,2,874,242,573,311,-1,0,0,-1
379,3,510,2,1410,481,-1,0,0,-1
380,1,272,285,263,187,-1,0,0,-1
380,2,876,247,570,309,-1,0,0,-1
380,3,510,2,1411,481,-1,0,0,-1
381,1,272,285,263,187,-1,0,0,-1
381,2,874,242,573,311,-1,0,0,-1
381,3,510,2,1411,481,-1,0,0,-1
382,1,272,285,263,187,-1,0,0,-1
382,2,875,244,572,310,-1,0,0,-1
382,3,510,2,1410,481,-1,0,0,-1
383,1,272,285,263,187,-1,0,0,-1
383,2,876,246,570,309,-1,0,0,-1
383,3,510,2,1410,481,-1,0,0,-1
384,1,272,285,263,187,-1,0,0,-1
384,2,874,242,573,311,-1,0,0,-1
384,3,510,2,1410,481,-1,0,0,-1
385,1,272,285,263,187,-1,0,0,-1
385,2,874,242,573,311,-1,0,0,-1
385,3,510,2,1410,481,-1,0,0,-1
386,1,272,285,263,187,-1,0,0,-1
386,2,874,242,573,311,-1,0,0,-1
386,3,510,2,1410,481,-1,0,0,-1
387,1,272,285,263,187,-1,0,0,-1
387,2,874,242,573,311,-1,0,0,-1
387,3,510,2,1410,481,-1,0,0,-1
388,1,272,285,263,187,-1,0,0,-1
388,2,874,242,573,311,-1,0,0,-1
388,3,510,2,1410,481,-1,0,0,-1
389,1,272,285,263,187,-1,0,0,-1
389,2,874,242,573,311,-1,0,0,-1
389,3,510,2,1410,481,-1,0,0,-1
390,1,272,285,263,187,-1,0,0,-1
390,2,874,242,573,311,-1,0,0,-1
390,3,510,2,1410,481,-1,0,0,-1
391,1,272,285,263,187,-1,0,0,-1
391,2,874,242,573,311,-1,0,0,-1
391,3,510,2,1410,481,-1,0,0,-1
392,1,272,285,263,187,-1,0,0,-1
392,2,874,242,573,311,-1,0,0,-1
392,3,510,2,1410,481,-1,0,0,-1
393,1,272,285,263,187,-1,0,0,-1
393,2,874,242,573,311,-1,0,0,-1
393,3,510,2,1410,481,-1,0,0,-1
394,1,272,285,263,187,-1,0,0,-1
394,2,874,242,573,311,-1,0,0,-1
394,3,510,2,1410,481,-1,0,0,-1
395,1,272,285,263,187,-1,0,0,-1
395,2,874,242,573,311,-1,0,0,-1
395,3,510,2,1410,481,-1,0,0,-1
396,1,272,285,263,187,-1,0,0,-1
396,2,874,242,573,311,-1,0,0,-1
396,3,510,2,1410,481,-1,0,0,-1
397,1,272,285,263,187,-1,0,0,-1
397,2,874,242,573,311,-1,0,0,-1
397,3,510,2,1410,481,-1,0,0,-1
398,1,272,285,263,187,-1,0,0,-1
398,2,874,242,573,311,-1,0,0,-1
398,3,510,2,1410,481,-1,0,0,-1
399,1,272,285,263,187,-1,0,0,-1
399,2,874,242,573,311,-1,0,0,-1
399,3,510,2,1410,481,-1,0,0,-1
400,1,272,285,263,187,-1,0,0,-1
400,2,874,242,573,311,-1,0,0,-1
400,3,510,2,1410,481,-1,0,0,-1
401,1,272,285,263,187,-1,0,0,-1
401,2,874,242,573,311,-1,0,0,-1
401,3,510,2,1410,481,-1,0,0,-1
402,1,272,285,263,187,-1,0,0,-1
402,2,874,242,573,311,-1,0,0,-1
402,3,510,2,1410,481,-1,0,0,-1
403,1,272,285,263,187,-1,0,0,-1
403,2,874,242,573,311,-1,0,0,-1
403,3,510,2,1410,481,-1,0,0,-1
404,1,272,285,263,187,-1,0,0,-1
404,2,874,242,573,311,-1,0,0,-1
404,3,510,2,1410,481,-1,0,0,-1
405,1,272,285,263,187,-1,0,0,-1
405,2,874,242,573,311,-1,0,0,-1
405,3,510,2,1410,481,-1,0,0,-1
406,1,272,285,263,187,-1,0,0,-1
406,2,874,242,573,311,-1,0,0,-1
406,3,510,2,1410,481,-1,0,0,-1
407,1,272,285,263,187,-1,0,0,-1
407,2,874,242,573,311,-1,0,0,-1
407,3,510,2,1410,481,-1,0,0,-1
408,1,272,285,263,187,-1,0,0,-1
408,2,874,242,573,311,-1,0,0,-1
408,3,510,2,1410,481,-1,0,0,-1
409,1,272,285,263,187,-1,0,0,-1
409,2,874,242,573,311,-1,0,0,-1
409,3,510,2,1410,481,-1,0,0,-1
410,1,272,285,263,187,-1,0,0,-1
410,2,874,242,573,311,-1,0,0,-1
410,3,510,2,1410,481,-1,0,0,-1
411,1,272,285,263,187,-1,0,0,-1
411,2,874,242,573,311,-1,0,0,-1
411,3,510,2,1410,481,-1,0,0,-1
412,1,272,285,263,187,-1,0,0,-1
412,2,874,242,573,311,-1,0,0,-1
412,3,510,2,1410,481,-1,0,0,-1
413,1,272,285,263,187,-1,0,0,-1
413,2,874,242,573,311,-1,0,0,-1
413,3,510,2,1410,481,-1,0,0,-1
414,1,272,285,263,187,-1,0,0,-1
414,2,874,242,573,311,-1,0,0,-1
414,3,510,2,1410,481,-1,0,0,-1
415,1,272,285,263,187,-1,0,0,-1
415,2,874,242,573,311,-1,0,0,-1
415,3,510,2,1410,481,-1,0,0,-1
416,1,272,285,263,187,-1,0,0,-1
416,2,874,242,573,311,-1,0,0,-1
416,3,510,2,1410,481,-1,0,0,-1
417,1,272,285,263,187,-1,0,0,-1
417,2,874,242,573,311,-1,0,0,-1
417,3,510,2,1410,481,-1,0,0,-1
418,1,272,285,263,187,-1,0,0,-1
418,2,874,257,573,296,-1,0,0,-1
418,3,510,2,1410,481,-1,0,0,-1
419,1,272,285,263,187,-1,0,0,-1
419,2,874,257,573,296,-1,0,0,-1
419,3,510,2,1410,481,-1,0,0,-1
420,1,272,285,263,187,-1,0,0,-1
420,2,874,257,573,296,-1,0,0,-1
420,3,510,2,1410,481,-1,0,0,-1
421,1,272,285,263,187,-1,0,0,-1
421,2,874,257,573,296,-1,0,0,-1
421,3,510,2,1410,481,-1,0,0,-1
422,1,272,285,263,187,-1,0,0,-1
422,2,874,257,573,296,-1,0,0,-1
422,3,510,2,1410,481,-1,0,0,-1
423,1,272,285,263,187,-1,0,0,-1
423,2,874,257,573,296,-1,0,0,-1
423,3,510,2,1410,481,-1,0,0,-1
424,1,272,285,263,187,-1,0,0,-1
424,2,874,257,573,296,-1,0,0,-1
424,3,510,2,1410,481,-1,0,0,-1
425,1,272,285,263,187,-1,0,0,-1
425,2,874,257,573,296,-1,0,0,-1
425,3,510,2,1410,481,-1,0,0,-1
426,1,272,285,263,187,-1,0,0,-1
426,2,874,257,573,296,-1,0,0,-1
426,3,510,2,1410,481,-1,0,0,-1
427,1,272,285,263,187,-1,0,0,-1
427,2,874,257,573,296,-1,0,0,-1
427,3,510,2,1410,481,-1,0,0,-1
428,1,272,285,263,187,-1,0,0,-1
428,2,874,258,573,296,-1,0,0,-1
428,3,510,2,1410,481,-1,0,0,-1
429,1,272,285,263,187,-1,0,0,-1
429,2,874,258,573,296,-1,0,0,-1
429,3,510,2,1410,481,-1,0,0,-1
430,1,272,285,263,187,-1,0,0,-1
430,2,874,258,573,296,-1,0,0,-1
430,3,510,2,1410,481,-1,0,0,-1
431,1,272,285,263,187,-1,0,0,-1
431,2,874,258,572,296,-1,0,0,-1
431,3,510,2,1410,481,-1,0,0,-1
432,1,272,285,263,187,-1,0,0,-1
432,2,874,258,572,296,-1,0,0,-1
432,3,510,2,1410,481,-1,0,0,-1
433,1,272,285,263,187,-1,0,0,-1
433,2,874,258,572,296,-1,0,0,-1
433,3,510,2,1410,481,-1,0,0,-1
434,1,272,285,263,187,-1,0,0,-1
434,2,874,258,572,296,-1,0,0,-1
434,3,510,2,1410,481,-1,0,0,-1
435,1,272,285,263,187,-1,0,0,-1
435,2,874,258,572,296,-1,0,0,-1
435,3,510,2,1410,481,-1,0,0,-1
436,1,272,285,263,187,-1,0,0,-1
436,2,874,258,572,296,-1,0,0,-1
436,3,510,2,1410,481,-1,0,0,-1
437,1,272,285,263,187,-1,0,0,-1
437,2,874,258,572,296,-1,0,0,-1
437,3,510,2,1410,481,-1,0,0,-1
438,1,272,285,263,187,-1,0,0,-1
438,2,874,258,572,296,-1,0,0,-1
438,3,510,2,1410,481,-1,0,0,-1
439,1,272,285,263,187,-1,0,0,-1
439,2,874,257,573,296,-1,0,0,-1
439,3,510,2,1410,481,-1,0,0,-1
440,1,272,285,263,187,-1,0,0,-1
440,2,874,258,572,296,-1,0,0,-1
440,3,510,2,1410,481,-1,0,0,-1
441,1,272,285,263,187,-1,0,0,-1
441,2,875,259,572,296,-1,0,0,-1
441,3,510,2,1410,481,-1,0,0,-1
442,1,272,285,263,187,-1,0,0,-1
442,2,874,258,572,296,-1,0,0,-1
442,3,510,2,1410,481,-1,0,0,-1
443,1,272,285,263,187,-1,0,0,-1
443,2,875,258,572,295,-1,0,0,-1
443,3,510,2,1410,481,-1,0,0,-1
444,1,272,285,263,187,-1,0,0,-1
444,2,875,258,572,296,-1,0,0,-1
444,3,510,2,1410,481,-1,0,0,-1
445,1,272,285,263,187,-1,0,0,-1
445,2,875,258,572,295,-1,0,0,-1
445,3,510,2,1410,481,-1,0,0,-1
446,1,272,285,263,187,-1,0,0,-1
446,2,874,257,573,296,-1,0,0,-1
446,3,510,2,1410,481,-1,0,0,-1
447,1,272,285,263,187,-1,0,0,-1
447,2,873,257,574,296,-1,0,0,-1
447,3,510,2,1410,481,-1,0,0,-1
448,1,272,285,263,187,-1,0,0,-1
448,2,874,257,573,296,-1,0,0,-1
448,3,510,2,1410,481,-1,0,0,-1
449,1,272,285,263,187,-1,0,0,-1
449,2,874,257,573,296,-1,0,0,-1
449,3,510,2,1410,481,-1,0,0,-1
450,1,272,285,263,187,-1,0,0,-1
450,2,874,258,573,296,-1,0,0,-1
450,3,510,2,1410,481,-1,0,0,-1
451,1,272,285,263,187,-1,0,0,-1
451,2,875,259,572,295,-1,0,0,-1
451,3,510,2,1410,481,-1,0,0,-1
452,1,272,285,263,187,-1,0,0,-1
452,2,874,257,573,296,-1,0,0,-1
452,3,510,2,1410,481,-1,0,0,-1
453,1,272,285,263,187,-1,0,0,-1
453,2,874,257,573,296,-1,0,0,-1
453,3,510,2,1410,481,-1,0,0,-1
454,1,272,285,263,187,-1,0,0,-1
454,2,876,260,570,295,-1,0,0,-1
454,3,510,2,1410,481,-1,0,0,-1
455,1,272,285,263,187,-1,0,0,-1
455,2,874,257,573,296,-1,0,0,-1
455,3,510,2,1410,481,-1,0,0,-1
456,1,272,285,263,187,-1,0,0,-1
456,2,874,257,573,296,-1,0,0,-1
456,3,510,2,1410,481,-1,0,0,-1
457,1,272,285,263,187,-1,0,0,-1
457,2,874,257,573,296,-1,0,0,-1
457,3,510,2,1410,481,-1,0,0,-1
458,1,272,285,263,187,-1,0,0,-1
458,2,874,257,573,296,-1,0,0,-1
458,3,510,2,1410,481,-1,0,0,-1
459,1,272,285,263,187,-1,0,0,-1
459,2,874,257,573,296,-1,0,0,-1
459,3,510,2,1410,481,-1,0,0,-1
460,1,272,285,263,187,-1,0,0,-1
460,2,874,263,573,290,-1,0,0,-1
460,3,510,2,1410,481,-1,0,0,-1
461,1,272,285,263,187,-1,0,0,-1
461,2,874,263,573,290,-1,0,0,-1
461,3,510,2,1410,481,-1,0,0,-1
462,1,272,285,263,187,-1,0,0,-1
462,2,874,263,573,290,-1,0,0,-1
462,3,510,2,1410,481,-1,0,0,-1
463,1,272,285,263,187,-1,0,0,-1
463,2,874,263,573,290,-1,0,0,-1
463,3,510,2,1410,481,-1,0,0,-1
464,1,272,285,263,187,-1,0,0,-1
464,2,874,263,573,290,-1,0,0,-1
464,3,510,2,1410,481,-1,0,0,-1
465,1,272,285,263,187,-1,0,0,-1
465,2,874,263,573,290,-1,0,0,-1
465,3,510,2,1410,481,-1,0,0,-1
466,1,272,285,263,187,-1,0,0,-1
466,2,874,263,573,290,-1,0,0,-1
466,3,510,2,1410,481,-1,0,0,-1
467,1,272,285,263,187,-1,0,0,-1
467,2,874,263,573,290,-1,0,0,-1
467,3,510,2,1410,481,-1,0,0,-1
468,1,272,285,263,187,-1,0,0,-1
468,2,874,263,573,290,-1,0,0,-1
468,3,510,2,1410,481,-1,0,0,-1
469,1,272,285,263,187,-1,0,0,-1
469,2,874,263,573,290,-1,0,0,-1
469,3,510,2,1410,481,-1,0,0,-1
470,1,272,285,263,187,-1,0,0,-1
470,2,874,264,573,290,-1,0,0,-1
470,3,510,2,1410,481,-1,0,0,-1
471,1,272,285,263,187,-1,0,0,-1
471,2,874,264,573,290,-1,0,0,-1
471,3,510,2,1410,481,-1,0,0,-1
472,1,272,285,263,187,-1,0,0,-1
472,2,874,264,572,290,-1,0,0,-1
472,3,510,2,1410,481,-1,0,0,-1
473,1,272,285,263,187,-1,0,0,-1
473,2,874,263,573,290,-1,0,0,-1
473,3,510,2,1410,481,-1,0,0,-1
474,1,272,285,263,187,-1,0,0,-1
474,2,874,264,572,290,-1,0,0,-1
474,3,510,2,1410,481,-1,0,0,-1
475,1,272,285,263,187,-1,0,0,-1
475,2,874,264,572,290,-1,0,0,-1
475,3,510,2,1410,481,-1,0,0,-1
476,1,272,285,263,187,-1,0,0,-1
476,2,874,264,572,290,-1,0,0,-1
476,3,510,2,1410,481,-1,0,0,-1
477,1,272,285,263,187,-1,0,0,-1
477,2,874,264,572,290,-1,0,0,-1
477,3,510,2,1410,481,-1,0,0,-1
478,1,272,285,263,187,-1,0,0,-1
478,2,874,264,572,290,-1,0,0,-1
478,3,510,2,1410,481,-1,0,0,-1
479,1,272,285,263,187,-1,0,0,-1
479,2,874,264,572,290,-1,0,0,-1
479,3,510,2,1410,481,-1,0,0,-1
480,1,272,285,263,187,-1,0,0,-1
480,2,874,264,572,290,-1,0,0,-1
480,3,510,2,1410,481,-1,0,0,-1
481,1,272,285,263,187,-1,0,0,-1
481,2,874,264,572,290,-1,0,0,-1
481,3,510,2,1410,481,-1,0,0,-1
482,1,272,285,263,187,-1,0,0,-1
482,2,874,268,572,286,-1,0,0,-1
482,3,510,2,1410,481,-1,0,0,-1
483,1,272,285,263,187,-1,0,0,-1
483,2,874,268,572,286,-1,0,0,-1
483,3,510,2,1410,481,-1,0,0,-1
484,1,272,285,263,187,-1,0,0,-1
484,2,874,268,572,286,-1,0,0,-1
484,3,510,2,1410,481,-1,0,0,-1
485,1,272,285,263,187,-1,0,0,-1
485,2,874,268,572,286,-1,0,0,-1
485,3,510,2,1410,481,-1,0,0,-1
486,1,272,285,263,187,-1,0,0,-1
486,2,874,268,572,286,-1,0,0,-1
486,3,510,2,1410,481,-1,0,0,-1
487,1,272,285,263,187,-1,0,0,-1
487,2,874,268,572,286,-1,0,0,-1
487,3,510,2,1410,481,-1,0,0,-1
488,1,272,285,263,187,-1,0,0,-1
488,2,874,268,572,286,-1,0,0,-1
488,3,510,2,1410,481,-1,0,0,-1
489,1,272,285,263,187,-1,0,0,-1
489,2,874,268,572,286,-1,0,0,-1
489,3,510,2,1410,481,-1,0,0,-1
490,1,272,285,263,187,-1,0,0,-1
490,2,874,269,572,286,-1,0,0,-1
490,3,510,2,1410,481,-1,0,0,-1
491,1,272,285,263,187,-1,0,0,-1
491,2,874,269,572,286,-1,0,0,-1
491,3,510,2,1410,481,-1,0,0,-1
492,1,272,285,263,187,-1,0,0,-1
492,2,874,269,572,286,-1,0,0,-1
492,3,510,2,1410,481,-1,0,0,-1
493,1,272,285,263,187,-1,0,0,-1
493,2,874,269,572,286,-1,0,0,-1
493,3,510,2,1410,481,-1,0,0,-1
494,1,272,285,263,187,-1,0,0,-1
494,2,874,269,572,286,-1,0,0,-1
494,3,510,2,1410,481,-1,0,0,-1
495,1,272,285,263,187,-1,0,0,-1
495,2,874,269,572,286,-1,0,0,-1
495,3,510,2,1410,481,-1,0,0,-1
496,1,272,285,263,187,-1,0,0,-1
496,2,874,269,571,286,-1,0,0,-1
496,3,510,2,1410,481,-1,0,0,-1
497,1,272,285,263,187,-1,0,0,-1
497,2,874,269,571,286,-1,0,0,-1
497,3,510,2,1410,481,-1,0,0,-1
498,1,272,285,263,187,-1,0,0,-1
498,2,874,269,571,286,-1,0,0,-1
498,3,510,2,1410,481,-1,0,0,-1
499,1,272,285,263,187,-1,0,0,-1
499,2,874,269,571,286,-1,0,0,-1
499,3,510,2,1410,481,-1,0,0,-1
500,1,272,285,263,187,-1,0,0,-1
500,2,874,269,571,286,-1,0,0,-1
500,3,510,2,1410,481,-1,0,0,-1
501,1,272,285,263,187,-1,0,0,-1
501,2,874,269,571,286,-1,0,0,-1
501,3,510,2,1410,481,-1,0,0,-1
502,1,272,285,263,187,-1,0,0,-1
502,2,874,269,571,286,-1,0,0,-1
502,3,510,2,1410,481,-1,0,0,-1
503,1,272,285,263,187,-1,0,0,-1
503,2,875,270,571,285,-1,0,0,-1
503,3,510,2,1410,481,-1,0,0,-1
504,1,272,285,263,187,-1,0,0,-1
504,2,874,268,572,286,-1,0,0,-1
504,3,510,2,1410,481,-1,0,0,-1
505,1,272,285,263,187,-1,0,0,-1
505,2,875,270,571,285,-1,0,0,-1
505,3,510,2,1410,481,-1,0,0,-1
506,1,272,285,263,187,-1,0,0,-1
506,2,875,270,571,285,-1,0,0,-1
506,3,510,2,1410,481,-1,0,0,-1
507,1,272,285,263,187,-1,0,0,-1
507,2,875,270,571,285,-1,0,0,-1
507,3,510,2,1410,481,-1,0,0,-1
508,1,272,285,263,187,-1,0,0,-1
508,2,875,273,571,282,-1,0,0,-1
508,3,510,2,1410,481,-1,0,0,-1
509,1,272,285,263,187,-1,0,0,-1
509,2,875,273,571,282,-1,0,0,-1
509,3,510,2,1410,481,-1,0,0,-1
510,1,272,285,263,187,-1,0,0,-1
510,2,875,273,571,282,-1,0,0,-1
510,3,510,2,1410,481,-1,0,0,-1
511,1,272,285,263,187,-1,0,0,-1
511,2,875,273,571,282,-1,0,0,-1
511,3,510,2,1410,481,-1,0,0,-1
512,1,272,285,263,187,-1,0,0,-1
512,2,875,273,571,282,-1,0,0,-1
512,3,510,2,1410,481,-1,0,0,-1
513,1,272,285,263,187,-1,0,0,-1
513,2,875,273,571,282,-1,0,0,-1
513,3,510,2,1410,481,-1,0,0,-1
514,1,272,285,263,187,-1,0,0,-1
514,2,875,273,571,282,-1,0,0,-1
514,3,510,2,1410,481,-1,0,0,-1
515,1,272,285,263,187,-1,0,0,-1
515,2,875,274,571,282,-1,0,0,-1
515,3,510,2,1410,481,-1,0,0,-1
516,1,272,285,263,187,-1,0,0,-1
516,2,875,274,571,282,-1,0,0,-1
516,3,510,2,1410,481,-1,0,0,-1
517,1,272,285,263,187,-1,0,0,-1
517,2,875,274,571,282,-1,0,0,-1
517,3,510,2,1410,481,-1,0,0,-1
518,1,272,285,263,187,-1,0,0,-1
518,2,875,274,571,282,-1,0,0,-1
518,3,510,2,1410,481,-1,0,0,-1
519,1,272,285,263,187,-1,0,0,-1
519,2,875,274,571,282,-1,0,0,-1
519,3,510,2,1410,481,-1,0,0,-1
520,1,272,285,263,187,-1,0,0,-1
520,2,875,274,571,282,-1,0,0,-1
520,3,510,2,1410,481,-1,0,0,-1
520,4,733,242,315,212,-1,0,0,-1
521,1,272,285,263,187,-1,0,0,-1
521,2,875,274,571,282,-1,0,0,-1
521,3,510,2,1410,481,-1,0,0,-1
521,4,733,242,315,212,-1,0,0,-1
522,1,272,285,263,187,-1,0,0,-1
522,2,875,274,571,282,-1,0,0,-1
522,3,510,2,1410,481,-1,0,0,-1
522,4,733,242,315,212,-1,0,0,-1
523,1,272,285,263,187,-1,0,0,-1
523,2,875,274,571,282,-1,0,0,-1
523,3,510,2,1410,481,-1,0,0,-1
523,4,733,242,315,212,-1,0,0,-1
524,1,272,285,263,187,-1,0,0,-1
524,2,875,274,571,282,-1,0,0,-1
524,3,510,2,1410,481,-1,0,0,-1
524,4,733,242,315,212,-1,0,0,-1
525,1,272,285,263,187,-1,0,0,-1
525,2,875,274,571,282,-1,0,0,-1
525,3,510,2,1410,481,-1,0,0,-1
525,4,733,242,315,212,-1,0,0,-1
526,1,272,285,263,187,-1,0,0,-1
526,2,875,274,571,282,-1,0,0,-1
526,3,510,2,1410,481,-1,0,0,-1
526,4,733,242,315,212,-1,0,0,-1
527,1,272,285,263,187,-1,0,0,-1
527,2,875,274,571,282,-1,0,0,-1
527,3,510,2,1410,481,-1,0,0,-1
527,4,733,242,315,212,-1,0,0,-1
528,1,272,285,263,187,-1,0,0,-1
528,2,875,275,571,282,-1,0,0,-1
528,3,510,2,1410,481,-1,0,0,-1
528,4,733,242,315,212,-1,0,0,-1
529,1,272,285,263,187,-1,0,0,-1
529,2,875,275,571,282,-1,0,0,-1
529,3,510,2,1410,481,-1,0,0,-1
529,4,733,242,315,212,-1,0,0,-1
530,1,272,285,263,187,-1,0,0,-1
530,2,875,275,570,282,-1,0,0,-1
530,3,510,2,1410,481,-1,0,0,-1
530,4,733,243,315,212,-1,0,0,-1
531,1,272,285,263,187,-1,0,0,-1
531,2,875,275,570,282,-1,0,0,-1
531,3,510,2,1410,481,-1,0,0,-1
531,4,733,243,315,212,-1,0,0,-1
532,1,272,285,263,187,-1,0,0,-1
532,2,875,275,570,282,-1,0,0,-1
532,3,510,2,1410,481,-1,0,0,-1
532,4,733,243,315,212,-1,0,0,-1
533,1,272,285,263,187,-1,0,0,-1
533,2,875,275,570,282,-1,0,0,-1
533,3,510,2,1410,481,-1,0,0,-1
533,4,733,243,315,212,-1,0,0,-1
534,1,272,285,263,187,-1,0,0,-1
534,2,875,275,570,282,-1,0,0,-1
534,3,510,2,1410,481,-1,0,0,-1
534,4,733,243,315,212,-1,0,0,-1
535,1,272,285,263,187,-1,0,0,-1
535,2,875,275,570,282,-1,0,0,-1
535,3,510,2,1410,481,-1,0,0,-1
535,4,733,243,315,212,-1,0,0,-1
536,1,272,285,263,187,-1,0,0,-1
536,2,875,275,570,282,-1,0,0,-1
536,3,510,2,1410,481,-1,0,0,-1
536,4,733,243,315,212,-1,0,0,-1
537,1,272,285,263,187,-1,0,0,-1
537,2,875,275,570,282,-1,0,0,-1
537,3,510,2,1410,481,-1,0,0,-1
537,4,733,243,315,212,-1,0,0,-1
538,1,272,285,263,187,-1,0,0,-1
538,2,875,275,570,282,-1,0,0,-1
538,3,510,2,1410,481,-1,0,0,-1
538,4,733,243,315,212,-1,0,0,-1
539,1,272,285,263,187,-1,0,0,-1
539,2,876,275,570,281,-1,0,0,-1
539,3,510,2,1410,481,-1,0,0,-1
539,4,733,243,315,212,-1,0,0,-1
540,1,272,285,263,187,-1,0,0,-1
540,2,875,275,570,282,-1,0,0,-1
540,3,510,2,1410,481,-1,0,0,-1
540,4,733,243,315,212,-1,0,0,-1
541,1,272,285,263,187,-1,0,0,-1
541,2,875,276,570,281,-1,0,0,-1
541,3,510,2,1410,481,-1,0,0,-1
541,4,733,243,315,212,-1,0,0,-1
542,1,272,285,263,187,-1,0,0,-1
542,2,876,276,570,281,-1,0,0,-1
542,3,510,2,1410,481,-1,0,0,-1
542,4,733,243,315,212,-1,0,0,-1
543,1,272,285,263,187,-1,0,0,-1
543,2,875,274,571,282,-1,0,0,-1
543,3,509,2,1411,481,-1,0,0,-1
543,4,733,243,315,212,-1,0,0,-1
544,1,272,285,263,187,-1,0,0,-1
544,2,876,276,570,281,-1,0,0,-1
544,3,510,2,1410,481,-1,0,0,-1
544,4,733,244,315,212,-1,0,0,-1
545,1,272,285,263,187,-1,0,0,-1
545,2,875,275,570,282,-1,0,0,-1
545,3,510,2,1410,481,-1,0,0,-1
545,4,733,243,315,212,-1,0,0,-1
546,1,272,285,263,187,-1,0,0,-1
546,2,876,276,569,281,-1,0,0,-1
546,3,510,2,1410,481,-1,0,0,-1
546,4,733,244,315,212,-1,0,0,-1
547,1,272,285,263,187,-1,0,0,-1
547,2,876,276,570,281,-1,0,0,-1
547,3,510,2,1410,481,-1,0,0,-1
547,4,733,242,315,212,-1,0,0,-1
548,1,272,285,263,187,-1,0,0,-1
548,2,875,274,571,282,-1,0,0,-1
548,3,510,2,1410,481,-1,0,0,-1
548,4,733,244,315,212,-1,0,0,-1
549,1,272,285,263,187,-1,0,0,-1
549,2,875,274,571,282,-1,0,0,-1
549,3,510,2,1410,481,-1,0,0,-1
549,4,733,244,315,212,-1,0,0,-1
550,1,272,285,263,187,-1,0,0,-1
550,2,876,276,569,281,-1,0,0,-1
550,3,510,2,1410,481,-1,0,0,-1
550,4,733,242,315,212,-1,0,0,-1
551,1,272,285,263,187,-1,0,0,-1
551,2,875,274,571,282,-1,0,0,-1
551,3,510,2,1410,481,-1,0,0,-1
551,4,733,244,315,212,-1,0,0,-1
552,1,272,285,263,187,-1,0,0,-1
552,2,876,277,569,281,-1,0,0,-1
552,3,510,2,1410,481,-1,0,0,-1
552,4,733,243,316,212,-1,0,0,-1
553,1,272,285,263,187,-1,0,0,-1
553,2,876,277,569,281,-1,0,0,-1
553,3,510,2,1410,481,-1,0,0,-1
553,4,733,242,315,212,-1,0,0,-1
554,1,272,285,263,187,-1,0,0,-1
554,2,875,274,571,282,-1,0,0,-1
554,3,510,2,1410,481,-1,0,0,-1
554,4,733,244,316,212,-1,0,0,-1
555,1,272,285,263,187,-1,0,0,-1
555,2,875,275,570,282,-1,0,0,-1
555,3,510,2,1410,481,-1,0,0,-1
555,4,733,244,315,212,-1,0,0,-1
556,1,272,285,263,187,-1,0,0,-1
556,2,875,274,571,282,-1,0,0,-1
556,3,509,2,1411,481,-1,0,0,-1
556,4,733,244,315,212,-1,0,0,-1
557,1,272,285,263,187,-1,0,0,-1
557,2,875,274,571,282,-1,0,0,-1
557,3,510,2,1410,481,-1,0,0,-1
557,4,734,245,314,212,-1,0,0,-1
558,1,272,285,263,187,-1,0,0,-1
558,2,876,277,568,281,-1,0,0,-1
558,3,510,2,1410,481,-1,0,0,-1
558,4,733,242,315,212,-1,0,0,-1
559,1,272,285,263,187,-1,0,0,-1
559,2,876,278,569,281,-1,0,0,-1
559,3,510,2,1410,481,-1,0,0,-1
559,4,733,242,315,212,-1,0,0,-1
560,1,272,285,263,187,-1,0,0,-1
560,2,875,274,571,282,-1,0,0,-1
560,3,510,2,1410,481,-1,0,0,-1
560,4,733,242,315,212,-1,0,0,-1
561,1,272,285,263,187,-1,0,0,-1
561,2,875,274,571,282,-1,0,0,-1
561,3,510,2,1410,481,-1,0,0,-1
561,4,733,243,316,213,-1,0,0,-1
562,1,272,285,263,187,-1,0,0,-1
562,2,875,274,571,282,-1,0,0,-1
562,3,510,2,1410,481,-1,0,0,-1
562,4,734,245,315,212,-1,0,0,-1
563,1,272,285,263,187,-1,0,0,-1
563,2,875,274,571,282,-1,0,0,-1
563,3,510,2,1410,481,-1,0,0,-1
563,4,734,246,314,211,-1,0,0,-1
564,1,272,285,263,187,-1,0,0,-1
564,2,875,274,571,282,-1,0,0,-1
564,3,510,2,1410,481,-1,0,0,-1
564,4,734,246,315,212,-1,0,0,-1
565,1,272,285,263,187,-1,0,0,-1
565,2,875,274,571,282,-1,0,0,-1
565,3,510,2,1410,481,-1,0,0,-1
565,4,734,245,315,212,-1,0,0,-1
566,1,272,285,263,187,-1,0,0,-1
566,2,875,274,571,282,-1,0,0,-1
566,3,510,2,1410,481,-1,0,0,-1
566,4,734,246,315,212,-1,0,0,-1
567,1,272,285,263,187,-1,0,0,-1
567,2,875,274,571,282,-1,0,0,-1
567,3,510,2,1410,481,-1,0,0,-1
567,4,734,246,314,212,-1,0,0,-1
568,1,272,285,263,187,-1,0,0,-1
568,2,875,274,571,282,-1,0,0,-1
568,3,510,2,1410,481,-1,0,0,-1
568,4,734,246,314,211,-1,0,0,-1
569,1,272,285,263,187,-1,0,0,-1
569,2,877,279,569,281,-1,0,0,-1
569,3,510,2,1410,481,-1,0,0,-1
569,4,735,247,312,210,-1,0,0,-1
570,1,272,285,263,187,-1,0,0,-1
570,2,875,274,571,282,-1,0,0,-1
570,3,510,2,1410,481,-1,0,0,-1
570,4,733,242,315,212,-1,0,0,-1
571,1,272,285,263,187,-1,0,0,-1
571,2,875,274,571,282,-1,0,0,-1
571,3,510,2,1410,481,-1,0,0,-1
571,4,733,242,315,212,-1,0,0,-1
572,1,272,285,263,187,-1,0,0,-1
572,2,875,274,571,282,-1,0,0,-1
572,3,510,2,1410,481,-1,0,0,-1
572,4,733,242,315,212,-1,0,0,-1
573,1,272,285,263,187,-1,0,0,-1
573,2,875,280,571,276,-1,0,0,-1
573,3,510,2,1410,481,-1,0,0,-1
573,4,733,242,315,212,-1,0,0,-1
574,1,272,285,263,187,-1,0,0,-1
574,2,875,280,571,276,-1,0,0,-1
574,3,510,2,1410,481,-1,0,0,-1
574,4,733,242,315,212,-1,0,0,-1
575,1,272,285,263,187,-1,0,0,-1
575,2,875,280,571,276,-1,0,0,-1
575,3,510,2,1410,481,-1,0,0,-1
575,4,733,242,315,212,-1,0,0,-1
576,1,272,285,263,187,-1,0,0,-1
576,2,875,280,571,276,-1,0,0,-1
576,3,510,2,1410,481,-1,0,0,-1
576,4,734,247,313,211,-1,0,0,-1
577,1,272,285,263,187,-1,0,0,-1
577,2,875,280,571,276,-1,0,0,-1
577,3,510,2,1410,481,-1,0,0,-1
577,4,733,242,315,212,-1,0,0,-1
578,1,272,285,263,187,-1,0,0,-1
578,2,875,280,571,276,-1,0,0,-1
578,3,510,2,1410,481,-1,0,0,-1
578,4,733,242,315,212,-1,0,0,-1
579,1,272,285,263,187,-1,0,0,-1
579,2,875,280,571,276,-1,0,0,-1
579,3,510,2,1410,481,-1,0,0,-1
579,4,733,242,315,212,-1,0,0,-1
580,1,272,285,263,187,-1,0,0,-1
580,2,875,280,571,276,-1,0,0,-1
580,3,510,2,1410,481,-1,0,0,-1
580,4,733,242,315,212,-1,0,0,-1
581,1,272,285,263,187,-1,0,0,-1
581,2,875,280,571,276,-1,0,0,-1
581,3,510,2,1410,481,-1,0,0,-1
581,4,733,242,315,212,-1,0,0,-1
582,1,272,285,263,187,-1,0,0,-1
582,2,875,281,571,276,-1,0,0,-1
582,3,510,2,1410,481,-1,0,0,-1
582,4,733,242,315,212,-1,0,0,-1
583,1,272,285,263,187,-1,0,0,-1
583,2,875,281,571,276,-1,0,0,-1
583,3,510,2,1410,481,-1,0,0,-1
583,4,733,242,315,212,-1,0,0,-1
584,1,272,285,263,187,-1,0,0,-1
584,2,875,281,571,276,-1,0,0,-1
584,3,510,2,1410,481,-1,0,0,-1
584,4,733,242,315,212,-1,0,0,-1
585,1,272,285,263,187,-1,0,0,-1
585,2,875,281,571,276,-1,0,0,-1
585,3,510,2,1410,481,-1,0,0,-1
585,4,733,242,315,212,-1,0,0,-1
586,1,272,285,263,187,-1,0,0,-1
586,2,875,281,570,276,-1,0,0,-1
586,3,510,2,1410,481,-1,0,0,-1
586,4,733,242,315,212,-1,0,0,-1
587,1,272,285,263,187,-1,0,0,-1
587,2,875,281,570,276,-1,0,0,-1
587,3,510,2,1410,481,-1,0,0,-1
587,4,733,242,315,212,-1,0,0,-1
588,1,272,285,263,187,-1,0,0,-1
588,2,875,281,570,276,-1,0,0,-1
588,3,510,2,1410,481,-1,0,0,-1
588,4,733,242,315,212,-1,0,0,-1
589,1,272,285,263,187,-1,0,0,-1
589,2,875,281,570,276,-1,0,0,-1
589,3,510,2,1410,481,-1,0,0,-1
589,4,733,242,315,212,-1,0,0,-1
590,1,272,285,263,187,-1,0,0,-1
590,2,875,281,570,276,-1,0,0,-1
590,3,510,2,1410,481,-1,0,0,-1
590,4,733,242,315,212,-1,0,0,-1
591,1,272,285,263,187,-1,0,0,-1
591,2,875,281,570,276,-1,0,0,-1
591,3,510,2,1410,481,-1,0,0,-1
591,4,733,242,315,212,-1,0,0,-1
592,1,272,285,263,187,-1,0,0,-1
592,2,875,281,570,276,-1,0,0,-1
592,3,510,2,1410,481,-1,0,0,-1
592,4,733,242,315,212,-1,0,0,-1
593,1,272,285,263,187,-1,0,0,-1
593,2,875,281,570,276,-1,0,0,-1
593,3,510,2,1410,481,-1,0,0,-1
593,4,733,242,315,212,-1,0,0,-1
594,1,272,285,263,187,-1,0,0,-1
594,2,875,282,570,276,-1,0,0,-1
594,3,510,2,1410,481,-1,0,0,-1
594,4,733,242,315,212,-1,0,0,-1
595,1,272,285,263,187,-1,0,0,-1
595,2,875,282,570,276,-1,0,0,-1
595,3,510,2,1410,481,-1,0,0,-1
595,4,733,242,315,212,-1,0,0,-1
596,1,272,285,263,187,-1,0,0,-1
596,2,875,282,570,276,-1,0,0,-1
596,3,510,2,1410,481,-1,0,0,-1
596,4,733,242,315,212,-1,0,0,-1
597,1,272,285,263,187,-1,0,0,-1
597,2,876,288,570,269,-1,0,0,-1
597,3,510,2,1410,481,-1,0,0,-1
597,4,733,242,315,212,-1,0,0,-1
598,1,272,285,263,187,-1,0,0,-1
598,2,876,288,570,269,-1,0,0,-1
598,3,509,2,1411,481,-1,0,0,-1
598,4,733,242,315,212,-1,0,0,-1
599,1,272,285,263,187,-1,0,0,-1
599,2,876,288,570,269,-1,0,0,-1
599,3,510,2,1410,481,-1,0,0,-1
599,4,733,242,315,212,-1,0,0,-1
600,1,272,285,263,187,-1,0,0,-1
600,2,876,288,570,269,-1,0,0,-1
600,3,510,2,1410,481,-1,0,0,-1
600,4,733,242,315,212,-1,0,0,-1
601,1,272,285,263,187,-1,0,0,-1
601,2,876,288,570,269,-1,0,0,-1
601,3,510,2,1409,481,-1,0,0,-1
601,4,733,242,315,212,-1,0,0,-1
602,1,272,285,263,187,-1,0,0,-1
602,2,876,288,570,269,-1,0,0,-1
602,3,510,2,1410,481,-1,0,0,-1
602,4,733,242,315,212,-1,0,0,-1
603,1,272,285,263,187,-1,0,0,-1
603,2,876,288,570,269,-1,0,0,-1
603,3,510,2,1410,481,-1,0,0,-1
603,4,733,242,315,212,-1,0,0,-1
604,1,272,285,263,187,-1,0,0,-1
604,2,876,288,570,269,-1,0,0,-1
604,3,510,2,1409,481,-1,0,0,-1
604,4,733,242,315,212,-1,0,0,-1
605,1,272,285,263,187,-1,0,0,-1
605,2,876,288,570,269,-1,0,0,-1
605,3,510,2,1410,481,-1,0,0,-1
605,4,733,242,315,212,-1,0,0,-1
606,1,272,285,263,187,-1,0,0,-1
606,2,876,289,570,269,-1,0,0,-1
606,3,510,2,1411,481,-1,0,0,-1
606,4,733,242,315,212,-1,0,0,-1
607,1,272,285,263,187,-1,0,0,-1
607,2,876,289,570,269,-1,0,0,-1
607,3,510,2,1409,481,-1,0,0,-1
607,4,733,242,315,212,-1,0,0,-1
608,1,272,285,263,187,-1,0,0,-1
608,2,876,289,570,269,-1,0,0,-1
608,3,510,2,1410,481,-1,0,0,-1
608,4,733,242,315,212,-1,0,0,-1
609,1,272,285,263,187,-1,0,0,-1
609,2,876,289,570,269,-1,0,0,-1
609,3,510,2,1410,481,-1,0,0,-1
609,4,733,242,315,212,-1,0,0,-1
610,1,272,285,263,187,-1,0,0,-1
610,2,876,289,570,269,-1,0,0,-1
610,3,510,2,1410,481,-1,0,0,-1
610,4,733,242,315,212,-1,0,0,-1
611,1,272,285,263,187,-1,0,0,-1
611,2,876,289,569,269,-1,0,0,-1
611,3,510,2,1410,481,-1,0,0,-1
611,4,733,242,315,212,-1,0,0,-1
612,1,272,285,263,187,-1,0,0,-1
612,2,876,289,570,269,-1,0,0,-1
612,3,510,2,1410,481,-1,0,0,-1
612,4,733,242,315,212,-1,0,0,-1
613,1,272,285,263,187,-1,0,0,-1
613,2,876,289,569,269,-1,0,0,-1
613,3,510,2,1410,481,-1,0,0,-1
613,4,733,242,315,212,-1,0,0,-1
614,1,272,285,263,187,-1,0,0,-1
614,2,876,289,569,269,-1,0,0,-1
614,3,510,2,1410,481,-1,0,0,-1
614,4,733,242,315,212,-1,0,0,-1
615,1,272,285,263,187,-1,0,0,-1
615,2,876,289,569,269,-1,0,0,-1
615,3,510,2,1410,481,-1,0,0,-1
615,4,733,242,315,212,-1,0,0,-1
616,1,272,285,263,187,-1,0,0,-1
616,2,877,289,569,269,-1,0,0,-1
616,3,510,2,1410,481,-1,0,0,-1
616,4,733,242,315,212,-1,0,0,-1
617,1,272,285,263,187,-1,0,0,-1
617,2,876,289,569,269,-1,0,0,-1
617,3,510,2,1410,481,-1,0,0,-1
617,4,733,242,315,212,-1,0,0,-1
618,1,272,285,263,187,-1,0,0,-1
618,2,877,289,569,269,-1,0,0,-1
618,3,510,2,1410,481,-1,0,0,-1
618,4,733,242,315,212,-1,0,0,-1
619,1,272,285,263,187,-1,0,0,-1
619,2,876,289,569,269,-1,0,0,-1
619,3,510,2,1410,481,-1,0,0,-1
619,4,733,242,315,212,-1,0,0,-1
620,1,272,285,263,187,-1,0,0,-1
620,2,876,289,569,269,-1,0,0,-1
620,3,510,2,1410,481,-1,0,0,-1
620,4,733,242,315,212,-1,0,0,-1
621,1,272,285,263,187,-1,0,0,-1
621,2,877,290,569,268,-1,0,0,-1
621,3,510,2,1409,481,-1,0,0,-1
621,4,733,242,315,212,-1,0,0,-1
622,1,272,285,263,187,-1,0,0,-1
622,2,877,290,569,269,-1,0,0,-1
622,3,510,2,1410,481,-1,0,0,-1
622,4,733,242,315,212,-1,0,0,-1
623,1,272,285,263,187,-1,0,0,-1
623,2,876,289,569,269,-1,0,0,-1
623,3,510,2,1410,481,-1,0,0,-1
623,4,733,242,315,212,-1,0,0,-1
624,1,272,285,263,187,-1,0,0,-1
624,2,877,290,568,268,-1,0,0,-1
624,3,510,2,1410,481,-1,0,0,-1
624,4,733,242,315,212,-1,0,0,-1
625,1,272,285,263,187,-1,0,0,-1
625,2,877,290,569,268,-1,0,0,-1
625,3,511,2,1409,481,-1,0,0,-1
625,4,733,242,315,212,-1,0,0,-1
626,1,272,285,263,187,-1,0,0,-1
626,2,876,288,570,269,-1,0,0,-1
626,3,510,2,1410,481,-1,0,0,-1
626,4,733,242,315,212,-1,0,0,-1
627,1,272,285,263,187,-1,0,0,-1
627,2,877,290,569,268,-1,0,0,-1
627,3,510,2,1410,481,-1,0,0,-1
627,4,733,242,315,212,-1,0,0,-1
628,1,272,285,263,187,-1,0,0,-1
628,2,877,290,569,268,-1,0,0,-1
628,3,510,2,1410,481,-1,0,0,-1
628,4,733,242,315,212,-1,0,0,-1
629,1,272,285,263,187,-1,0,0,-1
629,2,876,288,570,269,-1,0,0,-1
629,3,510,2,1410,481,-1,0,0,-1
629,4,733,242,315,212,-1,0,0,-1
630,1,272,285,263,187,-1,0,0,-1
630,2,876,288,570,269,-1,0,0,-1
630,3,511,2,1409,481,-1,0,0,-1
630,4,733,242,315,212,-1,0,0,-1
631,1,272,285,263,187,-1,0,0,-1
631,2,878,292,568,268,-1,0,0,-1
631,3,511,2,1408,480,-1,0,0,-1
631,4,733,242,315,212,-1,0,0,-1
632,1,272,285,263,187,-1,0,0,-1
632,2,876,288,570,269,-1,0,0,-1
632,3,510,2,1410,481,-1,0,0,-1
632,4,733,242,315,212,-1,0,0,-1
633,1,272,285,263,187,-1,0,0,-1
633,2,876,288,570,269,-1,0,0,-1
633,3,510,2,1409,481,-1,0,0,-1
633,4,733,242,315,212,-1,0,0,-1
634,1,272,285,263,187,-1,0,0,-1
634,2,876,288,570,269,-1,0,0,-1
634,3,510,2,1409,481,-1,0,0,-1
634,4,733,242,315,212,-1,0,0,-1
635,1,272,285,263,187,-1,0,0,-1
635,2,877,290,569,268,-1,0,0,-1
635,3,510,2,1409,481,-1,0,0,-1
635,4,733,242,315,212,-1,0,0,-1
636,1,272,285,263,187,-1,0,0,-1
636,2,876,288,570,269,-1,0,0,-1
636,3,510,2,1409,481,-1,0,0,-1
636,4,733,242,315,212,-1,0,0,-1
637,1,272,285,263,187,-1,0,0,-1
637,2,876,288,570,269,-1,0,0,-1
637,3,510,2,1409,481,-1,0,0,-1
637,4,733,242,315,212,-1,0,0,-1
638,1,272,285,263,187,-1,0,0,-1
638,2,878,293,568,268,-1,0,0,-1
638,3,510,2,1409,481,-1,0,0,-1
638,4,733,242,315,212,-1,0,0,-1
639,1,272,285,263,187,-1,0,0,-1
639,2,876,288,570,269,-1,0,0,-1
639,3,510,2,1409,481,-1,0,0,-1
639,4,733,242,315,212,-1,0,0,-1
640,1,272,285,263,187,-1,0,0,-1
640,2,876,288,570,269,-1,0,0,-1
640,3,510,2,1409,481,-1,0,0,-1
640,4,733,242,315,212,-1,0,0,-1
641,1,272,285,263,187,-1,0,0,-1
641,2,876,288,570,269,-1,0,0,-1
641,3,510,2,1409,481,-1,0,0,-1
641,4,733,242,315,212,-1,0,0,-1
642,1,272,285,263,187,-1,0,0,-1
642,2,876,288,570,269,-1,0,0,-1
642,3,510,2,1409,481,-1,0,0,-1
642,4,733,242,315,212,-1,0,0,-1
643,1,272,285,263,187,-1,0,0,-1
643,2,876,288,570,269,-1,0,0,-1
643,3,510,2,1409,481,-1,0,0,-1
643,4,733,242,315,212,-1,0,0,-1
644,1,272,285,263,187,-1,0,0,-1
644,2,878,293,568,261,-1,0,0,-1
644,3,510,2,1409,481,-1,0,0,-1
644,4,733,242,315,212,-1,0,0,-1
645,1,272,285,263,187,-1,0,0,-1
645,2,878,293,568,261,-1,0,0,-1
645,3,510,2,1409,481,-1,0,0,-1
645,4,733,242,315,212,-1,0,0,-1
646,1,272,285,263,187,-1,0,0,-1
646,2,878,293,568,261,-1,0,0,-1
646,3,510,2,1410,481,-1,0,0,-1
646,4,733,242,315,212,-1,0,0,-1
647,1,272,285,263,187,-1,0,0,-1
647,2,878,293,568,261,-1,0,0,-1
647,3,510,2,1410,481,-1,0,0,-1
647,4,733,242,315,212,-1,0,0,-1
648,1,272,285,263,187,-1,0,0,-1
648,2,878,293,568,261,-1,0,0,-1
648,3,510,2,1410,481,-1,0,0,-1
648,4,733,242,315,212,-1,0,0,-1
649,1,272,285,263,187,-1,0,0,-1
649,2,878,293,568,261,-1,0,0,-1
649,3,510,2,1410,481,-1,0,0,-1
649,4,733,242,315,212,-1,0,0,-1
650,1,272,285,263,187,-1,0,0,-1
650,2,878,293,568,261,-1,0,0,-1
650,3,510,2,1410,481,-1,0,0,-1
650,4,733,242,315,212,-1,0,0,-1
651,1,272,285,263,187,-1,0,0,-1
651,2,878,293,568,261,-1,0,0,-1
651,3,510,2,1410,481,-1,0,0,-1
651,4,733,242,315,212,-1,0,0,-1
652,1,272,285,263,187,-1,0,0,-1
652,2,878,293,568,261,-1,0,0,-1
652,3,510,2,1410,481,-1,0,0,-1
652,4,733,242,315,212,-1,0,0,-1
653,1,272,285,263,187,-1,0,0,-1
653,2,878,294,568,261,-1,0,0,-1
653,3,510,2,1410,481,-1,0,0,-1
653,4,733,242,315,212,-1,0,0,-1
654,1,272,285,263,187,-1,0,0,-1
654,2,878,294,568,261,-1,0,0,-1
654,3,510,2,1410,481,-1,0,0,-1
654,4,733,242,315,212,-1,0,0,-1
655,1,272,285,263,187,-1,0,0,-1
655,2,878,294,568,261,-1,0,0,-1
655,3,510,2,1410,481,-1,0,0,-1
655,4,733,242,315,212,-1,0,0,-1
656,1,272,285,263,187,-1,0,0,-1
656,2,878,294,568,261,-1,0,0,-1
656,3,510,2,1410,481,-1,0,0,-1
656,4,733,242,315,212,-1,0,0,-1
657,1,272,285,263,187,-1,0,0,-1
657,2,878,294,568,261,-1,0,0,-1
657,3,510,2,1410,481,-1,0,0,-1
657,4,733,242,315,212,-1,0,0,-1
658,1,272,285,263,187,-1,0,0,-1
658,2,878,294,568,261,-1,0,0,-1
658,3,510,2,1410,481,-1,0,0,-1
658,4,733,242,315,212,-1,0,0,-1
659,1,272,285,263,187,-1,0,0,-1
659,2,878,294,567,261,-1,0,0,-1
659,3,510,2,1410,481,-1,0,0,-1
659,4,733,242,315,212,-1,0,0,-1
660,1,272,285,263,187,-1,0,0,-1
660,2,878,294,567,261,-1,0,0,-1
660,3,510,2,1410,481,-1,0,0,-1
660,4,733,242,315,212,-1,0,0,-1
661,1,272,285,263,187,-1,0,0,-1
661,2,878,294,567,261,-1,0,0,-1
661,3,510,2,1410,481,-1,0,0,-1
661,4,733,242,315,212,-1,0,0,-1
662,1,272,285,263,187,-1,0,0,-1
662,2,878,294,567,261,-1,0,0,-1
662,3,510,2,1410,481,-1,0,0,-1
662,4,733,242,315,212,-1,0,0,-1
663,1,272,285,263,187,-1,0,0,-1
663,2,878,294,567,261,-1,0,0,-1
663,3,510,2,1410,481,-1,0,0,-1
663,4,733,242,315,212,-1,0,0,-1
664,1,272,285,263,187,-1,0,0,-1
664,2,879,294,567,261,-1,0,0,-1
664,3,510,2,1410,481,-1,0,0,-1
664,4,733,242,315,212,-1,0,0,-1
665,1,272,285,263,187,-1,0,0,-1
665,2,879,295,567,261,-1,0,0,-1
665,3,510,2,1410,481,-1,0,0,-1
665,4,733,242,315,212,-1,0,0,-1
666,1,272,285,263,187,-1,0,0,-1
666,2,878,293,568,261,-1,0,0,-1
666,3,510,2,1410,481,-1,0,0,-1
666,4,733,242,315,212,-1,0,0,-1
667,1,272,285,263,187,-1,0,0,-1
667,2,878,294,567,261,-1,0,0,-1
667,3,510,2,1410,481,-1,0,0,-1
667,4,733,242,315,212,-1,0,0,-1
668,1,272,285,263,187,-1,0,0,-1
668,2,878,293,568,261,-1,0,0,-1
668,3,510,2,1410,481,-1,0,0,-1
668,4,733,242,315,212,-1,0,0,-1
669,1,272,285,263,187,-1,0,0,-1
669,2,878,295,567,261,-1,0,0,-1
669,3,510,2,1410,481,-1,0,0,-1
669,4,733,242,315,212,-1,0,0,-1
670,1,272,285,263,187,-1,0,0,-1
670,2,878,293,568,261,-1,0,0,-1
670,3,510,2,1410,481,-1,0,0,-1
670,4,733,242,315,212,-1,0,0,-1
671,1,272,285,263,187,-1,0,0,-1
671,2,879,296,566,260,-1,0,0,-1
671,3,510,2,1410,481,-1,0,0,-1
671,4,733,242,315,212,-1,0,0,-1
672,1,272,285,263,187,-1,0,0,-1
672,2,879,296,567,260,-1,0,0,-1
672,3,510,2,1410,481,-1,0,0,-1
672,4,733,242,315,212,-1,0,0,-1
673,1,272,285,263,187,-1,0,0,-1
673,2,879,295,567,261,-1,0,0,-1
673,3,510,2,1410,481,-1,0,0,-1
673,4,733,242,315,212,-1,0,0,-1
674,1,272,285,263,187,-1,0,0,-1
674,2,879,295,567,260,-1,0,0,-1
674,3,510,2,1410,481,-1,0,0,-1
674,4,733,242,315,212,-1,0,0,-1
675,1,272,285,263,187,-1,0,0,-1
675,2,878,293,568,261,-1,0,0,-1
675,3,510,2,1410,481,-1,0,0,-1
675,4,733,242,315,212,-1,0,0,-1
676,1,272,285,263,187,-1,0,0,-1
676,2,878,293,568,261,-1,0,0,-1
676,3,510,2,1410,481,-1,0,0,-1
676,4,733,242,315,212,-1,0,0,-1
677,1,272,285,263,187,-1,0,0,-1
677,2,879,297,566,260,-1,0,0,-1
677,3,510,2,1410,481,-1,0,0,-1
677,4,733,242,315,212,-1,0,0,-1
678,1,272,285,263,187,-1,0,0,-1
678,2,879,297,567,260,-1,0,0,-1
678,3,510,2,1410,481,-1,0,0,-1
678,4,733,242,315,212,-1,0,0,-1
679,1,272,285,263,187,-1,0,0,-1
679,2,878,293,568,261,-1,0,0,-1
679,3,510,2,1410,481,-1,0,0,-1
679,4,733,242,315,212,-1,0,0,-1
680,1,272,285,263,187,-1,0,0,-1
680,2,879,297,566,260,-1,0,0,-1
680,3,510,2,1410,481,-1,0,0,-1
680,4,733,242,315,212,-1,0,0,-1
681,1,272,285,263,187,-1,0,0,-1
681,2,878,293,568,261,-1,0,0,-1
681,3,510,2,1410,481,-1,0,0,-1
681,4,733,242,315,212,-1,0,0,-1
682,1,272,285,263,187,-1,0,0,-1
682,2,879,297,566,260,-1,0,0,-1
682,3,510,2,1410,481,-1,0,0,-1
682,4,733,242,315,212,-1,0,0,-1
683,1,272,285,263,187,-1,0,0,-1
683,2,878,293,568,261,-1,0,0,-1
683,3,510,2,1410,481,-1,0,0,-1
683,4,733,242,315,212,-1,0,0,-1
684,1,272,285,263,187,-1,0,0,-1
684,2,878,293,568,261,-1,0,0,-1
684,3,510,2,1410,481,-1,0,0,-1
684,4,733,242,315,212,-1,0,0,-1
685,1,272,285,263,187,-1,0,0,-1
685,2,879,297,566,260,-1,0,0,-1
685,3,510,2,1410,481,-1,0,0,-1
685,4,733,242,315,212,-1,0,0,-1
686,1,272,285,263,187,-1,0,0,-1
686,2,878,293,568,261,-1,0,0,-1
686,3,510,2,1410,481,-1,0,0,-1
686,4,733,242,315,212,-1,0,0,-1
687,1,272,285,263,187,-1,0,0,-1
687,2,878,301,568,254,-1,0,0,-1
687,3,510,2,1410,481,-1,0,0,-1
687,4,733,242,315,212,-1,0,0,-1
688,1,272,285,263,187,-1,0,0,-1
688,2,878,301,568,254,-1,0,0,-1
688,3,510,2,1410,481,-1,0,0,-1
688,4,733,242,315,212,-1,0,0,-1
689,1,272,285,263,187,-1,0,0,-1
689,2,878,301,568,254,-1,0,0,-1
689,3,510,2,1410,481,-1,0,0,-1
689,4,733,242,315,212,-1,0,0,-1
690,1,272,285,263,187,-1,0,0,-1
690,2,878,301,568,254,-1,0,0,-1
690,3,510,2,1410,481,-1,0,0,-1
690,4,733,242,315,212,-1,0,0,-1
691,1,272,285,263,187,-1,0,0,-1
691,2,878,301,568,254,-1,0,0,-1
691,3,510,2,1410,481,-1,0,0,-1
691,4,733,242,315,212,-1,0,0,-1
692,1,272,285,263,187,-1,0,0,-1
692,2,878,301,568,254,-1,0,0,-1
692,3,510,2,1410,481,-1,0,0,-1
692,4,733,242,315,212,-1,0,0,-1
693,1,272,285,263,187,-1,0,0,-1
693,2,878,301,568,254,-1,0,0,-1
693,3,510,2,1410,481,-1,0,0,-1
693,4,733,242,315,212,-1,0,0,-1
694,1,272,285,263,187,-1,0,0,-1
694,2,878,301,568,254,-1,0,0,-1
694,3,510,2,1410,481,-1,0,0,-1
694,4,733,242,315,212,-1,0,0,-1
695,1,272,285,263,187,-1,0,0,-1
695,2,878,301,568,254,-1,0,0,-1
695,3,510,2,1410,481,-1,0,0,-1
695,4,733,242,315,212,-1,0,0,-1
696,1,272,285,263,187,-1,0,0,-1
696,2,878,302,568,254,-1,0,0,-1
696,3,510,2,1410,481,-1,0,0,-1
696,4,733,242,315,212,-1,0,0,-1
697,1,272,285,263,187,-1,0,0,-1
697,2,878,302,568,254,-1,0,0,-1
697,3,510,2,1410,481,-1,0,0,-1
697,4,733,242,315,212,-1,0,0,-1
698,1,272,285,263,187,-1,0,0,-1
698,2,878,302,568,254,-1,0,0,-1
698,3,510,2,1410,481,-1,0,0,-1
698,4,733,242,315,212,-1,0,0,-1
699,1,272,285,263,187,-1,0,0,-1
699,2,878,302,568,254,-1,0,0,-1
699,3,510,2,1410,481,-1,0,0,-1
699,4,733,242,315,212,-1,0,0,-1
700,1,272,285,263,187,-1,0,0,-1
700,2,878,302,568,254,-1,0,0,-1
700,3,510,2,1410,481,-1,0,0,-1
700,4,733,242,315,212,-1,0,0,-1
701,1,272,285,263,187,-1,0,0,-1
701,2,878,302,567,254,-1,0,0,-1
701,3,510,2,1410,481,-1,0,0,-1
701,4,733,242,315,212,-1,0,0,-1
702,1,272,285,263,187,-1,0,0,-1
702,2,878,302,567,254,-1,0,0,-1
702,3,510,2,1410,481,-1,0,0,-1
702,4,733,242,315,212,-1,0,0,-1
703,1,272,285,263,187,-1,0,0,-1
703,2,878,301,568,254,-1,0,0,-1
703,3,510,2,1410,481,-1,0,0,-1
703,4,733,242,315,212,-1,0,0,-1
704,1,272,285,263,187,-1,0,0,-1
704,2,878,302,567,254,-1,0,0,-1
704,3,510,2,1410,481,-1,0,0,-1
704,4,733,242,315,212,-1,0,0,-1
705,1,272,285,263,187,-1,0,0,-1
705,2,878,301,568,254,-1,0,0,-1
705,3,510,2,1410,481,-1,0,0,-1
705,4,733,242,315,212,-1,0,0,-1
706,1,272,285,263,187,-1,0,0,-1
706,2,878,302,567,254,-1,0,0,-1
706,3,510,2,1410,481,-1,0,0,-1
706,4,733,242,315,212,-1,0,0,-1
707,1,272,285,263,187,-1,0,0,-1
707,2,878,302,567,254,-1,0,0,-1
707,3,510,2,1410,481,-1,0,0,-1
707,4,733,242,315,212,-1,0,0,-1
708,1,272,285,263,187,-1,0,0,-1
708,2,879,303,567,254,-1,0,0,-1
708,3,510,2,1410,481,-1,0,0,-1
708,4,733,242,315,212,-1,0,0,-1
709,1,272,285,263,187,-1,0,0,-1
709,2,878,303,567,254,-1,0,0,-1
709,3,510,2,1410,481,-1,0,0,-1
709,4,733,242,315,212,-1,0,0,-1
710,1,272,285,263,187,-1,0,0,-1
710,2,878,303,567,254,-1,0,0,-1
710,3,510,2,1410,481,-1,0,0,-1
710,4,733,242,315,212,-1,0,0,-1
711,1,272,285,263,187,-1,0,0,-1
711,2,878,301,568,254,-1,0,0,-1
711,3,510,2,1410,481,-1,0,0,-1
711,4,733,242,315,212,-1,0,0,-1
712,1,272,285,263,187,-1,0,0,-1
712,2,879,304,567,253,-1,0,0,-1
712,3,510,2,1410,481,-1,0,0,-1
712,4,733,242,315,212,-1,0,0,-1
713,1,272,285,263,187,-1,0,0,-1
713,2,878,303,567,254,-1,0,0,-1
713,3,510,2,1410,481,-1,0,0,-1
713,4,733,242,315,212,-1,0,0,-1
714,1,272,285,263,187,-1,0,0,-1
714,2,878,301,568,254,-1,0,0,-1
714,3,510,2,1410,481,-1,0,0,-1
714,4,733,242,315,212,-1,0,0,-1
715,1,272,285,263,187,-1,0,0,-1
715,2,879,304,567,253,-1,0,0,-1
715,3,510,2,1410,481,-1,0,0,-1
715,4,733,242,315,212,-1,0,0,-1
716,1,272,285,263,187,-1,0,0,-1
716,2,878,301,568,254,-1,0,0,-1
716,3,510,2,1410,481,-1,0,0,-1
716,4,733,242,315,212,-1,0,0,-1
717,1,272,285,263,187,-1,0,0,-1
717,2,879,304,567,253,-1,0,0,-1
717,3,510,2,1410,481,-1,0,0,-1
717,4,733,242,315,212,-1,0,0,-1
718,1,272,285,263,187,-1,0,0,-1
718,2,879,305,566,253,-1,0,0,-1
718,3,510,2,1410,481,-1,0,0,-1
718,4,733,242,315,212,-1,0,0,-1
719,1,272,285,263,187,-1,0,0,-1
719,2,878,301,568,254,-1,0,0,-1
719,3,510,2,1410,481,-1,0,0,-1
719,4,733,242,315,212,-1,0,0,-1
720,1,272,285,263,187,-1,0,0,-1
720,2,878,301,568,254,-1,0,0,-1
720,3,510,2,1410,481,-1,0,0,-1
720,4,733,242,315,212,-1,0,0,-1
721,1,272,285,263,187,-1,0,0,-1
721,2,879,305,566,253,-1,0,0,-1
721,3,510,2,1410,481,-1,0,0,-1
721,4,733,242,315,212,-1,0,0,-1
