1,1,1,481,688,260,-1,0,0,-1
1,2,1099,1098,522,350,-1,0,0,-1
1,3,29,0,1368,664,-1,0,0,-1
2,1,1,481,688,260,-1,0,0,-1
2,2,1099,1098,522,350,-1,0,0,-1
2,3,29,0,1368,664,-1,0,0,-1
3,1,1,481,688,260,-1,0,0,-1
3,2,1099,1098,522,350,-1,0,0,-1
3,3,29,0,1368,664,-1,0,0,-1
4,1,1,481,688,260,-1,0,0,-1
4,2,1099,1098,522,350,-1,0,0,-1
4,3,29,0,1368,664,-1,0,0,-1
5,1,1,481,688,260,-1,0,0,-1
5,2,1099,1098,522,350,-1,0,0,-1
5,3,29,0,1368,664,-1,0,0,-1
6,1,1,481,688,260,-1,0,0,-1
6,2,1099,1098,522,350,-1,0,0,-1
6,3,29,0,1368,664,-1,0,0,-1
7,1,1,481,688,260,-1,0,0,-1
7,2,1099,1098,522,350,-1,0,0,-1
7,3,29,0,1368,664,-1,0,0,-1
8,1,1,481,688,260,-1,0,0,-1
8,2,1099,1098,522,350,-1,0,0,-1
8,3,29,0,1368,664,-1,0,0,-1
9,1,1,481,688,260,-1,0,0,-1
9,2,1099,1098,522,350,-1,0,0,-1
9,3,29,0,1368,664,-1,0,0,-1
10,1,1,481,688,260,-1,0,0,-1
10,2,1099,1098,522,350,-1,0,0,-1
10,3,29,0,1368,664,-1,0,0,-1
11,1,1,481,688,260,-1,0,0,-1
11,2,1099,1098,522,350,-1,0,0,-1
11,3,29,0,1368,664,-1,0,0,-1
12,1,1,481,688,260,-1,0,0,-1
12,2,1099,1098,522,350,-1,0,0,-1
12,3,29,0,1368,664,-1,0,0,-1
13,1,1,481,688,260,-1,0,0,-1
13,2,1099,1098,522,350,-1,0,0,-1
13,3,29,0,1368,664,-1,0,0,-1
14,1,1,481,688,260,-1,0,0,-1
14,2,1099,1098,522,350,-1,0,0,-1
14,3,29,0,1368,664,-1,0,0,-1
15,1,1,481,688,260,-1,0,0,-1
15,2,1099,1098,522,350,-1,0,0,-1
15,3,29,0,1368,664,-1,0,0,-1
16,1,1,481,688,260,-1,0,0,-1
16,2,1099,1098,522,350,-1,0,0,-1
16,3,29,0,1368,664,-1,0,0,-1
17,1,1,481,688,260,-1,0,0,-1
17,2,1099,1098,522,350,-1,0,0,-1
17,3,29,0,1368,664,-1,0,0,-1
18,1,1,481,688,260,-1,0,0,-1
18,2,1099,1098,522,350,-1,0,0,-1
18,3,29,0,1368,664,-1,0,0,-1
19,1,1,481,688,260,-1,0,0,-1
19,2,1099,1098,522,350,-1,0,0,-1
19,3,29,0,1368,664,-1,0,0,-1
20,1,1,481,688,260,-1,0,0,-1
20,2,1099,1098,522,350,-1,0,0,-1
20,3,29,0,1368,664,-1,0,0,-1
21,1,1,481,688,260,-1,0,0,-1
21,2,1099,1098,522,350,-1,0,0,-1
21,3,29,0,1368,664,-1,0,0,-1
22,1,1,481,688,260,-1,0,0,-1
22,2,1099,1098,522,350,-1,0,0,-1
22,3,29,0,1368,664,-1,0,0,-1
23,1,1,481,688,260,-1,0,0,-1
23,2,1099,1098,522,350,-1,0,0,-1
23,3,29,0,1368,664,-1,0,0,-1
24,1,1,481,688,260,-1,0,0,-1
24,2,1099,1098,522,350,-1,0,0,-1
24,3,29,0,1368,664,-1,0,0,-1
25,1,1,481,688,260,-1,0,0,-1
25,2,1099,1098,522,350,-1,0,0,-1
25,3,29,0,1368,664,-1,0,0,-1
26,1,1,481,688,260,-1,0,0,-1
26,2,1099,1098,522,350,-1,0,0,-1
26,3,29,0,1368,664,-1,0,0,-1
27,1,1,481,688,260,-1,0,0,-1
27,2,1099,1098,522,350,-1,0,0,-1
27,3,29,0,1368,664,-1,0,0,-1
28,1,1,481,688,260,-1,0,0,-1
28,2,1099,1098,522,350,-1,0,0,-1
28,3,29,0,1368,664,-1,0,0,-1
29,1,1,481,688,260,-1,0,0,-1
29,2,1099,1098,522,350,-1,0,0,-1
29,3,29,0,1368,664,-1,0,0,-1
30,1,1,481,688,260,-1,0,0,-1
30,2,1099,1098,522,350,-1,0,0,-1
30,3,29,0,1368,664,-1,0,0,-1
31,1,1,481,688,260,-1,0,0,-1
31,2,1099,1098,522,350,-1,0,0,-1
31,3,29,0,1368,664,-1,0,0,-1
32,1,1,481,688,260,-1,0,0,-1
32,2,1099,1098,522,350,-1,0,0,-1
32,3,29,0,1368,664,-1,0,0,-1
33,1,1,481,688,260,-1,0,0,-1
33,2,1099,1098,522,350,-1,0,0,-1
33,3,29,0,1368,664,-1,0,0,-1
34,1,1,481,688,260,-1,0,0,-1
34,2,1099,1098,522,350,-1,0,0,-1
34,3,29,0,1368,664,-1,0,0,-1
35,1,1,481,688,260,-1,0,0,-1
35,2,1099,1098,522,350,-1,0,0,-1
35,3,29,0,1368,664,-1,0,0,-1
36,1,1,481,688,260,-1,0,0,-1
36,2,1099,1098,522,350,-1,0,0,-1
36,3,29,0,1368,664,-1,0,0,-1
37,1,1,481,688,260,-1,0,0,-1
37,2,1099,1098,522,350,-1,0,0,-1
37,3,29,0,1368,664,-1,0,0,-1
38,1,1,481,688,260,-1,0,0,-1
38,2,1099,1098,522,350,-1,0,0,-1
38,3,29,0,1368,664,-1,0,0,-1
39,1,1,481,688,260,-1,0,0,-1
39,2,1099,1098,522,350,-1,0,0,-1
39,3,29,0,1368,664,-1,0,0,-1
40,1,1,481,688,260,-1,0,0,-1
40,2,1099,1098,522,350,-1,0,0,-1
40,3,29,0,1368,664,-1,0,0,-1
41,1,1,481,688,260,-1,0,0,-1
41,2,1099,1098,522,350,-1,0,0,-1
41,3,29,0,1368,664,-1,0,0,-1
42,1,1,481,688,260,-1,0,0,-1
42,2,1099,1098,522,350,-1,0,0,-1
42,3,29,0,1368,664,-1,0,0,-1
43,1,1,481,688,260,-1,0,0,-1
43,2,1099,1098,522,350,-1,0,0,-1
43,3,29,0,1368,664,-1,0,0,-1
44,1,1,481,688,260,-1,0,0,-1
44,2,1099,1098,522,350,-1,0,0,-1
44,3,29,0,1368,664,-1,0,0,-1
45,1,1,481,688,260,-1,0,0,-1
45,2,1099,1098,522,350,-1,0,0,-1
45,3,29,0,1368,664,-1,0,0,-1
46,1,1,481,688,260,-1,0,0,-1
46,2,1099,1098,522,350,-1,0,0,-1
46,3,29,0,1368,664,-1,0,0,-1
47,1,1,481,688,260,-1,0,0,-1
47,2,1099,1098,522,350,-1,0,0,-1
47,3,29,0,1368,664,-1,0,0,-1
48,1,1,481,688,260,-1,0,0,-1
48,2,1099,1098,522,350,-1,0,0,-1
48,3,29,0,1368,664,-1,0,0,-1
49,1,1,481,688,260,-1,0,0,-1
49,2,1099,1098,522,350,-1,0,0,-1
49,3,29,0,1368,664,-1,0,0,-1
50,1,1,481,688,260,-1,0,0,-1
50,2,1099,1098,522,350,-1,0,0,-1
50,3,29,0,1368,664,-1,0,0,-1
51,1,1,481,688,260,-1,0,0,-1
51,2,1099,1098,522,350,-1,0,0,-1
51,3,29,0,1368,664,-1,0,0,-1
52,1,1,481,688,260,-1,0,0,-1
52,2,1099,1098,522,350,-1,0,0,-1
52,3,29,0,1368,664,-1,0,0,-1
53,1,1,481,688,260,-1,0,0,-1
53,2,1099,1098,522,350,-1,0,0,-1
53,3,29,0,1368,664,-1,0,0,-1
54,1,1,481,688,260,-1,0,0,-1
54,2,1099,1098,522,350,-1,0,0,-1
54,3,29,0,1368,664,-1,0,0,-1
55,1,1,481,688,260,-1,0,0,-1
55,2,1099,1098,522,350,-1,0,0,-1
55,3,29,0,1368,664,-1,0,0,-1
56,1,1,481,688,260,-1,0,0,-1
56,2,1099,1098,522,350,-1,0,0,-1
56,3,29,0,1368,664,-1,0,0,-1
57,1,1,481,688,260,-1,0,0,-1
57,2,1099,1098,522,350,-1,0,0,-1
57,3,29,0,1368,664,-1,0,0,-1
58,1,1,481,688,260,-1,0,0,-1
58,2,1099,1098,522,350,-1,0,0,-1
58,3,29,0,1368,664,-1,0,0,-1
59,1,1,481,688,260,-1,0,0,-1
59,2,1099,1098,522,350,-1,0,0,-1
59,3,29,0,1368,664,-1,0,0,-1
60,1,1,481,688,260,-1,0,0,-1
60,2,1099,1098,522,350,-1,0,0,-1
60,3,29,0,1368,664,-1,0,0,-1
61,1,1,481,688,260,-1,0,0,-1
61,2,1099,1098,522,350,-1,0,0,-1
61,3,29,0,1368,664,-1,0,0,-1
62,1,1,481,688,260,-1,0,0,-1
62,2,1099,1098,522,350,-1,0,0,-1
62,3,29,0,1368,664,-1,0,0,-1
63,1,1,481,688,260,-1,0,0,-1
63,2,1099,1098,522,350,-1,0,0,-1
63,3,29,0,1368,664,-1,0,0,-1
64,1,1,481,688,260,-1,0,0,-1
64,2,1099,1098,522,350,-1,0,0,-1
64,3,29,0,1368,664,-1,0,0,-1
65,1,1,481,688,260,-1,0,0,-1
65,2,1099,1098,522,350,-1,0,0,-1
65,3,29,0,1368,664,-1,0,0,-1
66,1,1,481,688,260,-1,0,0,-1
66,2,1099,1098,522,350,-1,0,0,-1
66,3,29,0,1368,664,-1,0,0,-1
67,1,1,481,688,260,-1,0,0,-1
67,2,1099,1098,522,350,-1,0,0,-1
67,3,29,0,1368,664,-1,0,0,-1
68,1,1,481,688,260,-1,0,0,-1
68,2,1099,1098,522,350,-1,0,0,-1
68,3,29,0,1368,664,-1,0,0,-1
69,1,1,481,688,260,-1,0,0,-1
69,2,1099,1098,522,350,-1,0,0,-1
69,3,29,0,1368,664,-1,0,0,-1
70,1,1,481,688,260,-1,0,0,-1
70,2,1099,1098,522,350,-1,0,0,-1
70,3,29,0,1368,664,-1,0,0,-1
71,1,1,481,688,260,-1,0,0,-1
71,2,1099,1098,522,350,-1,0,0,-1
71,3,29,0,1368,664,-1,0,0,-1
72,1,1,481,688,260,-1,0,0,-1
72,2,1099,1098,522,350,-1,0,0,-1
72,3,29,0,1368,664,-1,0,0,-1
73,1,1,481,688,260,-1,0,0,-1
73,2,1099,1098,522,350,-1,0,0,-1
73,3,29,0,1368,664,-1,0,0,-1
74,1,1,481,688,260,-1,0,0,-1
74,2,1099,1098,522,350,-1,0,0,-1
74,3,29,0,1368,664,-1,0,0,-1
75,1,1,481,688,260,-1,0,0,-1
75,2,1099,1098,522,350,-1,0,0,-1
75,3,29,0,1368,664,-1,0,0,-1
76,1,1,481,688,260,-1,0,0,-1
76,2,1099,1098,522,350,-1,0,0,-1
76,3,29,0,1368,664,-1,0,0,-1
77,1,1,481,688,260,-1,0,0,-1
77,2,1099,1098,522,350,-1,0,0,-1
77,3,29,0,1368,664,-1,0,0,-1
78,1,1,481,688,260,-1,0,0,-1
78,2,1099,1098,522,350,-1,0,0,-1
78,3,29,0,1368,664,-1,0,0,-1
79,1,1,481,688,260,-1,0,0,-1
79,2,1099,1098,522,350,-1,0,0,-1
79,3,29,0,1368,664,-1,0,0,-1
80,1,1,481,688,260,-1,0,0,-1
80,2,1099,1098,522,350,-1,0,0,-1
80,3,29,0,1368,664,-1,0,0,-1
81,1,1,481,688,260,-1,0,0,-1
81,2,1099,1098,522,350,-1,0,0,-1
81,3,29,0,1368,664,-1,0,0,-1
82,1,1,481,688,260,-1,0,0,-1
82,2,1099,1098,522,350,-1,0,0,-1
82,3,29,0,1368,664,-1,0,0,-1
83,1,1,481,688,260,-1,0,0,-1
83,2,1099,1098,522,350,-1,0,0,-1
83,3,29,0,1368,664,-1,0,0,-1
84,1,1,481,688,260,-1,0,0,-1
84,2,1099,1098,522,350,-1,0,0,-1
84,3,29,0,1368,664,-1,0,0,-1
85,1,1,481,688,260,-1,0,0,-1
85,2,1099,1098,522,350,-1,0,0,-1
85,3,29,0,1368,664,-1,0,0,-1
86,1,1,481,688,260,-1,0,0,-1
86,2,1099,1098,522,350,-1,0,0,-1
86,3,29,0,1368,664,-1,0,0,-1
87,1,1,481,688,260,-1,0,0,-1
87,2,1099,1098,522,350,-1,0,0,-1
87,3,29,0,1368,664,-1,0,0,-1
88,1,1,481,688,260,-1,0,0,-1
88,2,1099,1098,522,350,-1,0,0,-1
88,3,29,0,1368,664,-1,0,0,-1
89,1,1,481,688,260,-1,0,0,-1
89,2,1099,1098,522,350,-1,0,0,-1
89,3,29,0,1368,664,-1,0,0,-1
90,1,1,481,688,260,-1,0,0,-1
90,2,1099,1098,522,350,-1,0,0,-1
90,3,29,0,1368,664,-1,0,0,-1
91,1,1,481,688,260,-1,0,0,-1
91,2,1099,1098,522,350,-1,0,0,-1
91,3,29,0,1368,664,-1,0,0,-1
92,1,1,481,688,260,-1,0,0,-1
92,2,1099,1098,522,350,-1,0,0,-1
92,3,29,0,1368,664,-1,0,0,-1
93,1,1,481,688,260,-1,0,0,-1
93,2,1099,1098,522,350,-1,0,0,-1
93,3,29,0,1368,664,-1,0,0,-1
94,1,1,481,688,260,-1,0,0,-1
94,2,1099,1098,522,350,-1,0,0,-1
94,3,29,0,1368,664,-1,0,0,-1
95,1,1,481,688,260,-1,0,0,-1
95,2,1099,1098,522,350,-1,0,0,-1
95,3,29,0,1368,664,-1,0,0,-1
96,1,1,481,688,260,-1,0,0,-1
96,2,1099,1098,522,350,-1,0,0,-1
96,3,29,0,1368,664,-1,0,0,-1
97,1,1,481,688,260,-1,0,0,-1
97,2,1099,1098,522,350,-1,0,0,-1
97,3,29,0,1368,664,-1,0,0,-1
98,1,1,481,688,260,-1,0,0,-1
98,2,1099,1098,522,350,-1,0,0,-1
98,3,29,0,1368,664,-1,0,0,-1
99,1,1,481,688,260,-1,0,0,-1
99,2,1099,1098,522,350,-1,0,0,-1
99,3,29,0,1368,664,-1,0,0,-1
100,1,1,481,688,260,-1,0,0,-1
100,2,1099,1098,522,350,-1,0,0,-1
100,3,29,0,1368,664,-1,0,0,-1
101,1,1,481,688,260,-1,0,0,-1
101,2,1099,1098,522,350,-1,0,0,-1
101,3,29,0,1368,664,-1,0,0,-1
102,1,1,481,688,260,-1,0,0,-1
102,2,1099,1098,522,350,-1,0,0,-1
102,3,29,0,1368,664,-1,0,0,-1
103,1,1,481,688,260,-1,0,0,-1
103,2,1099,1098,522,350,-1,0,0,-1
103,3,29,0,1368,664,-1,0,0,-1
104,1,1,481,688,260,-1,0,0,-1
104,2,1099,1098,522,350,-1,0,0,-1
104,3,29,0,1368,664,-1,0,0,-1
105,1,1,481,688,260,-1,0,0,-1
105,2,1099,1098,522,350,-1,0,0,-1
105,3,29,0,1368,664,-1,0,0,-1
106,1,1,481,688,260,-1,0,0,-1
106,2,1099,1098,522,350,-1,0,0,-1
106,3,29,0,1368,664,-1,0,0,-1
107,1,1,481,688,260,-1,0,0,-1
107,2,1099,1098,522,350,-1,0,0,-1
107,3,29,0,1368,664,-1,0,0,-1
108,1,1,481,688,260,-1,0,0,-1
108,2,1099,1098,522,350,-1,0,0,-1
108,3,29,0,1368,664,-1,0,0,-1
109,1,1,481,688,260,-1,0,0,-1
109,2,1099,1098,522,350,-1,0,0,-1
109,3,29,0,1368,664,-1,0,0,-1
110,1,1,481,688,260,-1,0,0,-1
110,2,1099,1098,522,350,-1,0,0,-1
110,3,29,0,1368,664,-1,0,0,-1
111,1,1,481,688,260,-1,0,0,-1
111,2,1099,1098,522,350,-1,0,0,-1
111,3,29,0,1368,664,-1,0,0,-1
112,1,1,481,688,260,-1,0,0,-1
112,2,1099,1098,522,350,-1,0,0,-1
112,3,29,0,1368,664,-1,0,0,-1
113,1,1,481,688,260,-1,0,0,-1
113,2,1099,1098,522,350,-1,0,0,-1
113,3,29,0,1368,664,-1,0,0,-1
114,1,1,481,688,260,-1,0,0,-1
114,2,1099,1098,522,350,-1,0,0,-1
114,3,29,0,1368,664,-1,0,0,-1
115,1,1,481,688,260,-1,0,0,-1
115,2,1099,1098,522,350,-1,0,0,-1
115,3,29,0,1368,664,-1,0,0,-1
116,1,1,481,688,260,-1,0,0,-1
116,2,1099,1098,522,350,-1,0,0,-1
116,3,29,0,1368,664,-1,0,0,-1
117,1,1,481,688,260,-1,0,0,-1
117,2,1099,1098,522,350,-1,0,0,-1
117,3,29,0,1368,664,-1,0,0,-1
118,1,1,481,688,260,-1,0,0,-1
118,2,1099,1098,522,350,-1,0,0,-1
118,3,29,0,1368,664,-1,0,0,-1
119,1,1,481,688,260,-1,0,0,-1
119,2,1099,1098,522,350,-1,0,0,-1
119,3,29,0,1368,664,-1,0,0,-1
120,1,1,481,688,260,-1,0,0,-1
120,2,1099,1098,522,350,-1,0,0,-1
120,3,29,0,1368,664,-1,0,0,-1
121,1,1,481,688,260,-1,0,0,-1
121,2,1099,1098,522,350,-1,0,0,-1
121,3,29,0,1368,664,-1,0,0,-1
122,1,1,481,688,260,-1,0,0,-1
122,2,1099,1098,522,350,-1,0,0,-1
122,3,29,0,1368,664,-1,0,0,-1
123,1,1,481,688,260,-1,0,0,-1
123,2,1099,1098,522,350,-1,0,0,-1
123,3,29,0,1368,664,-1,0,0,-1
124,1,1,481,688,260,-1,0,0,-1
124,2,1099,1098,522,350,-1,0,0,-1
124,3,29,0,1368,664,-1,0,0,-1
125,1,1,481,688,260,-1,0,0,-1
125,2,1099,1098,522,350,-1,0,0,-1
125,3,29,0,1368,664,-1,0,0,-1
126,1,1,481,688,260,-1,0,0,-1
126,2,1099,1098,522,350,-1,0,0,-1
126,3,29,0,1368,664,-1,0,0,-1
127,1,1,481,688,260,-1,0,0,-1
127,2,1099,1098,522,350,-1,0,0,-1
127,3,29,0,1368,664,-1,0,0,-1
128,1,1,481,688,260,-1,0,0,-1
128,2,1099,1098,522,350,-1,0,0,-1
128,3,29,0,1368,664,-1,0,0,-1
129,1,1,481,688,260,-1,0,0,-1
129,2,1099,1098,522,350,-1,0,0,-1
129,3,29,0,1368,664,-1,0,0,-1
130,1,1,481,688,260,-1,0,0,-1
130,2,1099,1098,522,350,-1,0,0,-1
130,3,29,0,1368,664,-1,0,0,-1
131,1,1,481,688,260,-1,0,0,-1
131,2,1099,1098,522,350,-1,0,0,-1
131,3,29,0,1368,664,-1,0,0,-1
132,1,1,481,688,260,-1,0,0,-1
132,2,1099,1098,522,350,-1,0,0,-1
132,3,29,0,1368,664,-1,0,0,-1
133,1,1,481,688,260,-1,0,0,-1
133,2,1099,1098,522,350,-1,0,0,-1
133,3,29,0,1368,664,-1,0,0,-1
134,1,1,481,688,260,-1,0,0,-1
134,2,1099,1098,522,350,-1,0,0,-1
134,3,29,0,1368,664,-1,0,0,-1
135,1,1,481,688,260,-1,0,0,-1
135,2,1099,1098,522,350,-1,0,0,-1
135,3,29,0,1368,664,-1,0,0,-1
136,1,1,481,688,260,-1,0,0,-1
136,2,1099,1098,522,350,-1,0,0,-1
136,3,29,0,1368,664,-1,0,0,-1
137,1,1,481,688,260,-1,0,0,-1
137,2,1099,1098,522,350,-1,0,0,-1
137,3,29,0,1368,664,-1,0,0,-1
138,1,1,481,688,260,-1,0,0,-1
138,2,1099,1098,522,350,-1,0,0,-1
138,3,29,0,1368,664,-1,0,0,-1
139,1,1,481,688,260,-1,0,0,-1
139,2,1099,1098,522,350,-1,0,0,-1
139,3,29,0,1368,664,-1,0,0,-1
140,1,1,481,688,260,-1,0,0,-1
140,2,1099,1098,522,350,-1,0,0,-1
140,3,29,0,1368,664,-1,0,0,-1
141,1,1,481,688,260,-1,0,0,-1
141,2,1099,1098,522,350,-1,0,0,-1
141,3,29,0,1368,664,-1,0,0,-1
142,1,1,481,688,260,-1,0,0,-1
142,2,1099,1098,522,350,-1,0,0,-1
142,3,29,0,1368,664,-1,0,0,-1
143,1,1,481,688,260,-1,0,0,-1
143,2,1099,1098,522,350,-1,0,0,-1
143,3,29,0,1368,664,-1,0,0,-1
144,1,1,481,688,260,-1,0,0,-1
144,2,1099,1098,522,350,-1,0,0,-1
144,3,29,0,1368,664,-1,0,0,-1
145,1,1,481,688,260,-1,0,0,-1
145,2,1099,1098,522,350,-1,0,0,-1
145,3,29,0,1368,664,-1,0,0,-1
146,1,1,481,688,260,-1,0,0,-1
146,2,1099,1098,522,350,-1,0,0,-1
146,3,29,0,1368,664,-1,0,0,-1
147,1,1,481,688,260,-1,0,0,-1
147,2,1099,1098,522,350,-1,0,0,-1
147,3,29,0,1368,664,-1,0,0,-1
148,1,1,481,688,260,-1,0,0,-1
148,2,1099,1098,522,350,-1,0,0,-1
148,3,29,0,1368,664,-1,0,0,-1
149,1,1,481,688,260,-1,0,0,-1
149,2,1099,1098,522,350,-1,0,0,-1
149,3,29,0,1368,664,-1,0,0,-1
150,1,1,481,688,260,-1,0,0,-1
150,2,1099,1098,522,350,-1,0,0,-1
150,3,29,0,1368,664,-1,0,0,-1
151,1,1,481,688,260,-1,0,0,-1
151,2,1099,1098,522,350,-1,0,0,-1
151,3,29,0,1368,664,-1,0,0,-1
152,1,1,481,688,260,-1,0,0,-1
152,2,1099,1098,522,350,-1,0,0,-1
152,3,29,0,1368,664,-1,0,0,-1
153,1,1,481,688,260,-1,0,0,-1
153,2,1099,1098,522,350,-1,0,0,-1
153,3,29,0,1368,664,-1,0,0,-1
154,1,1,481,688,260,-1,0,0,-1
154,2,1099,1098,522,350,-1,0,0,-1
154,3,29,0,1368,664,-1,0,0,-1
155,1,1,481,688,260,-1,0,0,-1
155,2,1099,1098,522,350,-1,0,0,-1
155,3,29,0,1368,664,-1,0,0,-1
156,1,1,481,688,260,-1,0,0,-1
156,2,1099,1098,522,350,-1,0,0,-1
156,3,29,0,1368,664,-1,0,0,-1
157,1,1,481,688,260,-1,0,0,-1
157,2,1099,1098,522,350,-1,0,0,-1
157,3,29,0,1368,664,-1,0,0,-1
158,1,1,481,688,260,-1,0,0,-1
158,2,1099,1098,522,350,-1,0,0,-1
158,3,29,0,1368,664,-1,0,0,-1
159,1,1,481,688,260,-1,0,0,-1
159,2,1099,1098,522,350,-1,0,0,-1
159,3,29,0,1368,664,-1,0,0,-1
160,1,1,481,688,260,-1,0,0,-1
160,2,1099,1098,522,350,-1,0,0,-1
160,3,29,0,1368,664,-1,0,0,-1
161,1,1,481,688,260,-1,0,0,-1
161,2,1099,1098,522,350,-1,0,0,-1
161,3,29,0,1368,664,-1,0,0,-1
162,1,1,481,688,260,-1,0,0,-1
162,2,1099,1098,522,350,-1,0,0,-1
162,3,29,0,1368,664,-1,0,0,-1
163,1,1,481,688,260,-1,0,0,-1
163,2,1099,1098,522,350,-1,0,0,-1
163,3,29,0,1368,664,-1,0,0,-1
164,1,1,481,688,260,-1,0,0,-1
164,2,1099,1098,522,350,-1,0,0,-1
164,3,29,0,1368,664,-1,0,0,-1
165,1,1,481,688,260,-1,0,0,-1
165,2,1099,1098,522,350,-1,0,0,-1
165,3,29,0,1368,664,-1,0,0,-1
166,1,1,481,688,260,-1,0,0,-1
166,2,1099,1098,522,350,-1,0,0,-1
166,3,29,0,1368,664,-1,0,0,-1
167,1,1,481,688,260,-1,0,0,-1
167,2,1099,1098,522,350,-1,0,0,-1
167,3,29,0,1368,664,-1,0,0,-1
168,1,1,481,688,260,-1,0,0,-1
168,2,1099,1098,522,350,-1,0,0,-1
168,3,29,0,1368,664,-1,0,0,-1
169,1,1,481,688,260,-1,0,0,-1
169,2,1099,1098,522,350,-1,0,0,-1
169,3,29,0,1368,664,-1,0,0,-1
170,1,1,481,688,260,-1,0,0,-1
170,2,1099,1098,522,350,-1,0,0,-1
170,3,29,0,1368,664,-1,0,0,-1
171,1,1,481,688,260,-1,0,0,-1
171,2,1099,1098,522,350,-1,0,0,-1
171,3,29,0,1368,664,-1,0,0,-1
172,1,1,481,688,260,-1,0,0,-1
172,2,1099,1098,522,350,-1,0,0,-1
172,3,29,0,1368,664,-1,0,0,-1
173,1,1,481,688,260,-1,0,0,-1
173,2,1099,1098,522,350,-1,0,0,-1
173,3,29,0,1368,664,-1,0,0,-1
174,1,1,481,688,260,-1,0,0,-1
174,2,1099,1098,522,350,-1,0,0,-1
174,3,29,0,1368,664,-1,0,0,-1
175,1,1,481,688,260,-1,0,0,-1
175,2,1099,1098,522,350,-1,0,0,-1
175,3,29,0,1368,664,-1,0,0,-1
176,1,1,481,688,260,-1,0,0,-1
176,2,1099,1098,522,350,-1,0,0,-1
176,3,29,0,1368,664,-1,0,0,-1
177,1,1,481,688,260,-1,0,0,-1
177,2,1099,1098,522,350,-1,0,0,-1
177,3,29,0,1368,664,-1,0,0,-1
178,1,1,481,688,260,-1,0,0,-1
178,2,1099,1098,522,350,-1,0,0,-1
178,3,29,0,1368,664,-1,0,0,-1
179,1,1,481,688,260,-1,0,0,-1
179,2,1099,1098,522,350,-1,0,0,-1
179,3,29,0,1368,664,-1,0,0,-1
180,1,1,481,688,260,-1,0,0,-1
180,2,1099,1098,522,350,-1,0,0,-1
180,3,29,0,1368,664,-1,0,0,-1
181,1,1,481,688,260,-1,0,0,-1
181,2,1099,1098,522,350,-1,0,0,-1
181,3,29,0,1368,664,-1,0,0,-1
182,1,1,481,688,260,-1,0,0,-1
182,2,1099,1098,522,350,-1,0,0,-1
182,3,29,0,1368,664,-1,0,0,-1
183,1,1,481,688,260,-1,0,0,-1
183,2,1099,1098,522,350,-1,0,0,-1
183,3,29,0,1368,664,-1,0,0,-1
184,1,1,481,688,260,-1,0,0,-1
184,2,1099,1098,522,350,-1,0,0,-1
184,3,29,0,1368,664,-1,0,0,-1
185,1,1,481,688,260,-1,0,0,-1
185,2,1099,1098,522,350,-1,0,0,-1
185,3,29,0,1368,664,-1,0,0,-1
186,1,1,481,688,260,-1,0,0,-1
186,2,1099,1098,522,350,-1,0,0,-1
186,3,29,0,1368,664,-1,0,0,-1
187,1,1,481,688,260,-1,0,0,-1
187,2,1099,1098,522,350,-1,0,0,-1
187,3,29,0,1368,664,-1,0,0,-1
188,1,1,481,688,260,-1,0,0,-1
188,2,1099,1098,522,350,-1,0,0,-1
188,3,29,0,1368,664,-1,0,0,-1
188,4,-1,196,87,139,-1,0,0,-1
189,1,1,481,688,260,-1,0,0,-1
189,2,1099,1098,522,350,-1,0,0,-1
189,3,29,0,1368,664,-1,0,0,-1
189,4,1,196,87,138,-1,0,0,-1
190,1,1,481,688,260,-1,0,0,-1
190,2,1099,1098,522,350,-1,0,0,-1
190,3,29,0,1368,664,-1,0,0,-1
190,4,-2,196,92,138,-1,0,0,-1
191,1,1,481,688,260,-1,0,0,-1
191,2,1099,1098,522,350,-1,0,0,-1
191,3,29,0,1368,664,-1,0,0,-1
191,4,1,194,97,140,-1,0,0,-1
192,1,1,481,688,260,-1,0,0,-1
192,2,1099,1098,522,350,-1,0,0,-1
192,3,29,0,1368,664,-1,0,0,-1
192,4,-2,194,105,139,-1,0,0,-1
193,1,1,481,688,260,-1,0,0,-1
193,2,1099,1098,522,350,-1,0,0,-1
193,3,29,0,1368,664,-1,0,0,-1
193,4,0,193,103,140,-1,0,0,-1
194,1,1,481,688,260,-1,0,0,-1
194,2,1099,1098,522,350,-1,0,0,-1
194,3,29,0,1368,664,-1,0,0,-1
194,4,-3,193,108,140,-1,0,0,-1
195,1,1,481,688,260,-1,0,0,-1
195,2,1099,1098,522,350,-1,0,0,-1
195,3,29,0,1368,664,-1,0,0,-1
195,4,-1,193,108,140,-1,0,0,-1
196,1,1,481,688,260,-1,0,0,-1
196,2,1099,1098,522,350,-1,0,0,-1
196,3,29,0,1368,664,-1,0,0,-1
196,4,-2,192,122,141,-1,0,0,-1
197,1,1,481,688,260,-1,0,0,-1
197,2,1099,1098,522,350,-1,0,0,-1
197,3,29,0,1368,664,-1,0,0,-1
197,4,-2,192,123,141,-1,0,0,-1
198,1,1,481,688,260,-1,0,0,-1
198,2,1099,1098,522,350,-1,0,0,-1
198,3,29,0,1368,664,-1,0,0,-1
198,4,1,187,124,146,-1,0,0,-1
199,1,1,481,688,260,-1,0,0,-1
199,2,1099,1098,522,350,-1,0,0,-1
199,3,29,0,1368,664,-1,0,0,-1
199,4,-2,187,128,146,-1,0,0,-1
200,1,1,481,688,260,-1,0,0,-1
200,2,1099,1098,522,350,-1,0,0,-1
200,3,29,0,1368,664,-1,0,0,-1
200,4,1,187,132,146,-1,0,0,-1
201,1,1,481,688,260,-1,0,0,-1
201,2,1099,1098,522,350,-1,0,0,-1
201,3,29,0,1368,664,-1,0,0,-1
201,4,-2,187,138,147,-1,0,0,-1
202,1,1,481,688,260,-1,0,0,-1
202,2,1099,1098,522,350,-1,0,0,-1
202,3,29,0,1368,664,-1,0,0,-1
202,4,-3,187,143,147,-1,0,0,-1
203,1,1,481,688,260,-1,0,0,-1
203,2,1099,1098,522,350,-1,0,0,-1
203,3,29,0,1368,664,-1,0,0,-1
203,4,1,187,140,147,-1,0,0,-1
204,1,1,481,688,260,-1,0,0,-1
204,2,1099,1098,522,350,-1,0,0,-1
204,3,29,0,1368,664,-1,0,0,-1
204,4,-2,187,151,147,-1,0,0,-1
205,1,1,481,688,260,-1,0,0,-1
205,2,1099,1098,522,350,-1,0,0,-1
205,3,29,0,1368,664,-1,0,0,-1
205,4,-5,187,155,147,-1,0,0,-1
206,1,1,481,688,260,-1,0,0,-1
206,2,1099,1098,522,350,-1,0,0,-1
206,3,29,0,1368,664,-1,0,0,-1
206,4,-3,187,154,147,-1,0,0,-1
207,1,1,481,688,260,-1,0,0,-1
207,2,1099,1098,522,350,-1,0,0,-1
207,3,29,0,1368,664,-1,0,0,-1
207,4,-3,187,163,147,-1,0,0,-1
208,1,1,481,688,260,-1,0,0,-1
208,2,1099,1098,522,350,-1,0,0,-1
208,3,29,0,1368,664,-1,0,0,-1
208,4,-1,187,162,147,-1,0,0,-1
209,1,1,481,688,260,-1,0,0,-1
209,2,1099,1098,522,350,-1,0,0,-1
209,3,29,0,1368,664,-1,0,0,-1
209,4,1,182,168,152,-1,0,0,-1
210,1,1,481,688,260,-1,0,0,-1
210,2,1099,1098,522,350,-1,0,0,-1
210,3,29,0,1368,664,-1,0,0,-1
210,4,-3,182,178,152,-1,0,0,-1
211,1,1,481,688,260,-1,0,0,-1
211,2,1099,1098,522,350,-1,0,0,-1
211,3,29,0,1368,664,-1,0,0,-1
211,4,1,182,175,152,-1,0,0,-1
212,1,1,481,688,260,-1,0,0,-1
212,2,1099,1098,522,350,-1,0,0,-1
212,3,29,0,1368,664,-1,0,0,-1
212,4,-1,181,183,153,-1,0,0,-1
213,1,1,481,688,260,-1,0,0,-1
213,2,1099,1098,522,350,-1,0,0,-1
213,3,29,0,1368,664,-1,0,0,-1
213,4,2,181,182,153,-1,0,0,-1
214,1,1,481,688,260,-1,0,0,-1
214,2,1099,1098,522,350,-1,0,0,-1
214,3,29,0,1368,664,-1,0,0,-1
214,4,-3,181,191,153,-1,0,0,-1
215,1,1,481,688,260,-1,0,0,-1
215,2,1099,1098,522,350,-1,0,0,-1
215,3,29,0,1368,664,-1,0,0,-1
215,4,2,181,187,152,-1,0,0,-1
216,1,1,481,688,260,-1,0,0,-1
216,2,1099,1098,522,350,-1,0,0,-1
216,3,29,0,1368,664,-1,0,0,-1
216,4,0,181,193,153,-1,0,0,-1
217,1,1,481,688,260,-1,0,0,-1
217,2,1099,1098,522,350,-1,0,0,-1
217,3,29,0,1368,664,-1,0,0,-1
217,4,1,181,197,153,-1,0,0,-1
218,1,1,481,688,260,-1,0,0,-1
218,2,1099,1098,522,350,-1,0,0,-1
218,3,29,0,1368,664,-1,0,0,-1
218,4,-3,181,206,153,-1,0,0,-1
219,1,1,481,688,260,-1,0,0,-1
219,2,1099,1098,522,350,-1,0,0,-1
219,3,29,0,1368,664,-1,0,0,-1
219,4,2,181,202,152,-1,0,0,-1
220,1,1,481,688,260,-1,0,0,-1
220,2,1099,1098,522,350,-1,0,0,-1
220,3,29,0,1368,664,-1,0,0,-1
220,4,-2,180,216,153,-1,0,0,-1
221,1,1,481,688,260,-1,0,0,-1
221,2,1099,1098,522,350,-1,0,0,-1
221,3,29,0,1368,664,-1,0,0,-1
221,4,-4,180,220,153,-1,0,0,-1
222,1,1,481,688,260,-1,0,0,-1
222,2,1099,1098,522,350,-1,0,0,-1
222,3,29,0,1368,664,-1,0,0,-1
222,4,-3,180,224,153,-1,0,0,-1
223,1,1,481,688,260,-1,0,0,-1
223,2,1099,1098,522,350,-1,0,0,-1
223,3,29,0,1368,664,-1,0,0,-1
223,4,-3,180,226,153,-1,0,0,-1
224,1,1,481,688,260,-1,0,0,-1
224,2,1099,1098,522,350,-1,0,0,-1
224,3,29,0,1368,664,-1,0,0,-1
224,4,-1,180,226,153,-1,0,0,-1
225,1,1,481,688,260,-1,0,0,-1
225,2,1099,1098,522,350,-1,0,0,-1
225,3,29,0,1368,664,-1,0,0,-1
225,4,1,180,229,153,-1,0,0,-1
226,1,1,481,688,260,-1,0,0,-1
226,2,1099,1098,522,350,-1,0,0,-1
226,3,29,0,1368,664,-1,0,0,-1
226,4,-6,180,239,152,-1,0,0,-1
227,1,1,481,688,260,-1,0,0,-1
227,2,1099,1098,522,350,-1,0,0,-1
227,3,29,0,1368,664,-1,0,0,-1
227,4,-2,180,237,152,-1,0,0,-1
228,1,1,481,688,260,-1,0,0,-1
228,2,1099,1098,522,350,-1,0,0,-1
228,3,29,0,1368,664,-1,0,0,-1
228,4,-2,180,241,151,-1,0,0,-1
229,1,1,481,688,260,-1,0,0,-1
229,2,1099,1098,522,350,-1,0,0,-1
229,3,27,-5,1370,664,-1,0,0,-1
229,4,2,173,242,158,-1,0,0,-1
230,1,1,481,688,260,-1,0,0,-1
230,2,1099,1098,522,350,-1,0,0,-1
230,3,27,0,1370,659,-1,0,0,-1
230,4,4,174,245,158,-1,0,0,-1
231,1,1,481,688,260,-1,0,0,-1
231,2,1099,1098,522,350,-1,0,0,-1
231,3,27,0,1370,659,-1,0,0,-1
231,4,-1,174,256,158,-1,0,0,-1
232,1,1,481,688,260,-1,0,0,-1
232,2,1099,1098,522,350,-1,0,0,-1
232,3,27,0,1370,659,-1,0,0,-1
232,4,1,174,254,158,-1,0,0,-1
233,1,1,481,688,260,-1,0,0,-1
233,2,1099,1098,522,350,-1,0,0,-1
233,3,27,0,1370,659,-1,0,0,-1
233,4,-5,170,266,162,-1,0,0,-1
234,1,1,481,688,260,-1,0,0,-1
234,2,1099,1098,522,350,-1,0,0,-1
234,3,27,0,1370,659,-1,0,0,-1
234,4,-1,170,263,162,-1,0,0,-1
235,1,1,481,688,260,-1,0,0,-1
235,2,1099,1098,522,350,-1,0,0,-1
235,3,27,0,1370,659,-1,0,0,-1
235,4,-1,167,268,165,-1,0,0,-1
236,1,1,481,688,260,-1,0,0,-1
236,2,1099,1098,522,350,-1,0,0,-1
236,3,27,0,1370,659,-1,0,0,-1
236,4,-4,167,276,164,-1,0,0,-1
237,1,1,481,688,260,-1,0,0,-1
237,2,1099,1098,522,350,-1,0,0,-1
237,3,27,0,1370,659,-1,0,0,-1
237,4,2,167,271,164,-1,0,0,-1
238,1,1,481,688,260,-1,0,0,-1
238,2,1099,1098,522,350,-1,0,0,-1
238,3,27,0,1370,659,-1,0,0,-1
238,4,0,166,280,164,-1,0,0,-1
239,1,1,481,688,260,-1,0,0,-1
239,2,1099,1098,522,350,-1,0,0,-1
239,3,27,0,1370,659,-1,0,0,-1
239,4,-5,166,286,163,-1,0,0,-1
240,1,1,481,688,260,-1,0,0,-1
240,2,1099,1098,522,350,-1,0,0,-1
240,3,27,0,1370,659,-1,0,0,-1
240,4,-2,166,291,163,-1,0,0,-1
241,1,1,481,688,260,-1,0,0,-1
241,2,1099,1098,522,350,-1,0,0,-1
241,3,27,0,1370,659,-1,0,0,-1
241,4,-4,166,294,162,-1,0,0,-1
242,1,1,481,688,260,-1,0,0,-1
242,2,1099,1098,522,350,-1,0,0,-1
242,3,27,0,1370,659,-1,0,0,-1
242,4,0,166,295,161,-1,0,0,-1
243,1,1,481,688,260,-1,0,0,-1
243,2,1099,1098,522,350,-1,0,0,-1
243,3,27,0,1370,659,-1,0,0,-1
243,4,-1,166,297,160,-1,0,0,-1
244,1,1,481,688,260,-1,0,0,-1
244,2,1099,1098,522,350,-1,0,0,-1
244,3,27,0,1370,659,-1,0,0,-1
244,4,-2,166,299,159,-1,0,0,-1
245,1,1,481,688,260,-1,0,0,-1
245,2,1099,1098,522,350,-1,0,0,-1
245,3,27,0,1370,659,-1,0,0,-1
245,4,-2,166,306,159,-1,0,0,-1
246,1,1,481,688,260,-1,0,0,-1
246,2,1099,1098,522,350,-1,0,0,-1
246,3,27,0,1370,659,-1,0,0,-1
246,4,-4,166,310,158,-1,0,0,-1
247,1,1,481,688,260,-1,0,0,-1
247,2,1099,1098,522,350,-1,0,0,-1
247,3,27,0,1370,659,-1,0,0,-1
247,4,-1,166,311,158,-1,0,0,-1
248,1,1,481,688,260,-1,0,0,-1
248,2,1099,1098,522,350,-1,0,0,-1
248,3,27,0,1370,659,-1,0,0,-1
248,4,-3,166,318,157,-1,0,0,-1
249,1,1,481,688,260,-1,0,0,-1
249,2,1099,1098,522,350,-1,0,0,-1
249,3,27,0,1370,659,-1,0,0,-1
249,4,0,166,316,156,-1,0,0,-1
250,1,1,481,688,260,-1,0,0,-1
250,2,1099,1098,522,350,-1,0,0,-1
250,3,27,0,1370,659,-1,0,0,-1
250,4,-1,166,322,155,-1,0,0,-1
251,1,1,481,688,260,-1,0,0,-1
251,2,1099,1098,522,350,-1,0,0,-1
251,3,27,0,1370,659,-1,0,0,-1
251,4,-4,166,330,155,-1,0,0,-1
252,1,1,481,688,260,-1,0,0,-1
252,2,1099,1098,522,350,-1,0,0,-1
252,3,27,0,1370,659,-1,0,0,-1
252,4,-4,166,333,154,-1,0,0,-1
253,1,1,481,688,260,-1,0,0,-1
253,2,1099,1098,522,350,-1,0,0,-1
253,3,27,0,1370,659,-1,0,0,-1
253,4,-2,166,334,153,-1,0,0,-1
254,1,1,481,688,260,-1,0,0,-1
254,2,1099,1098,522,350,-1,0,0,-1
254,3,27,0,1370,659,-1,0,0,-1
254,4,-6,166,344,153,-1,0,0,-1
255,1,1,481,688,260,-1,0,0,-1
255,2,1099,1098,522,350,-1,0,0,-1
255,3,27,0,1370,659,-1,0,0,-1
255,4,-1,163,345,155,-1,0,0,-1
256,1,1,481,688,260,-1,0,0,-1
256,2,1099,1098,522,350,-1,0,0,-1
256,3,27,0,1370,659,-1,0,0,-1
256,4,0,163,345,154,-1,0,0,-1
257,1,1,481,688,260,-1,0,0,-1
257,2,1099,1098,522,350,-1,0,0,-1
257,3,27,0,1370,659,-1,0,0,-1
257,4,0,163,349,153,-1,0,0,-1
258,1,1,481,688,260,-1,0,0,-1
258,2,1099,1098,522,350,-1,0,0,-1
258,3,27,0,1370,659,-1,0,0,-1
258,4,-3,163,354,152,-1,0,0,-1
259,1,1,481,688,260,-1,0,0,-1
259,2,1099,1098,522,350,-1,0,0,-1
259,3,27,0,1370,659,-1,0,0,-1
259,4,-2,163,358,151,-1,0,0,-1
260,1,1,481,688,260,-1,0,0,-1
260,2,1099,1098,522,350,-1,0,0,-1
260,3,27,0,1370,659,-1,0,0,-1
260,4,0,163,361,150,-1,0,0,-1
261,1,1,481,688,260,-1,0,0,-1
261,2,1099,1098,522,350,-1,0,0,-1
261,3,27,0,1370,659,-1,0,0,-1
261,4,-2,163,364,149,-1,0,0,-1
262,1,1,481,688,260,-1,0,0,-1
262,2,1099,1098,522,350,-1,0,0,-1
262,3,27,0,1370,659,-1,0,0,-1
262,4,-4,163,367,148,-1,0,0,-1
263,1,1,481,688,260,-1,0,0,-1
263,2,1099,1098,522,350,-1,0,0,-1
263,3,27,0,1370,659,-1,0,0,-1
263,4,3,159,367,151,-1,0,0,-1
264,1,1,481,688,260,-1,0,0,-1
264,2,1099,1098,522,350,-1,0,0,-1
264,3,27,0,1370,659,-1,0,0,-1
264,4,-1,159,377,150,-1,0,0,-1
265,1,1,481,688,260,-1,0,0,-1
265,2,1099,1098,522,350,-1,0,0,-1
265,3,27,0,1370,659,-1,0,0,-1
265,4,-2,159,382,149,-1,0,0,-1
266,1,1,481,688,260,-1,0,0,-1
266,2,1099,1098,522,350,-1,0,0,-1
266,3,27,0,1370,659,-1,0,0,-1
266,4,-1,159,385,148,-1,0,0,-1
267,1,1,481,688,260,-1,0,0,-1
267,2,1099,1098,522,350,-1,0,0,-1
267,3,27,0,1370,659,-1,0,0,-1
267,4,0,159,389,147,-1,0,0,-1
268,1,1,481,688,260,-1,0,0,-1
268,2,1099,1098,522,350,-1,0,0,-1
268,3,27,0,1370,659,-1,0,0,-1
268,4,-2,159,392,146,-1,0,0,-1
269,1,1,481,688,260,-1,0,0,-1
269,2,1099,1098,522,350,-1,0,0,-1
269,3,27,0,1370,659,-1,0,0,-1
269,4,-2,159,398,146,-1,0,0,-1
270,1,1,481,688,260,-1,0,0,-1
270,2,1099,1098,522,350,-1,0,0,-1
270,3,27,0,1370,659,-1,0,0,-1
270,4,-2,159,399,145,-1,0,0,-1
271,1,1,481,688,260,-1,0,0,-1
271,2,1099,1098,522,350,-1,0,0,-1
271,3,27,0,1370,659,-1,0,0,-1
271,4,0,159,402,144,-1,0,0,-1
272,1,1,481,688,260,-1,0,0,-1
272,2,1099,1098,522,350,-1,0,0,-1
272,3,27,0,1370,659,-1,0,0,-1
272,4,-1,158,408,144,-1,0,0,-1
273,1,1,481,688,260,-1,0,0,-1
273,2,1099,1098,522,350,-1,0,0,-1
273,3,27,0,1370,659,-1,0,0,-1
273,4,-4,156,417,145,-1,0,0,-1
274,1,1,481,688,260,-1,0,0,-1
274,2,1099,1098,522,350,-1,0,0,-1
274,3,27,0,1370,659,-1,0,0,-1
274,4,-2,156,415,144,-1,0,0,-1
275,1,1,481,688,260,-1,0,0,-1
275,2,1099,1098,522,350,-1,0,0,-1
275,3,27,0,1370,659,-1,0,0,-1
275,4,0,156,417,144,-1,0,0,-1
276,1,1,481,688,260,-1,0,0,-1
276,2,1099,1098,522,350,-1,0,0,-1
276,3,27,0,1370,659,-1,0,0,-1
276,4,-4,156,423,144,-1,0,0,-1
277,1,1,481,688,260,-1,0,0,-1
277,2,1099,1098,522,350,-1,0,0,-1
277,3,27,0,1370,659,-1,0,0,-1
277,4,-2,156,422,143,-1,0,0,-1
278,1,1,481,688,260,-1,0,0,-1
278,2,1099,1098,522,350,-1,0,0,-1
278,3,27,0,1370,659,-1,0,0,-1
278,4,-5,156,427,143,-1,0,0,-1
279,1,1,481,688,260,-1,0,0,-1
279,2,1099,1098,522,350,-1,0,0,-1
279,3,27,0,1370,659,-1,0,0,-1
279,4,2,156,428,143,-1,0,0,-1
280,1,1,481,688,260,-1,0,0,-1
280,2,1099,1098,522,350,-1,0,0,-1
280,3,27,0,1370,659,-1,0,0,-1
280,4,-1,155,438,143,-1,0,0,-1
281,1,1,481,688,260,-1,0,0,-1
281,2,1099,1098,522,350,-1,0,0,-1
281,3,27,0,1370,659,-1,0,0,-1
281,4,-2,155,440,142,-1,0,0,-1
282,1,1,481,688,260,-1,0,0,-1
282,2,1099,1098,522,350,-1,0,0,-1
282,3,27,0,1370,659,-1,0,0,-1
282,4,-2,150,446,146,-1,0,0,-1
283,1,1,481,688,260,-1,0,0,-1
283,2,1099,1098,522,350,-1,0,0,-1
283,3,27,0,1370,659,-1,0,0,-1
283,4,-4,150,449,145,-1,0,0,-1
284,1,1,481,688,260,-1,0,0,-1
284,2,1099,1098,522,350,-1,0,0,-1
284,3,27,0,1370,659,-1,0,0,-1
284,4,-2,150,449,145,-1,0,0,-1
285,1,1,481,688,260,-1,0,0,-1
285,2,1099,1098,522,350,-1,0,0,-1
285,3,27,0,1370,659,-1,0,0,-1
285,4,-1,150,449,145,-1,0,0,-1
286,1,1,481,688,260,-1,0,0,-1
286,2,1099,1098,522,350,-1,0,0,-1
286,3,27,0,1370,659,-1,0,0,-1
286,4,-1,150,451,145,-1,0,0,-1
287,1,1,481,688,260,-1,0,0,-1
287,2,1099,1098,522,350,-1,0,0,-1
287,3,27,0,1370,659,-1,0,0,-1
287,4,-3,150,459,145,-1,0,0,-1
288,1,1,481,688,260,-1,0,0,-1
288,2,1099,1098,522,350,-1,0,0,-1
288,3,27,0,1370,659,-1,0,0,-1
288,4,-2,150,459,145,-1,0,0,-1
289,1,1,481,688,260,-1,0,0,-1
289,2,1099,1098,522,350,-1,0,0,-1
289,3,27,0,1370,659,-1,0,0,-1
289,4,2,146,464,149,-1,0,0,-1
290,1,1,481,688,260,-1,0,0,-1
290,2,1099,1098,522,350,-1,0,0,-1
290,3,27,0,1370,659,-1,0,0,-1
290,4,0,146,467,149,-1,0,0,-1
291,1,1,481,688,260,-1,0,0,-1
291,2,1099,1098,522,350,-1,0,0,-1
291,3,27,0,1370,659,-1,0,0,-1
291,4,0,146,475,149,-1,0,0,-1
292,1,1,481,688,260,-1,0,0,-1
292,2,1099,1098,522,350,-1,0,0,-1
292,3,27,0,1370,659,-1,0,0,-1
292,4,1,146,476,149,-1,0,0,-1
293,1,1,481,688,260,-1,0,0,-1
293,2,1099,1098,522,350,-1,0,0,-1
293,3,27,0,1370,659,-1,0,0,-1
293,4,-2,146,487,149,-1,0,0,-1
294,1,1,481,688,260,-1,0,0,-1
294,2,1099,1098,522,350,-1,0,0,-1
294,3,27,0,1370,659,-1,0,0,-1
294,4,-1,146,488,149,-1,0,0,-1
295,1,1,481,688,260,-1,0,0,-1
295,2,1099,1098,522,350,-1,0,0,-1
295,3,27,0,1370,659,-1,0,0,-1
295,4,-1,146,489,149,-1,0,0,-1
296,1,1,481,688,260,-1,0,0,-1
296,2,1099,1098,522,350,-1,0,0,-1
296,3,27,0,1370,659,-1,0,0,-1
296,4,-1,146,495,148,-1,0,0,-1
297,1,1,481,688,260,-1,0,0,-1
297,2,1099,1098,522,350,-1,0,0,-1
297,3,27,0,1370,659,-1,0,0,-1
297,4,-3,146,498,147,-1,0,0,-1
298,1,1,481,688,260,-1,0,0,-1
298,2,1099,1098,522,350,-1,0,0,-1
298,3,27,0,1370,659,-1,0,0,-1
298,4,-4,146,506,147,-1,0,0,-1
299,1,1,481,688,260,-1,0,0,-1
299,2,1099,1098,522,350,-1,0,0,-1
299,3,27,0,1370,659,-1,0,0,-1
299,4,1,146,503,147,-1,0,0,-1
300,1,1,481,688,260,-1,0,0,-1
300,2,1099,1098,522,350,-1,0,0,-1
300,3,27,0,1370,659,-1,0,0,-1
300,4,-1,146,511,146,-1,0,0,-1
301,1,1,481,688,260,-1,0,0,-1
301,2,1099,1098,522,350,-1,0,0,-1
301,3,27,0,1370,659,-1,0,0,-1
301,4,0,146,512,146,-1,0,0,-1
302,1,1,481,688,260,-1,0,0,-1
302,2,1099,1098,522,350,-1,0,0,-1
302,3,27,0,1370,659,-1,0,0,-1
302,4,-2,146,515,145,-1,0,0,-1
303,1,1,481,688,260,-1,0,0,-1
303,2,1099,1098,522,350,-1,0,0,-1
303,3,27,0,1370,659,-1,0,0,-1
303,4,-3,146,521,144,-1,0,0,-1
304,1,1,481,688,260,-1,0,0,-1
304,2,1099,1098,522,350,-1,0,0,-1
304,3,27,0,1370,659,-1,0,0,-1
304,4,-2,127,529,163,-1,0,0,-1
305,1,1,481,688,260,-1,0,0,-1
305,2,1099,1098,522,350,-1,0,0,-1
305,3,27,0,1370,659,-1,0,0,-1
305,4,0,127,529,163,-1,0,0,-1
306,1,1,481,688,260,-1,0,0,-1
306,2,1099,1098,522,350,-1,0,0,-1
306,3,27,0,1370,659,-1,0,0,-1
306,4,-2,127,532,163,-1,0,0,-1
307,1,1,481,688,260,-1,0,0,-1
307,2,1099,1098,522,350,-1,0,0,-1
307,3,27,0,1370,659,-1,0,0,-1
307,4,0,127,536,163,-1,0,0,-1
308,1,1,481,688,260,-1,0,0,-1
308,2,1099,1098,522,350,-1,0,0,-1
308,3,27,0,1370,659,-1,0,0,-1
308,4,-4,127,542,163,-1,0,0,-1
309,1,1,481,688,260,-1,0,0,-1
309,2,1099,1098,522,350,-1,0,0,-1
309,3,27,0,1370,659,-1,0,0,-1
309,4,-1,121,544,169,-1,0,0,-1
310,1,1,481,688,260,-1,0,0,-1
310,2,1099,1098,522,350,-1,0,0,-1
310,3,27,0,1370,659,-1,0,0,-1
310,4,-1,121,546,169,-1,0,0,-1
311,1,1,481,688,260,-1,0,0,-1
311,2,1099,1098,522,350,-1,0,0,-1
311,3,27,0,1370,659,-1,0,0,-1
311,4,-1,121,551,169,-1,0,0,-1
312,1,1,481,688,260,-1,0,0,-1
312,2,1099,1098,522,350,-1,0,0,-1
312,3,27,0,1370,659,-1,0,0,-1
312,4,-2,106,558,184,-1,0,0,-1
313,1,1,481,688,260,-1,0,0,-1
313,2,1099,1098,522,350,-1,0,0,-1
313,3,27,0,1370,659,-1,0,0,-1
313,4,2,106,555,184,-1,0,0,-1
314,1,1,481,688,260,-1,0,0,-1
314,2,1099,1098,522,350,-1,0,0,-1
314,3,27,0,1370,659,-1,0,0,-1
314,4,-1,94,558,195,-1,0,0,-1
315,1,1,481,688,260,-1,0,0,-1
315,2,1099,1098,522,350,-1,0,0,-1
315,3,27,0,1370,659,-1,0,0,-1
315,4,-1,94,567,195,-1,0,0,-1
316,1,1,481,688,260,-1,0,0,-1
316,2,1099,1098,522,350,-1,0,0,-1
316,3,27,0,1370,659,-1,0,0,-1
316,4,-3,68,573,221,-1,0,0,-1
317,1,1,481,688,260,-1,0,0,-1
317,2,1099,1098,522,350,-1,0,0,-1
317,3,27,0,1370,659,-1,0,0,-1
317,4,-1,68,572,221,-1,0,0,-1
318,1,1,481,688,260,-1,0,0,-1
318,2,1099,1098,522,350,-1,0,0,-1
318,3,27,0,1370,659,-1,0,0,-1
318,4,0,68,579,221,-1,0,0,-1
319,1,1,481,688,260,-1,0,0,-1
319,2,1099,1098,522,350,-1,0,0,-1
319,3,27,0,1370,659,-1,0,0,-1
319,4,-2,60,581,229,-1,0,0,-1
320,1,1,481,688,260,-1,0,0,-1
320,2,1099,1098,522,350,-1,0,0,-1
320,3,27,0,1370,659,-1,0,0,-1
320,4,1,60,585,229,-1,0,0,-1
321,1,1,481,688,260,-1,0,0,-1
321,2,1099,1098,522,350,-1,0,0,-1
321,3,27,0,1370,659,-1,0,0,-1
321,4,-3,47,592,242,-1,0,0,-1
322,1,1,481,688,260,-1,0,0,-1
322,2,1099,1098,522,350,-1,0,0,-1
322,3,27,0,1370,659,-1,0,0,-1
322,4,-2,47,595,242,-1,0,0,-1
323,1,1,481,688,260,-1,0,0,-1
323,2,1099,1098,522,350,-1,0,0,-1
323,3,27,0,1370,659,-1,0,0,-1
323,4,1,47,593,242,-1,0,0,-1
324,1,1,481,688,260,-1,0,0,-1
324,2,1099,1098,522,350,-1,0,0,-1
324,3,27,0,1370,659,-1,0,0,-1
324,4,0,47,598,242,-1,0,0,-1
325,1,1,481,688,260,-1,0,0,-1
325,2,1099,1098,522,350,-1,0,0,-1
325,3,27,0,1370,659,-1,0,0,-1
325,4,0,47,603,242,-1,0,0,-1
326,1,1,481,688,260,-1,0,0,-1
326,2,1099,1098,522,350,-1,0,0,-1
326,3,27,0,1370,659,-1,0,0,-1
326,4,1,47,606,241,-1,0,0,-1
327,1,1,481,688,260,-1,0,0,-1
327,2,1099,1098,522,350,-1,0,0,-1
327,3,27,0,1370,659,-1,0,0,-1
327,4,1,36,609,252,-1,0,0,-1
328,1,1,481,688,260,-1,0,0,-1
328,2,1099,1098,522,350,-1,0,0,-1
328,3,27,0,1370,659,-1,0,0,-1
328,4,2,36,613,252,-1,0,0,-1
329,1,1,481,688,260,-1,0,0,-1
329,2,1099,1098,522,350,-1,0,0,-1
329,3,27,0,1370,659,-1,0,0,-1
329,4,-2,36,617,252,-1,0,0,-1
330,1,1,481,688,260,-1,0,0,-1
330,2,1099,1098,522,350,-1,0,0,-1
330,3,27,0,1370,659,-1,0,0,-1
330,4,0,36,622,252,-1,0,0,-1
331,1,1,481,688,260,-1,0,0,-1
331,2,1099,1098,522,350,-1,0,0,-1
331,3,27,0,1370,659,-1,0,0,-1
331,4,-1,40,628,252,-1,0,0,-1
332,1,1,481,688,260,-1,0,0,-1
332,2,1099,1098,522,350,-1,0,0,-1
332,3,27,0,1370,659,-1,0,0,-1
332,4,-3,40,631,252,-1,0,0,-1
333,1,1,481,688,260,-1,0,0,-1
333,2,1099,1098,522,350,-1,0,0,-1
333,3,27,0,1370,659,-1,0,0,-1
333,4,-2,40,631,252,-1,0,0,-1
334,1,1,481,688,260,-1,0,0,-1
334,2,1099,1098,522,350,-1,0,0,-1
334,3,27,0,1370,659,-1,0,0,-1
334,4,0,40,637,252,-1,0,0,-1
335,1,1,481,688,260,-1,0,0,-1
335,2,1099,1098,522,350,-1,0,0,-1
335,3,27,0,1370,659,-1,0,0,-1
335,4,0,40,641,252,-1,0,0,-1
336,1,1,481,688,260,-1,0,0,-1
336,2,1099,1098,522,350,-1,0,0,-1
336,3,27,0,1370,659,-1,0,0,-1
336,4,8,40,633,252,-1,0,0,-1
337,1,1,481,688,260,-1,0,0,-1
337,2,1099,1098,522,350,-1,0,0,-1
337,3,27,0,1370,659,-1,0,0,-1
337,4,12,40,629,252,-1,0,0,-1
338,1,1,481,688,260,-1,0,0,-1
338,2,1099,1098,522,350,-1,0,0,-1
338,3,27,0,1370,659,-1,0,0,-1
338,4,15,40,632,252,-1,0,0,-1
339,1,1,481,688,260,-1,0,0,-1
339,2,1099,1098,522,350,-1,0,0,-1
339,3,27,0,1370,659,-1,0,0,-1
339,4,20,40,627,252,-1,0,0,-1
340,1,1,481,688,260,-1,0,0,-1
340,2,1099,1098,522,350,-1,0,0,-1
340,3,27,0,1370,659,-1,0,0,-1
340,4,20,40,635,252,-1,0,0,-1
341,1,1,481,688,260,-1,0,0,-1
341,2,1099,1098,522,350,-1,0,0,-1
341,3,27,0,1370,659,-1,0,0,-1
341,4,24,40,631,252,-1,0,0,-1
342,1,1,481,688,260,-1,0,0,-1
342,2,1099,1098,522,350,-1,0,0,-1
342,3,27,0,1370,659,-1,0,0,-1
342,4,24,40,637,252,-1,0,0,-1
343,1,1,481,688,260,-1,0,0,-1
343,2,1099,1098,522,350,-1,0,0,-1
343,3,27,0,1370,659,-1,0,0,-1
343,4,33,40,628,252,-1,0,0,-1
344,1,1,481,688,260,-1,0,0,-1
344,2,1099,1098,522,350,-1,0,0,-1
344,3,27,0,1370,659,-1,0,0,-1
344,4,37,40,634,252,-1,0,0,-1
345,1,1,481,688,260,-1,0,0,-1
345,2,1099,1098,522,350,-1,0,0,-1
345,3,27,0,1370,659,-1,0,0,-1
345,4,41,40,630,252,-1,0,0,-1
346,1,1,481,688,260,-1,0,0,-1
346,2,1099,1098,522,350,-1,0,0,-1
346,3,27,0,1370,659,-1,0,0,-1
346,4,45,34,639,252,-1,0,0,-1
347,1,1,481,688,260,-1,0,0,-1
347,2,1099,1098,522,350,-1,0,0,-1
347,3,27,0,1370,659,-1,0,0,-1
347,4,49,34,635,252,-1,0,0,-1
348,1,1,481,688,260,-1,0,0,-1
348,2,1099,1098,522,350,-1,0,0,-1
348,3,27,0,1370,659,-1,0,0,-1
348,4,49,34,642,252,-1,0,0,-1
349,1,1,481,688,260,-1,0,0,-1
349,2,1099,1098,522,350,-1,0,0,-1
349,3,27,0,1370,659,-1,0,0,-1
349,4,58,34,633,252,-1,0,0,-1
350,1,1,481,688,260,-1,0,0,-1
350,2,1099,1098,522,350,-1,0,0,-1
350,3,27,0,1370,659,-1,0,0,-1
350,4,58,34,633,252,-1,0,0,-1
351,1,1,481,688,260,-1,0,0,-1
351,2,1099,1098,522,350,-1,0,0,-1
351,3,27,0,1370,659,-1,0,0,-1
351,4,63,34,633,252,-1,0,0,-1
352,1,1,481,688,260,-1,0,0,-1
352,2,1099,1098,522,350,-1,0,0,-1
352,3,27,0,1370,659,-1,0,0,-1
352,4,66,34,630,252,-1,0,0,-1
353,1,1,481,688,260,-1,0,0,-1
353,2,1099,1098,522,350,-1,0,0,-1
353,3,27,0,1370,659,-1,0,0,-1
353,4,66,34,642,252,-1,0,0,-1
354,1,1,481,688,260,-1,0,0,-1
354,2,1099,1098,522,350,-1,0,0,-1
354,3,27,0,1370,659,-1,0,0,-1
354,4,75,29,637,257,-1,0,0,-1
355,1,1,481,688,260,-1,0,0,-1
355,2,1099,1098,522,350,-1,0,0,-1
355,3,27,0,1370,659,-1,0,0,-1
355,4,78,29,637,257,-1,0,0,-1
356,1,1,481,688,260,-1,0,0,-1
356,2,1099,1098,522,350,-1,0,0,-1
356,3,27,0,1370,659,-1,0,0,-1
356,4,81,29,634,257,-1,0,0,-1
357,1,1,481,688,260,-1,0,0,-1
357,2,1099,1098,522,350,-1,0,0,-1
357,3,27,0,1370,659,-1,0,0,-1
357,4,87,29,634,257,-1,0,0,-1
358,1,1,481,688,260,-1,0,0,-1
358,2,1099,1098,522,350,-1,0,0,-1
358,3,27,0,1370,659,-1,0,0,-1
358,4,91,29,630,257,-1,0,0,-1
359,1,1,481,688,260,-1,0,0,-1
359,2,1099,1098,522,350,-1,0,0,-1
359,3,27,0,1370,659,-1,0,0,-1
359,4,96,29,633,257,-1,0,0,-1
360,1,1,481,688,260,-1,0,0,-1
360,2,1099,1098,522,350,-1,0,0,-1
360,3,27,0,1370,659,-1,0,0,-1
360,4,99,29,633,257,-1,0,0,-1
361,1,1,481,688,260,-1,0,0,-1
361,2,1099,1098,522,350,-1,0,0,-1
361,3,27,0,1370,659,-1,0,0,-1
361,4,103,29,634,257,-1,0,0,-1
362,1,1,481,688,260,-1,0,0,-1
362,2,1099,1098,522,350,-1,0,0,-1
362,3,27,0,1370,659,-1,0,0,-1
362,4,107,29,630,257,-1,0,0,-1
363,1,1,481,688,260,-1,0,0,-1
363,2,1099,1098,522,350,-1,0,0,-1
363,3,27,0,1370,659,-1,0,0,-1
363,4,112,29,631,257,-1,0,0,-1
364,1,1,481,688,260,-1,0,0,-1
364,2,1099,1098,522,350,-1,0,0,-1
364,3,27,0,1370,659,-1,0,0,-1
364,4,112,29,636,257,-1,0,0,-1
365,1,1,481,688,260,-1,0,0,-1
365,2,1099,1098,522,350,-1,0,0,-1
365,3,27,0,1370,659,-1,0,0,-1
365,4,112,29,639,257,-1,0,0,-1
366,1,1,481,688,260,-1,0,0,-1
366,2,1099,1098,522,350,-1,0,0,-1
366,3,27,0,1370,659,-1,0,0,-1
366,4,119,29,636,257,-1,0,0,-1
367,1,1,481,688,260,-1,0,0,-1
367,2,1099,1098,522,350,-1,0,0,-1
367,3,27,0,1370,659,-1,0,0,-1
367,4,125,29,638,257,-1,0,0,-1
368,1,1,481,688,260,-1,0,0,-1
368,2,1099,1098,522,350,-1,0,0,-1
368,3,27,0,1370,659,-1,0,0,-1
368,4,129,26,635,260,-1,0,0,-1
369,1,1,481,688,260,-1,0,0,-1
369,2,1099,1098,522,350,-1,0,0,-1
369,3,27,0,1370,659,-1,0,0,-1
369,4,134,26,635,260,-1,0,0,-1
370,1,1,481,688,260,-1,0,0,-1
370,2,1099,1098,522,350,-1,0,0,-1
370,3,27,0,1370,659,-1,0,0,-1
370,4,137,26,632,260,-1,0,0,-1
371,1,1,481,688,260,-1,0,0,-1
371,2,1099,1098,522,350,-1,0,0,-1
371,3,27,0,1370,659,-1,0,0,-1
371,4,143,26,631,260,-1,0,0,-1
372,1,1,481,688,260,-1,0,0,-1
372,2,1099,1098,522,350,-1,0,0,-1
372,3,27,0,1370,659,-1,0,0,-1
372,4,147,26,631,260,-1,0,0,-1
373,1,1,481,688,260,-1,0,0,-1
373,2,1099,1098,522,350,-1,0,0,-1
373,3,27,0,1370,659,-1,0,0,-1
373,4,150,26,632,260,-1,0,0,-1
374,1,1,481,688,260,-1,0,0,-1
374,2,1099,1098,522,350,-1,0,0,-1
374,3,27,0,1370,659,-1,0,0,-1
374,4,154,26,628,260,-1,0,0,-1
375,1,1,481,688,260,-1,0,0,-1
375,2,1099,1098,522,350,-1,0,0,-1
375,3,27,1,1370,659,-1,0,0,-1
375,4,154,26,635,260,-1,0,0,-1
376,1,1,481,688,260,-1,0,0,-1
376,2,1099,1098,522,350,-1,0,0,-1
376,3,27,1,1370,659,-1,0,0,-1
376,4,160,26,632,260,-1,0,0,-1
377,1,1,481,688,260,-1,0,0,-1
377,2,1099,1098,522,350,-1,0,0,-1
377,3,27,1,1370,659,-1,0,0,-1
377,4,164,22,631,264,-1,0,0,-1
378,1,1,481,688,260,-1,0,0,-1
378,2,1099,1098,522,350,-1,0,0,-1
378,3,27,1,1370,659,-1,0,0,-1
378,4,169,22,631,264,-1,0,0,-1
379,1,1,481,688,260,-1,0,0,-1
379,2,1099,1098,522,350,-1,0,0,-1
379,3,27,1,1370,659,-1,0,0,-1
379,4,176,22,629,264,-1,0,0,-1
380,1,1,481,688,260,-1,0,0,-1
380,2,1099,1098,522,350,-1,0,0,-1
380,3,27,1,1370,659,-1,0,0,-1
380,4,176,22,629,264,-1,0,0,-1
381,1,1,481,688,260,-1,0,0,-1
381,2,1099,1098,522,350,-1,0,0,-1
381,3,27,1,1370,659,-1,0,0,-1
381,4,179,22,631,264,-1,0,0,-1
382,1,1,481,688,260,-1,0,0,-1
382,2,1099,1098,522,350,-1,0,0,-1
382,3,27,1,1370,659,-1,0,0,-1
382,4,183,22,627,264,-1,0,0,-1
383,1,1,481,688,260,-1,0,0,-1
383,2,1099,1098,522,350,-1,0,0,-1
383,3,27,1,1370,659,-1,0,0,-1
383,4,188,22,629,264,-1,0,0,-1
384,1,1,481,688,260,-1,0,0,-1
384,2,1099,1098,522,350,-1,0,0,-1
384,3,27,1,1370,659,-1,0,0,-1
384,4,192,22,628,264,-1,0,0,-1
385,1,1,481,688,260,-1,0,0,-1
385,2,1099,1098,522,350,-1,0,0,-1
385,3,27,1,1370,659,-1,0,0,-1
385,4,197,22,629,264,-1,0,0,-1
386,1,1,481,688,260,-1,0,0,-1
386,2,1099,1098,522,350,-1,0,0,-1
386,3,27,1,1370,659,-1,0,0,-1
386,4,200,22,626,256,-1,0,0,-1
387,1,1,481,688,260,-1,0,0,-1
387,2,1099,1098,522,350,-1,0,0,-1
387,3,27,1,1370,659,-1,0,0,-1
387,4,203,22,629,247,-1,0,0,-1
388,1,1,481,688,260,-1,0,0,-1
388,2,1099,1098,522,350,-1,0,0,-1
388,3,27,1,1370,659,-1,0,0,-1
388,4,208,22,628,246,-1,0,0,-1
389,1,1,481,688,260,-1,0,0,-1
389,2,1099,1098,522,350,-1,0,0,-1
389,3,27,1,1370,659,-1,0,0,-1
389,4,210,22,626,244,-1,0,0,-1
390,1,1,481,688,260,-1,0,0,-1
390,2,1099,1098,522,350,-1,0,0,-1
390,3,27,1,1370,659,-1,0,0,-1
390,4,215,22,626,249,-1,0,0,-1
391,1,1,481,688,260,-1,0,0,-1
391,2,1099,1098,522,350,-1,0,0,-1
391,3,27,1,1370,659,-1,0,0,-1
391,4,219,17,627,238,-1,0,0,-1
392,1,1,481,688,260,-1,0,0,-1
392,2,1099,1098,522,350,-1,0,0,-1
392,3,27,1,1370,659,-1,0,0,-1
392,4,222,17,627,238,-1,0,0,-1
393,1,1,481,688,260,-1,0,0,-1
393,2,1099,1098,522,350,-1,0,0,-1
393,3,27,1,1370,659,-1,0,0,-1
393,4,228,17,625,237,-1,0,0,-1
394,1,1,481,688,260,-1,0,0,-1
394,2,1099,1098,522,350,-1,0,0,-1
394,3,27,1,1370,659,-1,0,0,-1
394,4,231,17,627,241,-1,0,0,-1
395,1,1,481,688,260,-1,0,0,-1
395,2,1099,1098,522,350,-1,0,0,-1
395,3,27,1,1370,659,-1,0,0,-1
395,4,237,17,621,241,-1,0,0,-1
396,1,1,481,688,260,-1,0,0,-1
396,2,1099,1098,522,350,-1,0,0,-1
396,3,27,1,1370,659,-1,0,0,-1
396,4,242,17,621,243,-1,0,0,-1
397,1,1,481,688,260,-1,0,0,-1
397,2,1099,1098,522,350,-1,0,0,-1
397,3,27,1,1370,659,-1,0,0,-1
397,4,246,17,622,248,-1,0,0,-1
398,1,1,481,688,260,-1,0,0,-1
398,2,1099,1098,522,350,-1,0,0,-1
398,3,27,1,1370,659,-1,0,0,-1
398,4,248,17,621,251,-1,0,0,-1
399,1,1,481,688,260,-1,0,0,-1
399,2,1099,1098,522,350,-1,0,0,-1
399,3,27,1,1370,659,-1,0,0,-1
399,4,252,17,624,246,-1,0,0,-1
400,1,1,481,688,260,-1,0,0,-1
400,2,1099,1098,522,350,-1,0,0,-1
400,3,27,1,1370,659,-1,0,0,-1
400,4,257,17,619,252,-1,0,0,-1
401,1,1,481,688,260,-1,0,0,-1
401,2,1099,1098,522,350,-1,0,0,-1
401,3,27,1,1370,659,-1,0,0,-1
401,4,259,17,622,246,-1,0,0,-1
402,1,1,481,688,260,-1,0,0,-1
402,2,1099,1098,522,350,-1,0,0,-1
402,3,27,1,1370,659,-1,0,0,-1
402,4,259,17,626,220,-1,0,0,-1
403,1,1,481,688,260,-1,0,0,-1
403,2,1099,1098,522,350,-1,0,0,-1
403,3,27,1,1370,659,-1,0,0,-1
403,4,264,17,625,243,-1,0,0,-1
404,1,1,481,688,260,-1,0,0,-1
404,2,1099,1098,522,350,-1,0,0,-1
404,3,27,1,1370,659,-1,0,0,-1
404,4,271,12,619,249,-1,0,0,-1
405,1,1,481,688,260,-1,0,0,-1
405,2,1099,1098,522,350,-1,0,0,-1
405,3,27,1,1370,659,-1,0,0,-1
405,4,275,12,615,245,-1,0,0,-1
406,1,1,481,688,260,-1,0,0,-1
406,2,1099,1098,522,350,-1,0,0,-1
406,3,27,1,1370,659,-1,0,0,-1
406,4,278,12,618,257,-1,0,0,-1
407,1,1,481,688,260,-1,0,0,-1
407,2,1099,1098,522,350,-1,0,0,-1
407,3,27,1,1370,659,-1,0,0,-1
407,4,282,12,619,253,-1,0,0,-1
408,1,1,481,688,260,-1,0,0,-1
408,2,1099,1098,522,350,-1,0,0,-1
408,3,27,1,1370,659,-1,0,0,-1
408,4,286,12,619,257,-1,0,0,-1
409,1,1,481,688,260,-1,0,0,-1
409,2,1099,1098,522,350,-1,0,0,-1
409,3,27,1,1370,659,-1,0,0,-1
409,4,290,12,621,246,-1,0,0,-1
410,1,1,481,688,260,-1,0,0,-1
410,2,1099,1098,522,350,-1,0,0,-1
410,3,27,1,1370,659,-1,0,0,-1
410,4,294,12,617,249,-1,0,0,-1
411,1,1,481,688,260,-1,0,0,-1
411,2,1099,1098,522,350,-1,0,0,-1
411,3,27,1,1370,659,-1,0,0,-1
411,4,297,12,619,260,-1,0,0,-1
412,1,1,481,688,260,-1,0,0,-1
412,2,1099,1098,522,350,-1,0,0,-1
412,3,27,1,1370,659,-1,0,0,-1
412,4,302,12,614,255,-1,0,0,-1
413,1,1,481,688,260,-1,0,0,-1
413,2,1099,1098,522,350,-1,0,0,-1
413,3,27,1,1370,659,-1,0,0,-1
413,4,305,12,617,247,-1,0,0,-1
414,1,1,481,688,260,-1,0,0,-1
414,2,1099,1098,522,350,-1,0,0,-1
414,3,27,1,1370,659,-1,0,0,-1
414,4,310,12,612,249,-1,0,0,-1
415,1,1,481,688,260,-1,0,0,-1
415,2,1099,1098,522,350,-1,0,0,-1
415,3,27,1,1370,659,-1,0,0,-1
415,4,314,12,615,254,-1,0,0,-1
416,1,1,481,688,260,-1,0,0,-1
416,2,1099,1098,522,350,-1,0,0,-1
416,3,27,1,1370,659,-1,0,0,-1
416,4,316,12,613,242,-1,0,0,-1
417,1,1,481,688,260,-1,0,0,-1
417,2,1099,1098,522,350,-1,0,0,-1
417,3,27,1,1370,659,-1,0,0,-1
417,4,320,10,614,242,-1,0,0,-1
418,1,1,481,688,260,-1,0,0,-1
418,2,1099,1098,522,350,-1,0,0,-1
418,3,27,1,1370,659,-1,0,0,-1
418,4,320,10,617,251,-1,0,0,-1
419,1,1,481,688,260,-1,0,0,-1
419,2,1099,1098,522,350,-1,0,0,-1
419,3,27,1,1370,659,-1,0,0,-1
419,4,327,10,614,256,-1,0,0,-1
420,1,1,481,688,260,-1,0,0,-1
420,2,1099,1098,522,350,-1,0,0,-1
420,3,27,1,1370,659,-1,0,0,-1
420,4,332,10,614,259,-1,0,0,-1
421,1,1,481,688,260,-1,0,0,-1
421,2,1099,1098,522,350,-1,0,0,-1
421,3,27,1,1370,659,-1,0,0,-1
421,4,338,10,611,254,-1,0,0,-1
422,1,1,481,688,260,-1,0,0,-1
422,2,1099,1098,522,350,-1,0,0,-1
422,3,27,1,1370,659,-1,0,0,-1
422,4,338,10,615,260,-1,0,0,-1
423,1,1,481,688,260,-1,0,0,-1
423,2,1099,1098,522,350,-1,0,0,-1
423,3,27,1,1370,659,-1,0,0,-1
423,4,343,10,610,256,-1,0,0,-1
424,1,1,481,688,260,-1,0,0,-1
424,2,1099,1098,522,350,-1,0,0,-1
424,3,27,1,1370,659,-1,0,0,-1
424,4,347,10,610,247,-1,0,0,-1
425,1,1,481,688,260,-1,0,0,-1
425,2,1099,1098,522,350,-1,0,0,-1
425,3,27,1,1370,659,-1,0,0,-1
425,4,352,10,609,248,-1,0,0,-1
426,1,1,481,688,260,-1,0,0,-1
426,2,1099,1098,522,350,-1,0,0,-1
426,3,27,1,1370,659,-1,0,0,-1
426,4,354,10,611,247,-1,0,0,-1
427,1,1,481,688,260,-1,0,0,-1
427,2,1099,1098,522,350,-1,0,0,-1
427,3,27,1,1370,659,-1,0,0,-1
427,4,354,5,611,260,-1,0,0,-1
428,1,1,481,688,260,-1,0,0,-1
428,2,1099,1098,522,350,-1,0,0,-1
428,3,27,1,1370,659,-1,0,0,-1
428,4,361,5,609,260,-1,0,0,-1
429,1,1,481,688,260,-1,0,0,-1
429,2,1099,1098,522,350,-1,0,0,-1
429,3,27,1,1370,659,-1,0,0,-1
429,4,366,5,607,242,-1,0,0,-1
430,1,1,481,688,260,-1,0,0,-1
430,2,1099,1098,522,350,-1,0,0,-1
430,3,27,1,1370,659,-1,0,0,-1
430,4,371,5,605,229,-1,0,0,-1
431,1,1,481,688,260,-1,0,0,-1
431,2,1099,1098,522,350,-1,0,0,-1
431,3,27,1,1370,659,-1,0,0,-1
431,4,376,5,605,234,-1,0,0,-1
432,1,1,481,688,260,-1,0,0,-1
432,2,1099,1098,522,350,-1,0,0,-1
432,3,27,1,1370,659,-1,0,0,-1
432,4,380,5,604,236,-1,0,0,-1
433,1,1,481,688,260,-1,0,0,-1
433,2,1099,1098,522,350,-1,0,0,-1
433,3,27,1,1370,659,-1,0,0,-1
433,4,380,5,604,240,-1,0,0,-1
434,1,1,481,688,260,-1,0,0,-1
434,2,1099,1098,522,350,-1,0,0,-1
434,3,27,1,1370,659,-1,0,0,-1
434,4,385,1,604,250,-1,0,0,-1
435,1,1,481,688,260,-1,0,0,-1
435,2,1099,1098,522,350,-1,0,0,-1
435,3,27,1,1370,659,-1,0,0,-1
435,4,389,1,604,239,-1,0,0,-1
436,1,1,481,688,260,-1,0,0,-1
436,2,1099,1098,522,350,-1,0,0,-1
436,3,27,1,1370,659,-1,0,0,-1
436,4,395,1,602,241,-1,0,0,-1
437,1,1,481,688,260,-1,0,0,-1
437,2,1099,1098,522,350,-1,0,0,-1
437,3,27,1,1370,659,-1,0,0,-1
437,4,399,1,604,244,-1,0,0,-1
438,1,1,481,688,260,-1,0,0,-1
438,2,1099,1098,522,350,-1,0,0,-1
438,3,27,1,1370,659,-1,0,0,-1
438,4,399,1,604,245,-1,0,0,-1
439,1,1,481,688,260,-1,0,0,-1
439,2,1099,1098,522,350,-1,0,0,-1
439,3,27,1,1370,659,-1,0,0,-1
439,4,399,1,608,245,-1,0,0,-1
440,1,1,481,688,260,-1,0,0,-1
440,2,1099,1098,522,350,-1,0,0,-1
440,3,27,1,1370,659,-1,0,0,-1
440,4,404,1,603,244,-1,0,0,-1
441,1,1,481,688,260,-1,0,0,-1
441,2,1099,1098,522,350,-1,0,0,-1
441,3,27,1,1370,659,-1,0,0,-1
441,4,408,1,602,243,-1,0,0,-1
442,1,1,481,688,260,-1,0,0,-1
442,2,1099,1098,522,350,-1,0,0,-1
442,3,27,1,1370,659,-1,0,0,-1
442,4,414,1,596,241,-1,0,0,-1
443,1,1,481,688,260,-1,0,0,-1
443,2,1099,1098,522,350,-1,0,0,-1
443,3,27,1,1370,659,-1,0,0,-1
443,4,415,1,597,242,-1,0,0,-1
444,1,1,481,688,260,-1,0,0,-1
444,2,1099,1098,522,350,-1,0,0,-1
444,3,27,1,1370,659,-1,0,0,-1
444,4,417,1,597,243,-1,0,0,-1
445,1,1,481,688,260,-1,0,0,-1
445,2,1099,1098,522,350,-1,0,0,-1
445,3,27,1,1370,659,-1,0,0,-1
445,4,427,1,590,242,-1,0,0,-1
446,1,1,481,688,260,-1,0,0,-1
446,2,1099,1098,522,350,-1,0,0,-1
446,3,27,1,1370,659,-1,0,0,-1
446,4,429,1,593,234,-1,0,0,-1
447,1,1,481,688,260,-1,0,0,-1
447,2,1099,1098,522,350,-1,0,0,-1
447,3,27,1,1370,659,-1,0,0,-1
447,4,432,1,590,240,-1,0,0,-1
448,1,1,481,688,260,-1,0,0,-1
448,2,1099,1098,522,350,-1,0,0,-1
448,3,27,1,1370,659,-1,0,0,-1
448,4,432,1,599,231,-1,0,0,-1
449,1,1,481,688,260,-1,0,0,-1
449,2,1099,1098,522,350,-1,0,0,-1
449,3,27,1,1370,659,-1,0,0,-1
449,4,435,1,596,237,-1,0,0,-1
450,1,1,481,688,260,-1,0,0,-1
450,2,1099,1098,522,350,-1,0,0,-1
450,3,27,1,1370,659,-1,0,0,-1
450,4,440,1,593,237,-1,0,0,-1
451,1,1,481,688,260,-1,0,0,-1
451,2,1099,1098,522,350,-1,0,0,-1
451,3,24,5,1370,659,-1,0,0,-1
451,4,440,1,598,232,-1,0,0,-1
452,1,1,481,688,260,-1,0,0,-1
452,2,1099,1098,522,350,-1,0,0,-1
452,3,24,5,1370,659,-1,0,0,-1
452,4,449,1,594,249,-1,0,0,-1
453,1,1,481,688,260,-1,0,0,-1
453,2,1099,1098,522,350,-1,0,0,-1
453,3,24,5,1375,659,-1,0,0,-1
453,4,456,1,595,240,-1,0,0,-1
454,1,1,481,688,260,-1,0,0,-1
454,2,1099,1098,522,350,-1,0,0,-1
454,3,24,5,1375,659,-1,0,0,-1
454,4,450,7,599,236,-1,0,0,-1
455,1,1,481,688,260,-1,0,0,-1
455,2,1099,1098,522,350,-1,0,0,-1
455,3,24,5,1375,659,-1,0,0,-1
455,4,456,7,594,234,-1,0,0,-1
456,1,1,481,688,260,-1,0,0,-1
456,2,1099,1098,522,350,-1,0,0,-1
456,3,24,5,1375,659,-1,0,0,-1
456,4,456,7,600,240,-1,0,0,-1
457,1,1,481,688,260,-1,0,0,-1
457,2,1099,1098,522,350,-1,0,0,-1
457,3,24,5,1375,659,-1,0,0,-1
457,4,456,7,600,240,-1,0,0,-1
458,1,1,481,688,260,-1,0,0,-1
458,2,1099,1098,522,350,-1,0,0,-1
458,3,24,5,1375,659,-1,0,0,-1
458,4,463,7,597,226,-1,0,0,-1
459,1,1,481,688,260,-1,0,0,-1
459,2,1099,1098,522,350,-1,0,0,-1
459,3,24,5,1375,659,-1,0,0,-1
459,4,470,7,594,230,-1,0,0,-1
460,1,1,481,688,260,-1,0,0,-1
460,2,1099,1098,522,350,-1,0,0,-1
460,3,24,5,1375,659,-1,0,0,-1
460,4,476,7,588,226,-1,0,0,-1
461,1,1,481,688,260,-1,0,0,-1
461,2,1099,1098,522,350,-1,0,0,-1
461,3,24,5,1375,659,-1,0,0,-1
461,4,480,7,587,229,-1,0,0,-1
462,1,1,481,688,260,-1,0,0,-1
462,2,1099,1098,522,350,-1,0,0,-1
462,3,24,5,1375,659,-1,0,0,-1
462,4,485,7,582,233,-1,0,0,-1
463,1,1,481,688,260,-1,0,0,-1
463,2,1099,1098,522,350,-1,0,0,-1
463,3,24,5,1375,659,-1,0,0,-1
463,4,489,7,585,231,-1,0,0,-1
464,1,1,481,688,260,-1,0,0,-1
464,2,1099,1098,522,350,-1,0,0,-1
464,3,24,5,1375,659,-1,0,0,-1
464,4,494,7,581,229,-1,0,0,-1
465,1,1,481,688,260,-1,0,0,-1
465,2,1099,1098,522,350,-1,0,0,-1
465,3,24,-1,1375,665,-1,0,0,-1
465,4,494,7,582,227,-1,0,0,-1
466,1,1,481,688,260,-1,0,0,-1
466,2,1099,1098,522,350,-1,0,0,-1
466,3,24,0,1375,664,-1,0,0,-1
466,4,499,7,581,223,-1,0,0,-1
467,1,1,481,688,260,-1,0,0,-1
467,2,1099,1098,522,350,-1,0,0,-1
467,3,24,0,1375,664,-1,0,0,-1
467,4,501,7,585,225,-1,0,0,-1
468,1,1,481,688,260,-1,0,0,-1
468,2,1099,1098,522,350,-1,0,0,-1
468,3,24,0,1375,664,-1,0,0,-1
468,4,507,7,579,225,-1,0,0,-1
469,1,1,481,688,260,-1,0,0,-1
469,2,1099,1098,522,350,-1,0,0,-1
469,3,24,0,1375,664,-1,0,0,-1
469,4,509,7,581,225,-1,0,0,-1
470,1,1,481,688,260,-1,0,0,-1
470,2,1099,1098,522,350,-1,0,0,-1
470,3,24,0,1375,664,-1,0,0,-1
470,4,509,7,581,227,-1,0,0,-1
471,1,1,481,688,260,-1,0,0,-1
471,2,1099,1098,522,350,-1,0,0,-1
471,3,24,0,1375,664,-1,0,0,-1
471,4,515,7,576,227,-1,0,0,-1
472,1,1,481,688,260,-1,0,0,-1
472,2,1099,1098,522,350,-1,0,0,-1
472,3,24,0,1375,664,-1,0,0,-1
472,4,519,7,576,224,-1,0,0,-1
473,1,1,481,688,260,-1,0,0,-1
473,2,1099,1098,522,350,-1,0,0,-1
473,3,24,0,1375,664,-1,0,0,-1
473,4,523,3,572,227,-1,0,0,-1
474,1,1,481,688,260,-1,0,0,-1
474,2,1099,1098,522,350,-1,0,0,-1
474,3,24,0,1375,664,-1,0,0,-1
474,4,523,3,573,226,-1,0,0,-1
475,1,1,481,688,260,-1,0,0,-1
475,2,1099,1098,522,350,-1,0,0,-1
475,3,24,0,1375,664,-1,0,0,-1
475,4,531,-5,572,243,-1,0,0,-1
476,1,1,481,688,260,-1,0,0,-1
476,2,1099,1098,522,350,-1,0,0,-1
476,3,24,0,1375,664,-1,0,0,-1
476,4,532,2,576,231,-1,0,0,-1
477,1,1,481,688,260,-1,0,0,-1
477,2,1099,1098,522,350,-1,0,0,-1
477,3,24,0,1375,664,-1,0,0,-1
477,4,532,2,581,226,-1,0,0,-1
478,1,1,481,688,260,-1,0,0,-1
478,2,1099,1098,522,350,-1,0,0,-1
478,3,24,0,1375,664,-1,0,0,-1
478,4,538,2,581,235,-1,0,0,-1
479,1,1,481,688,260,-1,0,0,-1
479,2,1099,1098,522,350,-1,0,0,-1
479,3,24,0,1375,664,-1,0,0,-1
479,4,543,2,579,232,-1,0,0,-1
480,1,1,481,688,260,-1,0,0,-1
480,2,1099,1098,522,350,-1,0,0,-1
480,3,24,0,1375,664,-1,0,0,-1
480,4,547,2,579,229,-1,0,0,-1
481,1,1,481,688,260,-1,0,0,-1
481,2,1099,1098,522,350,-1,0,0,-1
481,3,24,0,1375,664,-1,0,0,-1
481,4,547,2,579,223,-1,0,0,-1
482,1,1,481,688,260,-1,0,0,-1
482,2,1099,1098,522,350,-1,0,0,-1
482,3,24,0,1375,664,-1,0,0,-1
482,4,547,2,579,232,-1,0,0,-1
483,1,1,481,688,260,-1,0,0,-1
483,2,1099,1098,522,350,-1,0,0,-1
483,3,24,0,1375,664,-1,0,0,-1
483,4,552,2,574,224,-1,0,0,-1
484,1,1,481,688,260,-1,0,0,-1
484,2,1099,1098,522,350,-1,0,0,-1
484,3,24,0,1375,664,-1,0,0,-1
484,4,552,2,576,232,-1,0,0,-1
485,1,1,481,688,260,-1,0,0,-1
485,2,1099,1098,522,350,-1,0,0,-1
485,3,24,0,1375,664,-1,0,0,-1
485,4,552,2,581,228,-1,0,0,-1
486,1,1,481,688,260,-1,0,0,-1
486,2,1099,1098,522,350,-1,0,0,-1
486,3,24,0,1375,664,-1,0,0,-1
486,4,552,2,583,232,-1,0,0,-1
487,1,1,481,688,260,-1,0,0,-1
487,2,1099,1098,522,350,-1,0,0,-1
487,3,24,0,1375,664,-1,0,0,-1
487,4,552,2,588,236,-1,0,0,-1
488,1,1,481,688,260,-1,0,0,-1
488,2,1099,1098,522,350,-1,0,0,-1
488,3,24,0,1375,664,-1,0,0,-1
488,4,552,2,588,226,-1,0,0,-1
489,1,1,481,688,260,-1,0,0,-1
489,2,1099,1098,522,350,-1,0,0,-1
489,3,24,0,1375,664,-1,0,0,-1
489,4,556,2,584,227,-1,0,0,-1
490,1,1,481,688,260,-1,0,0,-1
490,2,1099,1098,522,350,-1,0,0,-1
490,3,24,0,1375,664,-1,0,0,-1
490,4,566,2,580,227,-1,0,0,-1
491,1,1,481,688,260,-1,0,0,-1
491,2,1099,1098,522,350,-1,0,0,-1
491,3,24,0,1375,664,-1,0,0,-1
491,4,566,2,583,230,-1,0,0,-1
492,1,1,481,688,260,-1,0,0,-1
492,2,1099,1098,522,350,-1,0,0,-1
492,3,24,0,1375,664,-1,0,0,-1
492,4,577,2,572,233,-1,0,0,-1
493,1,1,481,688,260,-1,0,0,-1
493,2,1099,1098,522,350,-1,0,0,-1
493,3,24,0,1375,664,-1,0,0,-1
493,4,585,2,570,229,-1,0,0,-1
494,1,1,481,688,260,-1,0,0,-1
494,2,1099,1098,522,350,-1,0,0,-1
494,3,24,0,1375,664,-1,0,0,-1
494,4,585,2,576,227,-1,0,0,-1
495,1,1,481,688,260,-1,0,0,-1
495,2,1099,1098,522,350,-1,0,0,-1
495,3,24,0,1375,664,-1,0,0,-1
495,4,593,0,568,223,-1,0,0,-1
496,1,1,481,688,260,-1,0,0,-1
496,2,1099,1098,522,350,-1,0,0,-1
496,3,24,0,1375,664,-1,0,0,-1
496,4,594,0,567,232,-1,0,0,-1
497,1,1,481,688,260,-1,0,0,-1
497,2,1099,1098,522,350,-1,0,0,-1
497,3,24,0,1375,664,-1,0,0,-1
497,4,598,0,567,237,-1,0,0,-1
498,1,1,481,688,260,-1,0,0,-1
498,2,1099,1098,522,350,-1,0,0,-1
498,3,24,0,1375,664,-1,0,0,-1
498,4,600,0,568,219,-1,0,0,-1
499,1,1,481,688,260,-1,0,0,-1
499,2,1099,1098,522,350,-1,0,0,-1
499,3,24,0,1375,664,-1,0,0,-1
499,4,600,0,568,218,-1,0,0,-1
500,1,1,481,688,260,-1,0,0,-1
500,2,1099,1098,522,350,-1,0,0,-1
500,3,24,0,1375,664,-1,0,0,-1
500,4,600,0,568,219,-1,0,0,-1
501,1,1,481,688,260,-1,0,0,-1
501,2,1099,1098,522,350,-1,0,0,-1
501,3,24,0,1375,664,-1,0,0,-1
501,4,605,0,571,225,-1,0,0,-1
502,1,1,481,688,260,-1,0,0,-1
502,2,1099,1098,522,350,-1,0,0,-1
502,3,24,0,1375,664,-1,0,0,-1
502,4,622,0,553,222,-1,0,0,-1
503,1,1,481,688,260,-1,0,0,-1
503,2,1099,1098,522,350,-1,0,0,-1
503,3,24,0,1375,664,-1,0,0,-1
503,4,622,0,554,293,-1,0,0,-1
504,1,1,481,688,260,-1,0,0,-1
504,2,1099,1098,522,350,-1,0,0,-1
504,3,24,0,1375,664,-1,0,0,-1
504,4,622,0,561,220,-1,0,0,-1
505,1,1,481,688,260,-1,0,0,-1
505,2,1099,1098,522,350,-1,0,0,-1
505,3,24,0,1375,664,-1,0,0,-1
505,4,635,0,548,220,-1,0,0,-1
506,1,1,481,688,260,-1,0,0,-1
506,2,1099,1098,522,350,-1,0,0,-1
506,3,24,0,1375,664,-1,0,0,-1
506,4,639,0,544,220,-1,0,0,-1
507,1,1,481,688,260,-1,0,0,-1
507,2,1099,1098,522,350,-1,0,0,-1
507,3,24,0,1375,664,-1,0,0,-1
507,4,646,0,543,220,-1,0,0,-1
508,1,1,481,688,260,-1,0,0,-1
508,2,1099,1098,522,350,-1,0,0,-1
508,3,24,0,1375,664,-1,0,0,-1
508,4,657,0,538,220,-1,0,0,-1
509,1,1,481,688,260,-1,0,0,-1
509,2,1099,1098,522,350,-1,0,0,-1
509,3,24,0,1375,664,-1,0,0,-1
509,4,657,0,538,220,-1,0,0,-1
510,1,1,481,688,260,-1,0,0,-1
510,2,1099,1098,522,350,-1,0,0,-1
510,3,24,0,1375,664,-1,0,0,-1
510,4,657,0,538,220,-1,0,0,-1
511,1,1,481,688,260,-1,0,0,-1
511,2,1099,1098,522,350,-1,0,0,-1
511,3,24,0,1375,664,-1,0,0,-1
511,4,660,-1,537,221,-1,0,0,-1
512,1,1,481,688,260,-1,0,0,-1
512,2,1099,1098,522,350,-1,0,0,-1
512,3,24,0,1375,664,-1,0,0,-1
512,4,661,0,537,220,-1,0,0,-1
513,1,1,481,688,260,-1,0,0,-1
513,2,1099,1098,522,350,-1,0,0,-1
513,3,24,0,1375,664,-1,0,0,-1
513,4,660,0,537,220,-1,0,0,-1
514,1,1,481,688,260,-1,0,0,-1
514,2,1099,1098,522,350,-1,0,0,-1
514,3,24,0,1375,664,-1,0,0,-1
514,4,664,0,541,220,-1,0,0,-1
515,1,1,481,688,260,-1,0,0,-1
515,2,1099,1098,522,350,-1,0,0,-1
515,3,24,0,1375,664,-1,0,0,-1
515,4,664,0,541,220,-1,0,0,-1
516,1,1,481,688,260,-1,0,0,-1
516,2,1099,1098,522,350,-1,0,0,-1
516,3,24,0,1375,664,-1,0,0,-1
516,4,664,0,541,220,-1,0,0,-1
517,1,1,481,688,260,-1,0,0,-1
517,2,1099,1098,522,350,-1,0,0,-1
517,3,24,0,1375,664,-1,0,0,-1
517,4,673,0,535,220,-1,0,0,-1
518,1,1,481,688,260,-1,0,0,-1
518,2,1099,1098,522,350,-1,0,0,-1
518,3,24,0,1375,664,-1,0,0,-1
518,4,673,0,535,220,-1,0,0,-1
519,1,1,481,688,260,-1,0,0,-1
519,2,1099,1098,522,350,-1,0,0,-1
519,3,24,0,1375,664,-1,0,0,-1
519,4,673,0,535,220,-1,0,0,-1
520,1,1,481,688,260,-1,0,0,-1
520,2,1099,1098,522,350,-1,0,0,-1
520,3,24,0,1375,664,-1,0,0,-1
520,4,674,0,546,220,-1,0,0,-1
521,1,1,481,688,260,-1,0,0,-1
521,2,1099,1098,522,350,-1,0,0,-1
521,3,24,0,1375,664,-1,0,0,-1
521,4,680,0,540,220,-1,0,0,-1
522,1,1,481,688,260,-1,0,0,-1
522,2,1099,1098,522,350,-1,0,0,-1
522,3,24,0,1375,664,-1,0,0,-1
522,4,680,0,540,220,-1,0,0,-1
523,1,1,481,688,260,-1,0,0,-1
523,2,1099,1098,522,350,-1,0,0,-1
523,3,24,0,1375,664,-1,0,0,-1
523,4,681,0,541,220,-1,0,0,-1
524,1,1,481,688,260,-1,0,0,-1
524,2,1099,1098,522,350,-1,0,0,-1
524,3,24,0,1375,664,-1,0,0,-1
524,4,683,-1,544,222,-1,0,0,-1
525,1,1,481,688,260,-1,0,0,-1
525,2,1099,1098,522,350,-1,0,0,-1
525,3,24,0,1375,664,-1,0,0,-1
525,4,683,0,545,221,-1,0,0,-1
526,1,1,481,688,260,-1,0,0,-1
526,2,1099,1098,522,350,-1,0,0,-1
526,3,24,0,1375,664,-1,0,0,-1
526,4,688,0,539,221,-1,0,0,-1
527,1,1,481,688,260,-1,0,0,-1
527,2,1099,1098,522,350,-1,0,0,-1
527,3,24,0,1375,664,-1,0,0,-1
527,4,688,0,539,221,-1,0,0,-1
528,1,1,481,688,260,-1,0,0,-1
528,2,1099,1098,522,350,-1,0,0,-1
528,3,24,0,1375,664,-1,0,0,-1
528,4,688,0,539,221,-1,0,0,-1
529,1,1,481,688,260,-1,0,0,-1
529,2,1099,1098,522,350,-1,0,0,-1
529,3,24,0,1375,664,-1,0,0,-1
529,4,693,0,545,221,-1,0,0,-1
530,1,1,481,688,260,-1,0,0,-1
530,2,1099,1098,522,350,-1,0,0,-1
530,3,24,0,1375,664,-1,0,0,-1
530,4,693,0,545,221,-1,0,0,-1
531,1,1,481,688,260,-1,0,0,-1
531,2,1099,1098,522,350,-1,0,0,-1
531,3,24,0,1375,664,-1,0,0,-1
531,4,693,0,545,221,-1,0,0,-1
532,1,1,481,688,260,-1,0,0,-1
532,2,1099,1098,522,350,-1,0,0,-1
532,3,24,0,1375,664,-1,0,0,-1
532,4,697,-1,549,223,-1,0,0,-1
533,1,1,481,688,260,-1,0,0,-1
533,2,1099,1098,522,350,-1,0,0,-1
533,3,24,0,1375,664,-1,0,0,-1
533,4,697,0,550,222,-1,0,0,-1
534,1,1,481,688,260,-1,0,0,-1
534,2,1099,1098,522,350,-1,0,0,-1
534,3,24,0,1375,664,-1,0,0,-1
534,4,706,0,548,222,-1,0,0,-1
535,1,1,481,688,260,-1,0,0,-1
535,2,1099,1098,522,350,-1,0,0,-1
535,3,24,0,1375,664,-1,0,0,-1
535,4,706,0,549,222,-1,0,0,-1
536,1,1,481,688,260,-1,0,0,-1
536,2,1099,1098,522,350,-1,0,0,-1
536,3,24,0,1375,664,-1,0,0,-1
536,4,706,0,549,222,-1,0,0,-1
537,1,1,481,688,260,-1,0,0,-1
537,2,1099,1098,522,350,-1,0,0,-1
537,3,24,0,1375,664,-1,0,0,-1
537,4,714,0,540,222,-1,0,0,-1
538,1,1,481,688,260,-1,0,0,-1
538,2,1099,1098,522,350,-1,0,0,-1
538,3,24,0,1375,664,-1,0,0,-1
538,4,714,0,540,222,-1,0,0,-1
539,1,1,481,688,260,-1,0,0,-1
539,2,1099,1098,522,350,-1,0,0,-1
539,3,24,0,1375,664,-1,0,0,-1
539,4,725,0,538,222,-1,0,0,-1
540,1,1,481,688,260,-1,0,0,-1
540,2,1099,1098,522,350,-1,0,0,-1
540,3,24,0,1375,664,-1,0,0,-1
540,4,725,0,538,222,-1,0,0,-1
541,1,1,481,688,260,-1,0,0,-1
541,2,1099,1098,522,350,-1,0,0,-1
541,3,24,0,1375,664,-1,0,0,-1
541,4,725,-1,542,224,-1,0,0,-1
542,1,1,481,688,260,-1,0,0,-1
542,2,1099,1098,522,350,-1,0,0,-1
542,3,24,0,1375,664,-1,0,0,-1
542,4,733,0,530,222,-1,0,0,-1
543,1,1,481,688,260,-1,0,0,-1
543,2,1099,1098,522,350,-1,0,0,-1
543,3,24,0,1375,664,-1,0,0,-1
543,4,738,0,525,222,-1,0,0,-1
544,1,1,481,688,260,-1,0,0,-1
544,2,1099,1098,522,350,-1,0,0,-1
544,3,24,0,1375,664,-1,0,0,-1
544,4,738,0,529,222,-1,0,0,-1
545,1,1,481,688,260,-1,0,0,-1
545,2,1099,1098,522,350,-1,0,0,-1
545,3,24,0,1375,664,-1,0,0,-1
545,4,738,0,529,222,-1,0,0,-1
546,1,1,481,688,260,-1,0,0,-1
546,2,1099,1098,522,350,-1,0,0,-1
546,3,24,0,1375,664,-1,0,0,-1
546,4,745,0,528,222,-1,0,0,-1
547,1,1,481,688,260,-1,0,0,-1
547,2,1099,1098,522,350,-1,0,0,-1
547,3,24,0,1375,664,-1,0,0,-1
547,4,745,0,529,222,-1,0,0,-1
548,1,1,481,688,260,-1,0,0,-1
548,2,1099,1098,522,350,-1,0,0,-1
548,3,24,0,1375,664,-1,0,0,-1
548,4,745,0,528,222,-1,0,0,-1
549,1,1,481,688,260,-1,0,0,-1
549,2,1099,1098,522,350,-1,0,0,-1
549,3,24,0,1375,664,-1,0,0,-1
549,4,751,0,525,222,-1,0,0,-1
550,1,1,481,688,260,-1,0,0,-1
550,2,1099,1098,522,350,-1,0,0,-1
550,3,24,0,1375,664,-1,0,0,-1
550,4,751,0,525,222,-1,0,0,-1
551,1,1,481,688,260,-1,0,0,-1
551,2,1099,1098,522,350,-1,0,0,-1
551,3,24,0,1375,664,-1,0,0,-1
551,4,751,0,525,222,-1,0,0,-1
552,1,1,481,688,260,-1,0,0,-1
552,2,1099,1098,522,350,-1,0,0,-1
552,3,24,0,1375,664,-1,0,0,-1
552,4,754,0,532,222,-1,0,0,-1
553,1,1,481,688,260,-1,0,0,-1
553,2,1099,1098,522,350,-1,0,0,-1
553,3,24,0,1375,664,-1,0,0,-1
553,4,754,0,532,222,-1,0,0,-1
554,1,1,481,688,260,-1,0,0,-1
554,2,1099,1098,522,350,-1,0,0,-1
554,3,24,0,1375,664,-1,0,0,-1
554,4,766,-1,522,223,-1,0,0,-1
555,1,1,481,688,260,-1,0,0,-1
555,2,1099,1098,522,350,-1,0,0,-1
555,3,24,0,1375,664,-1,0,0,-1
555,4,766,0,522,222,-1,0,0,-1
556,1,1,481,688,260,-1,0,0,-1
556,2,1099,1098,522,350,-1,0,0,-1
556,3,24,0,1375,664,-1,0,0,-1
556,4,766,0,522,222,-1,0,0,-1
557,1,1,481,688,260,-1,0,0,-1
557,2,1099,1098,522,350,-1,0,0,-1
557,3,24,0,1375,664,-1,0,0,-1
557,4,770,0,518,222,-1,0,0,-1
558,1,1,481,688,260,-1,0,0,-1
558,2,1099,1098,522,350,-1,0,0,-1
558,3,24,0,1375,664,-1,0,0,-1
558,4,770,0,518,222,-1,0,0,-1
559,1,1,481,688,260,-1,0,0,-1
559,2,1099,1098,522,350,-1,0,0,-1
559,3,24,0,1375,664,-1,0,0,-1
559,4,774,0,520,222,-1,0,0,-1
560,1,1,481,688,260,-1,0,0,-1
560,2,1099,1098,522,350,-1,0,0,-1
560,3,24,0,1375,664,-1,0,0,-1
560,4,774,0,520,222,-1,0,0,-1
561,1,1,481,688,260,-1,0,0,-1
561,2,1099,1098,522,350,-1,0,0,-1
561,3,24,0,1375,664,-1,0,0,-1
561,4,775,0,520,222,-1,0,0,-1
562,1,1,481,688,260,-1,0,0,-1
562,2,1099,1098,522,350,-1,0,0,-1
562,3,24,0,1375,664,-1,0,0,-1
562,4,780,0,518,222,-1,0,0,-1
563,1,1,481,688,260,-1,0,0,-1
563,2,1099,1098,522,350,-1,0,0,-1
563,3,24,0,1375,664,-1,0,0,-1
563,4,780,0,518,222,-1,0,0,-1
564,1,1,481,688,260,-1,0,0,-1
564,2,1099,1098,522,350,-1,0,0,-1
564,3,24,0,1375,664,-1,0,0,-1
564,4,786,0,517,222,-1,0,0,-1
565,1,1,481,688,260,-1,0,0,-1
565,2,1099,1098,522,350,-1,0,0,-1
565,3,24,0,1375,664,-1,0,0,-1
565,4,786,0,517,222,-1,0,0,-1
566,1,1,481,688,260,-1,0,0,-1
566,2,1099,1098,522,350,-1,0,0,-1
566,3,24,0,1375,664,-1,0,0,-1
566,4,786,0,517,222,-1,0,0,-1
567,1,1,481,688,260,-1,0,0,-1
567,2,1099,1098,522,350,-1,0,0,-1
567,3,24,0,1375,664,-1,0,0,-1
567,4,794,0,511,222,-1,0,0,-1
568,1,1,481,688,260,-1,0,0,-1
568,2,1099,1098,522,350,-1,0,0,-1
568,3,24,0,1375,664,-1,0,0,-1
568,4,794,0,511,222,-1,0,0,-1
569,1,1,481,688,260,-1,0,0,-1
569,2,1099,1098,522,350,-1,0,0,-1
569,3,24,0,1375,664,-1,0,0,-1
569,4,794,-1,514,223,-1,0,0,-1
570,1,1,481,688,260,-1,0,0,-1
570,2,1099,1098,522,350,-1,0,0,-1
570,3,24,0,1375,664,-1,0,0,-1
570,4,801,-1,508,224,-1,0,0,-1
571,1,1,481,688,260,-1,0,0,-1
571,2,1099,1098,522,350,-1,0,0,-1
571,3,24,0,1375,664,-1,0,0,-1
571,4,801,0,508,223,-1,0,0,-1
572,1,1,481,688,260,-1,0,0,-1
572,2,1099,1098,522,350,-1,0,0,-1
572,3,24,0,1375,664,-1,0,0,-1
572,4,806,0,506,223,-1,0,0,-1
573,1,1,481,688,260,-1,0,0,-1
573,2,1099,1098,522,350,-1,0,0,-1
573,3,24,0,1375,664,-1,0,0,-1
573,4,806,0,507,223,-1,0,0,-1
574,1,1,481,688,260,-1,0,0,-1
574,2,1099,1098,522,350,-1,0,0,-1
574,3,24,0,1375,664,-1,0,0,-1
574,4,806,0,506,223,-1,0,0,-1
575,1,1,481,688,260,-1,0,0,-1
575,2,1099,1098,522,350,-1,0,0,-1
575,3,24,0,1375,664,-1,0,0,-1
575,4,813,0,504,223,-1,0,0,-1
576,1,1,481,688,260,-1,0,0,-1
576,2,1099,1098,522,350,-1,0,0,-1
576,3,24,0,1375,664,-1,0,0,-1
576,4,813,0,505,223,-1,0,0,-1
577,1,1,481,688,260,-1,0,0,-1
577,2,1099,1098,522,350,-1,0,0,-1
577,3,24,0,1375,664,-1,0,0,-1
577,4,813,-1,506,224,-1,0,0,-1
578,1,1,481,688,260,-1,0,0,-1
578,2,1099,1098,522,350,-1,0,0,-1
578,3,24,0,1375,664,-1,0,0,-1
578,4,818,0,500,223,-1,0,0,-1
579,1,1,481,688,260,-1,0,0,-1
579,2,1099,1098,522,350,-1,0,0,-1
579,3,24,0,1375,664,-1,0,0,-1
579,4,818,0,500,223,-1,0,0,-1
580,1,1,481,688,260,-1,0,0,-1
580,2,1099,1098,522,350,-1,0,0,-1
580,3,24,0,1375,664,-1,0,0,-1
580,4,818,0,500,223,-1,0,0,-1
581,1,1,481,688,260,-1,0,0,-1
581,2,1099,1098,522,350,-1,0,0,-1
581,3,24,0,1375,664,-1,0,0,-1
581,4,823,0,501,223,-1,0,0,-1
582,1,1,481,688,260,-1,0,0,-1
582,2,1099,1098,522,350,-1,0,0,-1
582,3,24,0,1375,664,-1,0,0,-1
582,4,823,0,501,223,-1,0,0,-1
